use_cases/Flooding_chicago/flooding_data/output/hUy_3060.asc
ncols 337
nrows 393
xllcorner 428428.000000
yllcorner 4602440.000000
cellsize 26.757400
NODATA_value -9999.000000
[rows 182 to 207 of 393, columns 232 to 289 of 337]
0.055019 1.235650 -0.113613 -0.029979 -1.105736 -2.945194 -4.456346 -0.381454 -0.012164 -0.009541 -0.003154 -0.000275 -0.000247 -0.000331 -0.000006 0.083544 0.936787 0.940648 0.061799 -0.107444 0.710437 0.639071 0.309110 0.079039 -0.299295 -0.001693 -0.004227 1.763358 1.422528 1.297574 1.155611 1.366743 1.110292 0.587042 0.474654 0.424430 0.128952 -0.041546 -0.378168 0.838141 2.624980 3.964446 4.313457 4.075027 3.711063 3.633494 2.293876 2.980117 1.681216 0.026358 0.327363 0.099037 -0.110396 0.124545 0.029257 0.383836 -9999.000000 -9999.000000
0.012611 0.032526 0.071597 0.086922 0.058505 -1.881859 -6.481563 -2.124990 -0.187730 -0.092470 -0.057239 -0.008696 -0.000554 -0.006855 -0.009554 1.128463 1.847484 1.057574 0.128770 -0.093298 0.533420 0.352170 -0.010876 -0.258566 -0.421574 -0.177760 1.437035 1.863333 1.437206 1.196237 1.143006 1.185851 0.629100 0.261739 0.200708 0.052342 0.025608 0.051886 -0.316481 0.772869 2.645414 3.815149 4.236756 5.156086 4.218735 4.289904 2.708297 2.281708 1.004154 -0.118283 0.051136 0.141287 0.507479 -0.049173 -0.433278 0.464612 -9999.000000 -9999.000000
0.001048 0.024636 0.017731 0.047273 0.016776 -0.041291 -3.932293 -3.617290 -2.481159 -0.897875 -0.557741 -1.306779 -0.012413 -0.024074 0.168292 1.989859 2.002526 0.977787 0.374965 0.047590 0.106296 0.193365 -0.072990 -0.227134 -0.573812 0.625016 1.889783 1.855668 1.337046 0.995072 1.327406 0.922212 -0.019865 -0.210175 -0.300157 -0.494669 -0.043966 0.017803 0.114800 1.267617 2.880962 3.994245 4.785788 5.196413 4.640858 5.115639 0.649813 0.592316 0.870176 0.203063 0.252884 0.171387 0.539185 -0.237000 -0.521521 0.582595 0.051366 -9999.000000
0.000739 0.005483 0.008675 0.019567 0.004386 0.016104 -0.105516 -2.859104 -2.144113 -1.244880 -0.574440 -1.423786 -0.484316 -0.400304 0.811591 1.818891 1.682342 0.758470 0.242142 -0.013566 -0.047973 -0.086743 -0.066653 -0.022507 1.383645 3.429624 2.659609 2.523761 0.905047 0.643055 0.579150 0.225824 -0.293782 -1.265550 -1.097504 -1.370545 -0.683771 -0.011167 0.114559 2.202657 3.505904 4.425984 5.267412 5.722065 4.982162 3.503662 0.096593 0.036679 0.283273 0.204071 0.006748 0.006581 0.310220 0.178260 0.245341 0.108145 0.005306 -9999.000000
0.000003 0.000222 0.000103 0.000473 0.003048 0.001666 0.000432 -0.755397 -0.867260 -0.778548 -0.313781 -0.921972 -0.427027 -0.378413 1.403089 1.504376 1.273263 0.234410 -0.651424 -0.132498 -0.134398 -0.089053 0.030947 0.544267 4.737590 5.468643 1.625318 1.582826 0.626298 0.473344 0.056952 -0.039442 -0.232146 -1.048047 -0.927797 -1.138693 -0.918089 0.116211 0.913793 2.235621 2.624470 3.597183 5.351180 4.560177 3.393797 3.150741 0.343610 0.000000 0.079846 0.092255 0.000000 0.000000 0.176086 0.000610 0.008881 0.001252 0.001216 0.000738
-0.009114 -0.000222 -0.000103 0.000877 0.004667 -0.000074 -0.000248 -0.279418 -0.467710 0.085716 0.191552 0.152410 0.052902 0.093709 0.964041 1.344271 0.663622 -0.258835 -1.253526 -0.778434 -0.205910 -0.099268 0.957371 2.634429 4.823072 1.761271 0.069169 0.068084 0.028263 0.466200 0.034462 -0.044095 -0.065156 -0.655388 -0.379514 -0.521831 -0.168593 0.714384 1.443349 1.751015 2.171919 3.270470 4.916211 4.111040 3.776616 2.620460 0.456505 0.011542 0.137524 0.242754 -0.104440 -0.122010 0.054334 -0.000083 0.000000 -0.000873 -0.000027 0.000822
0.267035 -0.008865 -0.002533 0.001491 0.030174 0.028709 0.009722 -0.233293 -0.334272 0.420899 0.505860 0.290016 0.612108 0.790256 1.127641 1.265872 0.866729 -0.314458 -1.383466 -1.620754 -0.729451 1.039177 1.994291 3.079919 2.049836 0.001279 0.000326 0.007204 0.006527 0.008278 0.054184 0.001806 0.001460 -0.072357 0.496016 0.235122 0.722485 0.934238 1.118472 1.486279 1.837103 3.336118 4.848075 4.924558 3.264901 2.428889 0.457826 0.035518 0.094933 0.291776 0.167001 -0.114082 0.017013 -0.113412 -0.003663 -0.130409 -0.001219 0.001063
0.588335 0.001012 0.000992 0.003183 0.015639 0.024110 0.072526 -0.501365 -0.086175 1.700385 1.551605 0.564880 0.912731 0.849643 0.573757 0.690473 1.615451 0.010924 -1.078779 -1.215468 -0.593634 1.016663 1.400073 1.362813 1.264581 -0.168088 -0.000208 -0.000003 0.000190 0.000178 0.000004 0.229494 0.176986 0.510207 0.995349 1.321224 0.951966 0.871400 1.289466 1.541755 1.794244 2.363286 4.291061 3.589000 3.080804 1.431575 0.121191 0.275669 0.059507 0.268671 0.236282 -0.149761 -0.197822 -0.079975 -0.101217 -0.053364 0.006438 0.001582
0.064230 0.011258 0.003149 0.004089 0.001546 0.013956 0.016408 -0.602098 0.229878 1.936066 1.211804 0.437575 0.787040 0.690073 0.877533 0.978930 0.827238 0.739966 -0.537361 -1.096697 0.138046 0.746694 0.572286 0.698695 0.698624 -0.316950 -0.021518 -0.015675 -0.001090 -0.000065 0.200516 0.852220 0.603927 1.360340 1.573817 0.966316 0.778352 0.978969 1.485409 0.977536 1.071546 2.079377 2.547104 3.343936 3.233643 1.222016 0.129736 0.077078 0.092370 0.353950 0.304177 -0.105203 -0.314321 -0.177894 -0.148509 -0.056293 0.008952 0.002120
0.001067 0.000104 0.000222 0.000103 0.000108 0.000377 0.000198 0.104796 1.001774 2.199959 1.696455 0.219857 0.926374 0.637947 1.048490 0.870659 1.590821 0.693751 -0.032725 -0.801785 -0.085924 0.280758 0.086089 0.128997 0.147168 -0.352399 -0.241170 -0.385643 -0.000871 -0.000370 0.359336 1.155051 0.748983 1.517822 1.598353 1.175555 0.998752 1.029362 1.485475 0.865926 0.957235 1.946059 2.228542 3.000026 2.647762 1.287126 0.110883 0.074712 0.244851 0.369760 0.383772 -0.186546 -0.405060 -0.249584 -0.262281 -0.053748 0.000004 0.000064
0.005299 -0.000133 -0.000222 -0.000103 -0.000559 -0.000648 -0.000232 0.904256 1.541782 1.969091 1.336331 0.611212 1.090149 1.063501 0.812610 0.480250 1.248749 0.023747 0.831337 0.047755 0.218479 0.479221 -0.115332 -0.175113 -0.119271 -0.315987 -0.193249 -0.279827 -0.199893 0.059945 1.223067 1.456079 1.017451 1.882936 1.375427 1.293122 0.931913 0.909700 1.074660 0.857085 0.941092 1.972505 1.999344 2.748643 2.351434 0.981188 0.206666 0.183619 0.727700 0.441171 0.204867 -0.330895 -0.630337 -0.437048 -0.462064 -0.078967 -0.147637 -0.002668
0.012377 -0.056236 -0.007035 -0.019271 0.088276 0.665020 0.715155 1.658763 2.155181 1.065461 1.408188 1.427339 1.598483 1.099069 0.327569 0.071711 0.014161 0.004488 0.008445 -0.006670 0.000326 0.010089 -0.092181 0.066741 -0.006454 -0.385690 0.000000 -0.288050 -0.596794 0.381099 1.945332 2.043015 1.179597 1.339075 1.702489 1.196753 1.270334 1.082873 0.930771 1.354212 1.405879 1.845868 2.602921 2.424846 2.255203 0.579333 0.210209 0.284581 0.731552 0.492674 -0.003172 -0.477411 -0.833418 -0.765077 -0.735225 -0.463885 -0.933670 -0.445109
0.477158 0.346889 0.639431 0.727709 0.751806 0.698908 1.062670 1.256049 1.426249 0.995200 1.494667 0.294853 0.287090 0.154385 0.115519 0.027232 0.000360 0.000360 0.000130 -0.020423 -0.000208 -0.000003 0.007992 0.003667 -0.000424 -0.330271 -0.141614 -0.116015 0.636654 0.904833 2.596607 2.270209 1.550052 1.203216 1.364054 1.587358 1.618585 1.260595 1.141122 1.638519 1.381499 1.697770 3.097397 2.436996 1.930418 0.450599 0.349528 0.445830 0.637368 0.238360 0.043429 -0.335729 -0.525099 -0.736177 -0.425659 -0.211913 -1.180338 -0.850611
1.401615 1.577180 1.253409 1.263654 1.191268 0.668508 0.660146 0.658825 0.405769 1.046061 0.686486 0.138887 0.100154 0.010440 0.018137 0.020474 -0.000360 -0.000360 -0.000130 -0.014415 -0.046871 -0.046524 0.005632 0.005989 -0.035468 -0.110293 0.069813 0.934532 1.820659 1.199155 2.664502 1.466284 0.783618 1.046511 1.312088 1.300269 1.023300 1.420106 1.699990 1.624770 1.567888 1.892450 2.823556 1.520911 0.615560 0.713990 0.378795 0.442466 0.258599 0.156197 0.005298 0.348020 0.113275 -0.266339 -0.047070 0.148031 0.222814 0.174719
2.583017 2.191443 1.301653 1.324966 0.735073 0.019768 0.016040 0.011994 0.013284 0.220729 0.222076 0.333010 0.025301 0.000000 0.000000 0.000301 -0.001201 -0.014229 -0.002008 0.055069 -0.321496 0.597390 0.215333 0.749760 1.214508 2.046964 1.526749 1.432459 1.525555 1.603703 1.968303 0.252959 0.222413 1.130476 1.344039 1.230429 0.999117 2.306114 1.972081 1.330899 1.622987 1.245573 1.357044 0.318643 0.614480 0.781023 0.415289 0.445404 0.025955 0.000208 0.000003 0.859361 0.720212 0.213310 0.326844 0.429068 0.628383 0.875208
2.520141 1.695763 0.821352 0.020616 0.008910 0.000391 0.000175 0.000068 0.000088 0.067541 0.085592 0.256937 0.021925 -0.000436 -0.003792 -0.000453 -0.001108 -0.031292 -0.004711 0.185408 1.173616 1.967688 0.924519 1.595571 1.451895 1.878480 1.154159 0.536407 0.365807 0.115138 0.037039 -0.053031 0.210459 2.158334 2.049675 1.645936 1.300081 2.186745 1.678314 1.183127 0.805588 1.005247 1.075808 0.266924 0.302716 0.611545 0.365991 0.249683 0.019107 -0.000326 -0.010800 1.833928 0.780971 0.671568 0.827636 0.611823 0.822560 0.884170
2.130180 0.780967 0.000772 0.000323 0.000418 -0.000121 -0.000142 -0.000065 -0.000086 0.134413 0.152986 0.094997 0.039513 0.001516 -0.003128 -0.016015 -0.040800 -0.011990 -0.028947 1.898675 1.855677 2.365440 1.982695 1.706495 1.250040 1.906626 0.623905 0.033285 0.004521 -0.041955 -0.030665 -0.168324 1.155118 2.816364 2.056669 1.770030 1.350534 1.914630 1.336103 0.771369 0.587711 0.775496 0.824912 0.228366 0.303322 0.855796 0.178170 0.002183 -0.021913 0.007262 0.252110 1.821833 0.814311 1.079781 1.033369 0.534514 0.570900 0.580640
0.997468 0.144608 -0.000088 -0.000405 -0.000586 -0.008838 -0.005341 -0.010036 -0.013432 0.403710 0.254897 0.099321 0.031036 -0.027893 -0.055996 -0.077000 0.219743 0.368251 0.813162 2.005495 1.131444 1.199377 0.577607 0.300640 1.374483 1.423379 0.702618 0.029441 0.017552 -0.027497 -0.081327 -0.217061 1.637945 3.412211 3.454370 2.257337 1.538183 1.675500 0.735897 0.445335 0.390456 0.538988 0.629917 0.313340 0.553378 0.351443 0.004655 0.005182 0.002217 0.061436 0.743763 1.997633 1.341086 1.237486 0.818222 0.465694 -0.003120 -0.009865
0.733947 -0.221220 -0.001214 -0.007010 -0.008057 -0.014782 -0.213653 -0.129430 0.291657 0.523929 0.128471 0.073517 0.000000 -0.016869 -0.115602 -0.024343 0.525404 0.650606 1.164758 0.755087 1.366299 1.502558 0.000360 0.000360 0.516250 2.015253 0.172534 0.039209 0.084625 0.148909 0.066901 -0.066618 1.941411 4.623563 4.042786 2.209172 0.715767 0.771345 0.282939 0.286764 0.167041 0.590249 0.850678 0.272788 0.614242 0.322286 0.006768 0.006044 0.003178 0.183715 1.500313 2.322857 1.474272 1.219358 0.468895 0.262362 -0.299839 -0.229617
0.825170 0.039976 0.193473 -0.195139 -0.014845 -0.003334 0.299592 0.173358 0.322702 0.311198 0.093418 0.101205 0.005401 0.004899 -0.020656 -0.002235 0.768577 0.989264 0.171702 1.328767 0.623984 0.887554 -0.000360 -0.000360 0.729766 1.203692 0.021052 0.013580 0.026774 0.054013 0.041350 0.181241 3.216681 4.887226 3.921726 1.928499 0.569605 0.615764 -0.013737 0.210990 0.183968 0.292795 0.566656 0.197642 0.691269 0.914642 0.199815 0.139153 0.148171 1.380528 2.456858 2.771323 1.354941 0.920356 0.517119 0.063930 -0.025154 -0.218204
0.021225 0.019065 0.027065 -0.170437 -0.161340 -0.042066 0.495127 0.149658 0.325920 0.339121 0.013073 0.007052 -0.015064 -0.001138 0.001407 0.002352 0.448916 0.448367 0.444924 1.636066 0.051127 0.979595 0.628593 0.588017 0.333969 0.910167 0.039257 0.018898 0.006375 0.003688 0.000266 0.191503 3.394923 3.777907 3.748130 0.797556 0.109354 0.045825 -0.076069 0.171576 0.268241 0.112500 0.549751 0.134653 0.630398 1.283061 1.443889 0.777928 0.785066 1.429685 1.717536 1.662628 0.313849 0.208681 0.124929 0.085513 0.107874 0.009768
0.001130 0.007613 0.012791 0.005774 -0.077676 -0.013386 0.514610 0.138377 0.013258 0.023394 0.006420 0.000764 -0.025542 -0.043200 -0.004681 0.004472 0.667125 0.638017 2.381899 1.743116 0.733423 0.779791 0.653439 0.740141 0.342151 0.461149 -0.377576 -0.015604 -0.002176 -0.001184 0.078994 1.607407 4.110617 4.418099 1.832488 0.446710 0.170404 0.000705 -0.083299 0.441604 0.503234 0.006505 0.013825 0.011878 0.435862 1.372209 1.250058 1.050533 1.028781 1.408757 1.378412 1.188574 0.221240 0.000686 0.119935 0.078793 0.000904 -0.003963
-0.000994 0.000000 0.000065 0.000065 -0.026888 0.012139 0.105311 0.001085 0.000990 0.000992 0.000000 0.000025 -0.005533 -0.612180 0.068648 0.344534 0.739999 1.667003 2.300044 0.347236 0.572433 0.520469 0.584424 0.778220 0.006338 0.184428 -0.524936 -0.024412 -0.008032 0.252535 0.885625 1.751009 3.108644 2.545486 2.060154 0.702795 0.163480 0.001459 0.032374 0.022209 0.050850 0.010262 0.000765 0.000781 0.427622 1.521449 1.677887 1.397597 1.356936 1.489168 1.139659 0.871910 0.080578 -0.052464 0.034720 0.000347 0.000742 0.000347
-0.009921 -0.005378 -0.000556 -0.000123 -0.005834 -0.006224 0.000234 -0.000186 -0.001032 -0.001271 -0.011136 -0.000950 0.000369 0.014627 0.414739 1.173155 1.425859 1.563092 1.658990 0.001205 0.324638 0.591083 0.477324 0.462466 0.005086 -0.014024 -0.376686 -0.015152 -0.005316 0.126517 1.144285 2.080719 3.441996 1.141959 1.130821 1.120206 0.001463 0.001060 0.008990 0.001515 0.020684 0.001936 0.000440 0.000731 0.671388 0.724950 2.078201 1.638647 1.623090 1.673232 1.089359 0.203262 0.052328 -0.117647 -0.122321 -0.000439 -0.001073 -0.000439
-0.021498 -0.014179 -0.004645 -0.000680 -0.000752 -0.053394 -0.000524 -0.001162 -0.021201 -0.017783 -0.028078 -0.010237 -0.000619 0.072616 0.940291 1.121342 1.642653 0.653916 1.087173 0.357973 0.453818 0.336040 0.622033 0.504878 0.173184 -0.029017 -0.196983 -0.150723 -0.118679 0.071376 0.511644 0.952608 3.217149 1.265567 1.240294 1.222746 0.002415 0.000065 0.000222 0.000374 0.000020 -0.000917 -0.000658 0.000338 0.785108 0.861452 2.463204 1.955804 1.838126 1.986113 0.001222 0.000962 0.000427 -0.145590 -0.145043 -0.117771 -0.092375 -0.021794
0.012646 -0.003643 -0.021078 -0.002229 -0.000127 -0.058567 -0.017257 -0.005446 -0.084168 -0.060329 -0.066650 -0.034906 -0.002457 0.215990 1.384222 1.383112 1.065525 0.533551 1.338023 0.447843 0.393929 0.362337 0.359050 0.350074 0.255846 0.209362 -0.068152 -0.156180 -0.171562 -0.082372 0.354707 0.731780 2.648771 1.975896 1.131412 1.173672 0.009444 -0.000263 -0.000222 -0.000423 -0.005958 -0.013339 0.327505 0.094389 1.262400 1.567572 2.368733 1.052222 2.176927 1.050203 0.000034 -0.000583 -0.000346 -0.083685 -0.097715 -0.165364 -0.222900 -0.018224
