use_cases/Flooding_chicago/flooding_data/output/hUy_2400.asc
ncols 337
nrows 393
xllcorner 428428.000000
yllcorner 4602440.000000
cellsize 26.757400
NODATA_value -9999.000000
[rows 260 to 285 of 393, columns 0 to 57 of 337]
-9999.000000 -9999.000000 -9999.000000 -9999.000000 -9999.000000 -9999.000000 -9999.000000 -9999.000000 -9999.000000 -9999.000000 -9999.000000 -9999.000000 -9999.000000 -9999.000000 -9999.000000 -9999.000000 -9999.000000 -9999.000000 -9999.000000 -9999.000000 -9999.000000 -9999.000000 -9999.000000 -9999.000000 -9999.000000 -9999.000000 -9999.000000 -9999.000000 -9999.000000 0.012762 0.222220 0.567358 0.760222 1.012739 0.585296 0.759547 0.976575 1.427080 0.630737 0.200622 0.098947 0.780588 0.593171 0.151732 -0.053713 -0.359629 -0.040552 0.400570 0.450236 0.008139 -0.101496 -0.229742 -0.348462 -0.275327 0.072845 -0.040331 0.479006 0.282683
-9999.000000 -9999.000000 -9999.000000 -9999.000000 -9999.000000 -9999.000000 -9999.000000 -9999.000000 -9999.000000 -9999.000000 -9999.000000 -9999.000000 -9999.000000 -9999.000000 -9999.000000 -9999.000000 -9999.000000 -9999.000000 -9999.000000 -9999.000000 -9999.000000 -9999.000000 -9999.000000 -9999.000000 -9999.000000 -9999.000000 -9999.000000 -9999.000000 -9999.000000 0.003663 0.011867 0.082322 0.319117 1.391823 1.084044 0.310218 0.947776 1.308888 0.649180 0.321013 0.139257 0.940929 0.781415 0.232092 -0.006687 -0.356104 -0.014480 0.447265 0.526420 0.064299 -0.062016 -0.169618 -0.210798 -0.194040 0.176324 0.030928 0.862677 0.668714
-9999.000000 -9999.000000 -9999.000000 -9999.000000 -9999.000000 -9999.000000 -9999.000000 -9999.000000 -9999.000000 -9999.000000 -9999.000000 -9999.000000 -9999.000000 -9999.000000 -9999.000000 -9999.000000 -9999.000000 -9999.000000 -9999.000000 -9999.000000 -9999.000000 -9999.000000 -9999.000000 -9999.000000 -9999.000000 -9999.000000 -9999.000000 -9999.000000 -9999.000000 0.000000 0.000396 0.001931 0.092158 0.817446 0.652592 0.667057 0.862993 1.346727 0.895035 0.378613 0.312661 0.955008 0.700179 0.339949 0.037372 -0.250462 -0.020671 0.526910 0.503949 0.122838 -0.000682 -0.087869 -0.206808 -0.131673 0.361146 0.034827 0.113283 0.176041
-9999.000000 -9999.000000 -9999.000000 -9999.000000 -9999.000000 -9999.000000 -9999.000000 -9999.000000 -9999.000000 -9999.000000 -9999.000000 -9999.000000 -9999.000000 -9999.000000 -9999.000000 -9999.000000 -9999.000000 -9999.000000 -9999.000000 -9999.000000 -9999.000000 -9999.000000 -9999.000000 -9999.000000 -9999.000000 -9999.000000 -9999.000000 -9999.000000 -9999.000000 -0.000545 0.000498 0.007855 0.021602 0.371383 0.293935 0.566566 0.893104 1.059630 0.747645 0.492830 0.528095 1.150962 0.721455 0.441554 0.070402 -0.343627 -0.040510 0.597846 0.574959 0.138044 0.036987 -0.075868 -0.190862 -0.060193 0.034273 0.043031 0.013770 0.051967
-9999.000000 -9999.000000 -9999.000000 -9999.000000 -9999.000000 -9999.000000 -9999.000000 -9999.000000 -9999.000000 -9999.000000 -9999.000000 -9999.000000 -9999.000000 -9999.000000 -9999.000000 -9999.000000 -9999.000000 -9999.000000 -9999.000000 -9999.000000 -9999.000000 -9999.000000 -9999.000000 -9999.000000 -9999.000000 -9999.000000 -9999.000000 0.002015 0.000844 -0.000548 0.001146 0.008542 0.033806 0.048439 0.034418 0.511784 0.887220 1.202861 0.513596 0.495892 0.582400 1.235879 1.022929 0.734504 0.064224 -0.351845 -0.070915 0.791842 0.759636 0.172411 0.057060 -0.069596 -0.141712 0.101398 0.032030 0.032477 0.022666 0.111291
-9999.000000 -9999.000000 -9999.000000 -9999.000000 -9999.000000 -9999.000000 -9999.000000 -9999.000000 -9999.000000 -9999.000000 -9999.000000 -9999.000000 -9999.000000 -9999.000000 -9999.000000 -9999.000000 -9999.000000 -9999.000000 -9999.000000 -9999.000000 -9999.000000 -9999.000000 -9999.000000 0.000627 0.001204 0.000057 0.059767 0.000989 0.000812 -0.005937 0.000129 0.001934 0.029341 0.066064 0.059137 0.254154 0.844597 1.290684 0.518767 0.283456 0.302079 1.225390 0.980104 0.777533 0.106913 -0.433493 -0.067980 0.842054 0.837689 0.251900 0.249792 0.105154 0.032887 0.307459 0.026978 0.032683 0.044945 0.067452
-9999.000000 -9999.000000 -9999.000000 -9999.000000 -9999.000000 -9999.000000 -9999.000000 -9999.000000 -9999.000000 -9999.000000 -9999.000000 -9999.000000 -9999.000000 -9999.000000 -9999.000000 -9999.000000 -9999.000000 -9999.000000 -9999.000000 -9999.000000 -9999.000000 -9999.000000 0.001230 0.000471 -0.000048 -0.003498 0.063712 0.001148 0.000347 -0.008169 -0.004167 0.001057 0.001383 0.089357 0.085448 0.409305 0.876565 1.351404 0.541516 0.286331 0.280449 1.296036 1.122660 1.020612 0.173066 -0.154426 0.001235 0.013680 0.013973 0.033429 0.837300 0.037962 0.039400 0.602722 0.055057 0.098125 0.047042 0.053908
-9999.000000 -9999.000000 -9999.000000 -9999.000000 -9999.000000 -9999.000000 -9999.000000 -9999.000000 -9999.000000 -9999.000000 -9999.000000 -9999.000000 -9999.000000 -9999.000000 -9999.000000 -9999.000000 -9999.000000 -9999.000000 -9999.000000 -9999.000000 -9999.000000 0.002181 0.000578 -0.000433 -0.000343 -0.007890 0.042432 0.001633 -0.000287 -0.002890 -0.080833 0.002474 0.002195 0.129803 0.135250 0.672211 1.401677 1.634488 0.359483 0.289388 0.272457 1.223977 0.991037 1.251209 0.548642 -0.000739 0.001183 0.007401 0.007897 0.030985 0.050427 0.035897 0.039537 0.247085 0.138355 0.067926 0.060544 0.053393
-9999.000000 -9999.000000 -9999.000000 -9999.000000 -9999.000000 -9999.000000 -9999.000000 -9999.000000 -9999.000000 -9999.000000 -9999.000000 -9999.000000 -9999.000000 -9999.000000 -9999.000000 -9999.000000 -9999.000000 -9999.000000 -9999.000000 -9999.000000 0.007271 0.003101 -0.000721 -0.010497 -0.106099 -0.000942 0.001121 0.002017 -0.000654 -0.147000 0.013067 0.414077 0.307747 0.511039 0.946387 0.912961 1.016590 1.150681 0.021236 0.029099 0.016932 0.537561 1.263952 0.660554 0.688628 -0.000436 0.000000 0.000010 0.000472 0.022325 0.016137 0.009634 0.045070 0.118306 0.117445 0.058036 0.082250 0.047692
-9999.000000 -9999.000000 -9999.000000 -9999.000000 -9999.000000 -9999.000000 -9999.000000 -9999.000000 -9999.000000 -9999.000000 -9999.000000 -9999.000000 -9999.000000 -9999.000000 -9999.000000 -9999.000000 -9999.000000 -9999.000000 -9999.000000 0.000530 0.028945 0.003500 -0.007895 -1.088774 -0.196774 0.191412 0.000154 0.000000 0.000489 -0.109453 0.627480 1.045010 0.666775 0.578259 1.634356 0.189601 0.140605 0.135667 0.031206 0.043667 0.024329 0.604712 0.710962 0.726928 0.773698 0.315688 -0.006020 -0.008443 -0.000221 0.000513 0.001075 0.001286 0.038831 0.050659 0.041085 0.062298 0.107825 0.032728
-9999.000000 -9999.000000 -9999.000000 -9999.000000 -9999.000000 -9999.000000 -9999.000000 -9999.000000 -9999.000000 -9999.000000 -9999.000000 -9999.000000 -9999.000000 -9999.000000 -9999.000000 -9999.000000 -9999.000000 -9999.000000 0.000000 0.000000 0.010490 0.000994 -0.003082 -1.327539 0.098296 0.748724 -0.068342 0.198224 0.001492 -0.006416 1.194274 1.384959 0.681368 0.172463 0.243019 0.008555 0.026524 0.017242 0.028746 0.092623 0.068723 0.035763 0.788319 0.754430 0.810527 0.394369 0.042824 -0.016740 -0.009756 -0.000587 -0.000607 -0.000023 0.000625 0.003591 0.016081 0.068980 0.072000 0.013510
-9999.000000 -9999.000000 -9999.000000 -9999.000000 -9999.000000 -9999.000000 -9999.000000 -9999.000000 -9999.000000 -9999.000000 -9999.000000 -9999.000000 -9999.000000 -9999.000000 -9999.000000 -9999.000000 -9999.000000 -9999.000000 -0.009284 -0.005237 0.000000 0.000088 0.022183 -1.326989 0.139573 0.792390 0.128964 0.414671 0.105654 0.115348 1.313134 1.018666 0.485081 -0.457879 0.191252 0.012823 0.058643 0.002306 0.006220 0.043804 0.029918 0.014243 0.076336 0.569404 0.740281 0.436835 0.204136 0.058172 0.021098 -0.059581 0.032143 0.031502 -0.000491 -0.000728 0.002806 0.030492 0.032041 0.001379
-9999.000000 -9999.000000 -9999.000000 -9999.000000 -9999.000000 -9999.000000 -9999.000000 -9999.000000 -9999.000000 -9999.000000 -9999.000000 -9999.000000 -9999.000000 -9999.000000 -9999.000000 -9999.000000 -9999.000000 -0.002144 -0.036670 -0.013347 -0.001155 -0.000613 0.006894 -0.155609 0.549044 0.991395 0.137476 0.552134 0.029858 0.384339 1.725103 0.803419 0.353281 -0.160163 0.217194 0.011816 0.103957 0.002861 0.015873 0.015013 0.006910 0.032013 0.015091 0.488154 0.981305 0.536182 0.238432 0.204645 0.149110 0.042635 0.086814 0.049883 -0.033388 0.003367 0.000622 0.000222 0.038946 0.000378
-9999.000000 -9999.000000 -9999.000000 -9999.000000 -9999.000000 -9999.000000 -9999.000000 -9999.000000 -9999.000000 -9999.000000 -9999.000000 -9999.000000 -9999.000000 -9999.000000 -9999.000000 -9999.000000 -9999.000000 -0.005326 -0.052786 -0.001391 -0.001019 -0.000876 -0.000025 0.028333 0.028903 0.041821 0.172228 0.569049 0.050435 0.048584 0.039357 0.049123 0.468964 1.643083 0.377086 0.636497 0.198468 0.001750 0.027405 0.029709 0.025246 0.078710 0.050309 0.033932 0.470331 0.321771 0.180827 0.093272 0.133703 0.152634 0.154809 0.049373 -0.012570 0.003063 0.002369 -0.000222 0.027555 0.000833
-9999.000000 -9999.000000 -9999.000000 -9999.000000 -9999.000000 -9999.000000 -9999.000000 -9999.000000 -9999.000000 -9999.000000 -9999.000000 -9999.000000 -9999.000000 -9999.000000 -9999.000000 -9999.000000 -9999.000000 -9999.000000 -0.028248 -0.006231 -0.009369 -0.004856 -0.000023 0.705517 0.289268 0.063616 0.371833 0.248913 0.074949 0.069763 0.036536 0.025565 0.019567 0.053397 0.242903 0.333034 0.337924 0.139391 0.049919 0.045166 0.009309 0.018121 0.025030 0.016736 0.147813 0.360919 0.332484 0.185753 0.189945 0.192218 0.183285 0.016347 0.010331 0.026147 0.005350 0.004470 0.002561 0.002540
-9999.000000 -9999.000000 -9999.000000 -9999.000000 -9999.000000 -9999.000000 -9999.000000 -9999.000000 -9999.000000 -9999.000000 -9999.000000 -9999.000000 -9999.000000 -9999.000000 -9999.000000 -9999.000000 -9999.000000 -9999.000000 -9999.000000 -0.015262 -0.013996 -0.013610 0.002642 0.018684 0.159370 0.170142 0.071396 0.121405 0.074264 0.076666 0.033327 0.004315 0.020543 0.060386 0.080351 0.033118 0.577490 0.252406 0.102261 0.038679 0.000214 0.001201 0.009904 0.007326 0.009143 0.160506 0.201505 0.291783 0.186466 0.265855 0.422890 0.005054 0.002800 0.015897 0.005150 0.001844 0.003201 0.000197
-9999.000000 -9999.000000 -9999.000000 -9999.000000 -9999.000000 -9999.000000 -9999.000000 -9999.000000 -9999.000000 -9999.000000 -9999.000000 -9999.000000 -9999.000000 -9999.000000 -9999.000000 -9999.000000 -9999.000000 -9999.000000 -9999.000000 -9999.000000 -9999.000000 -0.001247 0.000141 0.005208 0.015713 0.036774 0.036136 0.020993 0.228408 0.077400 0.040761 0.000779 0.011608 0.036385 0.061789 0.021397 0.024877 0.228225 0.288508 0.159484 -0.000090 0.000069 0.000360 0.000360 0.000308 0.065042 0.070199 0.343460 0.670425 0.201120 0.580299 0.125363 0.003163 0.000003 0.000069 0.001121 0.000000 -0.002341
-9999.000000 -9999.000000 -9999.000000 -9999.000000 -9999.000000 -9999.000000 -9999.000000 -9999.000000 -9999.000000 -9999.000000 -9999.000000 -9999.000000 -9999.000000 -9999.000000 -9999.000000 -9999.000000 -9999.000000 -9999.000000 -9999.000000 -9999.000000 -9999.000000 -9999.000000 -9999.000000 0.000740 0.002394 0.002011 0.014262 0.011219 0.089654 0.054577 0.109641 0.000698 0.002525 0.002889 0.037275 0.003663 0.006318 0.005349 0.233248 1.628604 0.168674 -0.000315 -0.000360 -0.000360 0.000180 0.140526 0.149509 0.407961 0.240176 0.142959 0.403426 0.099638 0.002805 -0.023144 0.000117 -0.000271 -0.002757 -0.002736
-9999.000000 -9999.000000 -9999.000000 -9999.000000 -9999.000000 -9999.000000 -9999.000000 -9999.000000 -9999.000000 -9999.000000 -9999.000000 -9999.000000 -9999.000000 -9999.000000 -9999.000000 -9999.000000 -9999.000000 -9999.000000 -9999.000000 -9999.000000 -9999.000000 -9999.000000 -9999.000000 -0.000261 -0.000254 0.000042 0.000005 0.000326 0.007224 0.000279 0.133489 -0.000385 0.001458 0.004439 0.003612 0.000000 0.000000 0.000000 0.053602 0.304234 0.072814 0.037394 0.007677 -0.000916 -0.000632 0.197281 0.231739 0.237545 0.000702 0.002315 0.006854 0.012249 0.009633 -0.026439 0.000189 -0.001441 -0.003495 -0.001819
-9999.000000 -9999.000000 -9999.000000 -9999.000000 -9999.000000 -9999.000000 -9999.000000 -9999.000000 -9999.000000 -9999.000000 -9999.000000 -9999.000000 -9999.000000 -9999.000000 -9999.000000 -9999.000000 -9999.000000 -9999.000000 -9999.000000 -9999.000000 -9999.000000 -9999.000000 -9999.000000 -9999.000000 -0.002058 -0.001798 -0.002483 -0.000208 -0.000003 0.000239 0.172965 0.062210 0.000345 0.000507 0.001256 -0.009618 -0.008647 0.041606 0.052855 0.035594 0.023852 0.018132 0.011988 0.003086 0.023592 0.168472 0.239097 0.288386 -0.000425 -0.000568 0.002837 0.013347 0.050993 -0.002735 -0.000637 -0.002215 -0.002306 -0.010636
-9999.000000 -9999.000000 -9999.000000 -9999.000000 -9999.000000 -9999.000000 -9999.000000 -9999.000000 -9999.000000 -9999.000000 -9999.000000 -9999.000000 -9999.000000 -9999.000000 -9999.000000 -9999.000000 -9999.000000 -9999.000000 -9999.000000 -9999.000000 -9999.000000 -9999.000000 -9999.000000 -9999.000000 -9999.000000 -9999.000000 -9999.000000 -0.001505 -0.000908 -0.000027 0.006744 0.065199 0.001147 0.000853 0.001109 -0.022504 0.017018 0.053451 0.059639 0.031563 0.018657 0.014539 0.007260 0.006184 0.028226 0.129711 0.198444 0.252482 0.187611 -0.095535 -0.003622 0.006151 0.012108 -0.002535 -0.009142 -0.009548 -0.012733 -0.032516
-9999.000000 -9999.000000 -9999.000000 -9999.000000 -9999.000000 -9999.000000 -9999.000000 -9999.000000 -9999.000000 -9999.000000 -9999.000000 -9999.000000 -9999.000000 -9999.000000 -9999.000000 -9999.000000 -9999.000000 -9999.000000 -9999.000000 -9999.000000 -9999.000000 -9999.000000 -9999.000000 -9999.000000 -9999.000000 -9999.000000 -9999.000000 -9999.000000 -9999.000000 -9999.000000 0.000000 0.000396 0.000898 0.000935 0.006404 0.054721 0.048274 0.120861 0.115635 0.023203 0.000007 -0.000284 -0.005978 -0.001820 0.000222 0.000235 0.146073 0.227290 0.144026 -0.029785 -0.001272 0.000138 0.000222 -0.004192 -0.023826 -0.039020 -0.039248 -0.010902
-9999.000000 -9999.000000 -9999.000000 -9999.000000 -9999.000000 -9999.000000 -9999.000000 -9999.000000 -9999.000000 -9999.000000 -9999.000000 -9999.000000 -9999.000000 -9999.000000 -9999.000000 -9999.000000 -9999.000000 -9999.000000 -9999.000000 -9999.000000 -9999.000000 -9999.000000 -9999.000000 -9999.000000 -9999.000000 -9999.000000 -9999.000000 -9999.000000 -9999.000000 -9999.000000 -9999.000000 -0.000896 -0.000957 0.000813 0.038148 0.039445 0.020594 0.026010 0.035898 0.003611 -0.010143 -0.008493 -0.012066 -0.011441 -0.000222 -0.000135 0.031790 0.031563 0.140363 0.100806 -0.000346 -0.000134 -0.000222 -0.001640 -0.025576 -0.314472 -0.345847 0.026045
-9999.000000 -9999.000000 -9999.000000 -9999.000000 -9999.000000 -9999.000000 -9999.000000 -9999.000000 -9999.000000 -9999.000000 -9999.000000 -9999.000000 -9999.000000 -9999.000000 -9999.000000 -9999.000000 -9999.000000 -9999.000000 -9999.000000 -9999.000000 -9999.000000 -9999.000000 -9999.000000 -9999.000000 -9999.000000 -9999.000000 -9999.000000 -9999.000000 -9999.000000 -9999.000000 -9999.000000 -9999.000000 -9999.000000 0.001188 0.011753 0.013837 0.009972 0.012729 0.007408 0.001216 -0.004700 -0.005383 0.019679 -0.005038 0.007430 -0.017299 -0.001717 0.007117 0.055943 0.124852 -0.091573 -0.018067 -0.007192 -0.001807 -0.148482 -0.273101 -0.194510 0.053163
-9999.000000 -9999.000000 -9999.000000 -9999.000000 -9999.000000 -9999.000000 -9999.000000 -9999.000000 -9999.000000 -9999.000000 -9999.000000 -9999.000000 -9999.000000 -9999.000000 -9999.000000 -9999.000000 -9999.000000 -9999.000000 -9999.000000 -9999.000000 -9999.000000 -9999.000000 -9999.000000 -9999.000000 -9999.000000 -9999.000000 -9999.000000 -9999.000000 -9999.000000 -9999.000000 -9999.000000 -9999.000000 -9999.000000 0.001066 0.000000 0.000004 0.000172 0.000005 0.000266 0.000295 -0.000380 0.000298 0.172622 0.126651 0.107536 0.049317 0.057217 -0.000360 -0.062037 -0.044818 -0.108409 -0.205534 -0.015146 -0.002566 -0.033394 -0.203430 -0.078482 0.076860
-9999.000000 -9999.000000 -9999.000000 -9999.000000 -9999.000000 -9999.000000 -9999.000000 -9999.000000 -9999.000000 -9999.000000 -9999.000000 -9999.000000 -9999.000000 -9999.000000 -9999.000000 -9999.000000 -9999.000000 -9999.000000 -9999.000000 -9999.000000 -9999.000000 -9999.000000 -9999.000000 -9999.000000 -9999.000000 -9999.000000 -9999.000000 -9999.000000 -9999.000000 -9999.000000 -9999.000000 -9999.000000 -9999.000000 0.000000 -0.009040 -0.009390 -0.000488 -0.009308 -0.000200 0.000351 0.000304 0.003874 0.057937 0.045765 0.034372 0.018468 0.050805 0.111367 -0.026203 -0.096909 -0.132549 -0.197417 -0.185154 -0.001166 -0.000748 -0.018996 -0.002106 0.069695
