use_cases/Flooding_chicago/flooding_data/output/hUy_600.asc
ncols 337
nrows 393
xllcorner 428428.000000
yllcorner 4602440.000000
cellsize 26.757400
NODATA_value -9999.000000
[rows 286 to 311 of 393, columns 58 to 115 of 337]
0.000510 0.000927 -0.493782 -0.528624 -0.130591 -0.148864 -0.246515 -0.298236 0.140551 -0.031168 -0.032519 -0.062077 -0.108614 -0.143744 -0.000228 -0.000632 -0.000840 -0.000877 -0.000569 -0.001870 -0.079022 -0.075550 -0.008710 -0.000208 -0.000003 -0.000017 -0.000000 -0.045836 -0.021922 -0.041272 -0.012556 0.005856 0.022451 0.000360 0.000360 0.000004 0.054915 0.084093 0.068374 0.057862 0.054675 0.035662 0.091984 0.079022 0.031664 0.015250 0.704484 0.029906 0.163322 0.082860 0.007345 -0.046816 -0.000737 -0.138234 0.092316 0.000000 0.390943 -0.628899
-0.000244 0.000093 -0.533512 -0.477465 -0.117473 -0.055260 -0.222274 -0.241288 0.137211 -0.018714 -0.108974 -0.190163 -0.072264 -0.062758 -0.001664 -0.017673 -0.017422 -0.015783 -0.010134 -0.010245 -0.185765 -0.276370 -0.017622 -0.010358 -0.003984 -0.000397 -0.008278 -0.071226 -0.042108 -0.028177 -0.054780 -0.022744 -0.021443 -0.000360 -0.000360 -0.000260 0.101198 0.100464 0.085347 0.070575 0.070821 0.054909 0.046950 0.038132 0.021264 0.009582 0.081403 -0.007578 0.157327 0.060949 0.015075 0.409384 -0.022428 -0.099839 0.001775 0.056815 0.621991 -0.409206
-0.009905 -0.000723 -0.544247 -0.704442 -0.102865 0.147086 -0.240967 -0.159312 0.101670 0.029855 -0.047570 -0.072314 -0.012749 -0.019777 -0.011693 -0.032887 -0.032524 -0.022559 -0.023248 -0.025290 -0.535916 -0.770781 -0.043986 -0.021164 -0.007563 -0.011800 -0.018562 -0.219524 -0.020564 -0.012196 -0.046879 -0.035848 -0.028114 -0.022651 0.036440 0.078000 0.103963 0.081146 0.061191 0.106313 0.069288 0.049849 0.058787 0.062192 0.000360 0.000360 0.004810 -0.035671 0.290612 0.146806 0.015360 0.491154 0.000395 0.000883 0.002454 0.001645 0.450587 -0.291180
-0.035424 -0.239524 -1.200426 -0.661935 0.030518 0.258892 -0.124082 -0.120014 0.085847 0.076388 0.042854 -0.042171 -0.061680 -0.026466 -0.020929 -0.038221 -0.030262 -0.026016 -0.027339 -0.155467 -0.120991 -0.305917 0.164165 -0.033429 -0.028271 -0.022118 -0.280835 -0.159331 -0.005420 -0.014699 -0.030666 -0.023822 0.008713 0.106495 0.055206 0.139024 0.080302 0.053663 0.017114 0.101030 0.311796 0.029662 0.046024 0.043706 -0.000360 -0.000360 0.015367 0.034010 0.396382 0.355155 0.292353 0.638288 -0.000410 -0.000895 0.000000 0.000244 0.098690 -0.051185
-0.006526 -0.368049 -0.686439 -0.284000 0.012833 0.021836 0.000679 0.000972 0.006941 0.170148 0.111536 -0.044300 -0.179614 -0.063193 -0.025805 -0.048586 -0.031534 -0.008052 0.016049 0.042554 -0.089509 -0.000352 0.164416 -0.008517 -0.006527 -0.044261 -0.032756 -0.305317 -0.118339 -0.019886 -0.013732 -0.058400 -0.006527 0.149595 0.001373 0.027436 0.000766 0.000452 -0.001893 0.126584 0.128127 0.019268 0.044805 0.036376 0.272116 0.011267 0.020367 0.008416 0.112123 0.082399 0.071400 0.735952 0.025935 -0.002914 -0.000239 -0.000653 0.047791 -0.018770
-0.003642 -0.405556 -0.660773 -0.001974 -0.000000 -0.000012 -0.000311 0.001227 0.036608 0.031777 0.303273 0.182605 0.095015 -0.028648 -0.187715 -0.129997 -0.007510 -0.003376 0.058963 0.483830 0.000510 0.001040 0.031897 -0.002420 0.045666 0.077779 0.009794 -0.271997 -0.381355 -0.038539 -0.016334 -0.000995 -0.084688 0.001030 0.002301 0.001180 -0.000196 -0.000281 0.006656 0.006565 0.004732 0.001064 0.058450 0.048342 0.047549 0.020639 -0.015413 0.006703 0.002138 0.120589 0.115969 0.690108 0.049287 -0.000048 0.000947 0.000769 0.117222 0.022396
-0.201337 -0.522560 -0.538122 -0.002667 -0.003437 -0.002012 -0.049863 0.001291 0.013518 0.012822 0.058863 0.058281 0.009779 0.002490 0.000728 -0.014139 0.018051 0.027000 0.103719 0.143822 -0.000214 0.001087 0.001422 0.001466 0.062598 0.081982 0.000340 -0.092818 -0.112489 -0.057025 -0.028175 -0.006250 -0.147379 0.000439 0.000457 -0.000348 -0.012095 -0.010675 0.002129 0.006274 0.005355 0.000104 0.078508 0.059758 0.048878 0.032829 -0.035822 -0.003213 -0.001465 0.162678 0.181649 0.783286 0.080797 0.002483 0.001451 0.000360 0.013554 0.197046
-0.133695 -0.296964 -0.408916 -0.226860 -0.002639 -0.001778 -0.062669 0.000310 0.001119 0.002630 0.003154 0.002630 0.001119 0.000505 -0.000215 0.019861 0.036464 0.036803 0.096729 0.000222 -0.025761 0.000461 0.002587 0.018288 0.135014 0.050811 0.000000 -0.070917 -0.070657 -0.041016 -0.021043 -0.013587 -0.353956 -0.000752 -0.001844 -0.000992 -0.014517 -0.011500 -0.103093 0.002195 0.008829 0.209403 0.152402 0.125399 0.107335 0.088744 -0.005830 -0.005092 -0.000435 0.176547 0.252703 0.352507 0.111772 0.002728 0.004609 -0.000156 0.000648 0.057794
0.001089 -0.243217 -0.288383 -0.324172 -0.001599 -0.001238 -0.086206 -0.000197 0.000244 0.001414 0.002183 0.001414 0.000244 -0.000690 -0.063983 0.024043 0.043933 0.029301 0.055978 -0.000222 -0.035380 0.000633 0.003533 0.009399 0.010886 0.093159 -0.000340 -0.028176 -0.208701 -0.146351 -0.007579 -0.000684 -0.402642 -0.001063 -0.001838 -0.007110 -0.008672 -0.080360 -0.005291 0.000489 0.019168 0.028085 0.043194 0.024597 0.020311 0.010900 0.003424 0.001282 0.008738 0.219021 0.282130 0.493602 0.000146 0.002209 0.003394 -0.032113 -0.000166 -0.000124
0.001195 -0.236935 -0.232494 -0.512157 -0.000851 -0.136771 -0.069286 -0.000534 -0.000956 -0.002220 -0.002609 -0.002220 -0.000956 -0.120706 0.172237 0.026984 0.036050 0.005428 0.017867 -0.040741 -0.027891 0.000281 0.000628 0.000400 0.000548 0.004779 0.000222 -0.178923 -0.204875 -0.118099 -0.002471 -0.000103 -0.198584 -0.086895 -0.000907 -0.003130 0.050532 -0.041314 -0.110719 0.004747 0.048952 0.005139 0.017281 0.007250 0.004057 0.000980 0.001693 0.001040 0.000655 0.007634 0.290202 0.641950 -0.000723 -0.014630 0.043434 -0.315622 -0.029038 -0.004924
0.000383 0.000022 0.000001 -0.433925 -0.136723 -0.433622 -0.512007 -0.007655 -0.012304 -0.002146 -0.002937 -0.002146 0.000161 -0.048977 0.262712 0.031245 0.031080 -0.021814 -0.015969 -0.057015 -0.011793 0.000439 -0.000013 -0.000322 -0.000335 -0.000019 0.000989 -0.179207 -0.244285 -0.000032 -0.001147 -0.084351 -0.128749 -0.073343 -0.019717 -0.004640 0.007209 -0.020536 -0.101790 0.004237 0.014521 0.008930 0.001250 0.010201 0.003200 -0.000044 -0.001164 -0.000902 -0.000428 -0.000018 0.020415 0.639035 0.100178 0.199198 0.569542 -0.232990 0.059878 0.000581
-0.000449 -0.047476 -0.081298 -0.210552 -0.561998 -0.005121 -0.270902 -0.094241 -0.058883 0.005967 -0.002186 0.002218 0.006496 -0.020035 0.342843 0.129574 0.118882 -0.040357 -0.042212 -0.051837 0.000552 0.000158 -0.000636 -0.018174 -0.002184 -0.001315 0.012576 -0.151150 -0.184454 -0.080171 -0.097339 -0.578383 -0.058707 -0.044255 -0.014205 -0.022910 -0.053855 0.001491 0.002345 0.001073 0.001716 0.003392 0.002893 0.008626 0.000233 -0.001986 -0.016381 -0.038152 0.131424 0.042075 0.025524 0.549460 0.214583 0.232226 0.446856 -0.171884 0.027952 0.002057
0.004917 0.169436 -0.295178 -0.170494 -0.336682 0.120873 -0.063153 -0.382546 0.025937 0.046407 0.002979 0.008545 0.011284 0.045849 0.018303 0.002187 0.000108 -0.050507 -0.055856 0.000030 0.000549 -0.000359 -0.008411 -0.021817 -0.042033 -0.002305 0.011112 0.007836 0.014126 -0.038594 -0.048224 -0.539475 -0.023993 -0.020250 -0.190501 0.038692 -0.001561 -0.000103 0.002515 0.001571 0.002192 0.003969 0.003336 0.001119 -0.000660 -0.000879 0.014538 0.034882 0.137168 0.000710 0.002285 0.042585 0.036955 0.016396 0.531368 0.041052 0.001182 0.002732
0.019693 0.062074 -0.086518 -0.090535 -0.227845 0.106183 -0.016084 0.045255 0.006420 0.032692 0.002904 0.003697 0.003518 0.012228 0.001039 0.000768 0.003660 -0.060981 -0.068807 -0.020812 -0.000623 -0.000998 -0.020086 -0.115214 -0.062224 -0.062505 0.000681 0.000681 0.000544 0.000235 0.004714 -0.651811 0.000222 -0.004147 -0.091577 0.060035 -0.023176 0.077992 0.001936 0.000336 0.000035 0.000343 0.000222 0.000161 -0.000257 -0.000477 0.075461 0.004675 0.085725 0.000020 0.003968 0.005163 0.003466 0.019210 0.585994 0.108220 0.000237 0.002254
0.002566 0.002148 0.040502 -0.002674 -0.010773 0.001230 0.027785 0.011307 0.001364 0.015382 0.003409 0.002564 0.000767 0.000000 0.000007 0.000408 0.000395 -0.082629 -0.089494 -0.016846 0.000812 -0.000119 0.000195 -0.026453 -0.081729 -0.096883 -0.000000 -0.000000 0.000229 0.000158 0.102733 -0.614269 -0.000222 -0.001176 0.144494 0.039503 -0.147168 0.082072 0.000753 -0.000692 -0.002422 -0.003975 -0.000222 -0.000292 -0.000034 -0.005791 0.149023 0.039637 0.125346 0.234970 0.005779 0.007414 0.005510 0.001541 0.210071 0.187890 -0.000295 0.000222
0.002405 0.001967 0.000583 -0.004025 -0.005427 -0.001503 0.000002 0.000078 -0.000022 0.000000 -0.002421 -0.003279 -0.003282 -0.013347 -0.001101 -0.002565 -0.000956 -0.089913 -0.103867 0.000445 0.000683 0.000542 0.005116 0.001237 -0.093455 -0.097485 -0.000681 -0.000681 -0.000471 -0.000050 0.011392 -0.528716 -0.177370 -0.114964 0.193904 0.017993 -0.239715 0.003035 0.000079 -0.007893 -0.015031 -0.003037 -0.011516 -0.001350 0.000136 0.182422 0.246460 0.316321 0.010046 0.023351 0.008506 0.006957 0.004308 0.000091 0.230003 0.238754 -0.000283 -0.000222
0.001372 -0.001046 -0.000513 -0.052476 -0.059855 0.001871 -0.007632 -0.000197 -0.001184 -0.012148 -0.003717 -0.002925 -0.033896 -0.038713 -0.014935 -0.002921 -0.060712 -0.527693 -0.058980 -0.000507 -0.001762 -0.000804 0.000235 -0.000300 -0.028238 -0.317591 -0.009392 -0.012809 -0.001624 -0.001506 -0.000024 0.001236 -0.097374 0.038743 0.156721 0.015286 -0.297118 0.002348 -0.001733 -0.008330 -0.011275 -0.020513 -0.035017 -0.005408 0.000850 0.067151 0.060090 0.018873 0.000497 0.003385 0.000935 0.000046 0.000002 -0.000493 0.198631 0.216345 0.064134 0.004040
0.000000 -0.000811 -0.006033 -0.140168 -0.006778 0.007092 -0.050666 -0.006484 -0.014974 -0.020316 -0.016216 -0.010970 -0.146306 -0.131116 -0.078617 -0.009266 -0.130439 -0.221659 0.064489 -0.002778 -0.001738 -0.001893 -0.000582 -0.000508 -0.112381 -0.304628 -0.016080 -0.019805 -0.326688 -0.031885 -0.000547 0.001284 0.160149 0.166523 0.088851 0.145735 -0.252803 0.005152 -0.001512 -0.004686 0.013133 -0.151962 -0.176203 -0.001382 0.000034 0.000821 0.010298 0.011223 0.000378 0.001981 -0.000413 -0.034316 -0.017310 0.227817 0.168298 0.201204 0.087786 0.011511
-0.005617 -0.001347 -0.043442 -0.127536 0.038209 0.008385 -0.006854 -0.067187 -0.035337 -0.038360 -0.053700 -0.071819 -0.110226 -0.363582 -0.025964 -0.005781 -0.114105 -0.110963 0.068673 -0.003460 -0.019758 -0.012769 -0.036726 -0.022016 -0.021338 -0.178357 -0.479926 -0.150780 0.091501 0.228581 -0.077128 0.000955 0.036175 0.021424 0.335685 0.512724 0.012501 0.017669 -0.000465 -0.001081 0.040955 -0.088501 -0.125879 -0.044617 -0.004615 -0.000152 0.000000 0.000000 -0.003972 -0.000403 0.425208 -0.004768 -0.037924 0.263485 0.004748 0.016001 0.025628 0.020760
-0.018128 -0.013742 -0.006954 -0.117559 0.010257 -0.006659 -0.017554 -0.051248 -0.171831 -0.077648 -0.019485 -0.031213 -0.079554 0.029850 0.000154 0.000000 0.000740 0.000379 -0.006594 -0.010161 -0.063109 -0.044995 -0.067174 0.108740 0.090687 -0.016650 -0.398357 -0.100067 0.101386 0.091929 -0.208023 0.000677 0.007024 0.007024 0.009222 0.038179 0.016382 0.019801 0.000524 0.002546 0.134346 -0.080864 -0.141960 -0.052537 -0.262450 -0.008480 -0.005878 -0.005878 -0.006146 -0.000662 0.027259 0.081871 0.013840 0.023042 0.007317 0.000020 0.000778 0.022111
-0.002192 -0.048629 -0.011240 -0.112464 -0.015518 -0.023899 -0.036475 -0.031469 0.000408 -0.000979 -0.012635 -0.025451 -0.032279 -0.000031 -0.000758 -0.011116 -0.001094 -0.000416 -0.001504 -0.004123 -0.018231 -0.356487 0.018839 0.268546 0.010648 0.010933 0.003192 -0.057397 0.031502 0.014508 -0.121999 0.000211 0.000681 0.000681 0.000180 0.000003 0.002683 0.000699 0.000749 0.004720 0.013161 0.001712 -0.116683 -0.026220 -0.593052 -0.129534 -0.116315 -0.015108 -0.006733 -0.002562 0.001103 0.015284 0.000326 0.000121 -0.000309 -0.016647 0.000147 0.000664
0.015295 -0.011088 -0.116582 -0.085864 0.019172 -0.025666 -0.032413 -0.000045 -0.000831 -0.001014 -0.070123 -0.086687 -0.014140 -0.018396 -0.017236 -0.020043 -0.025922 -0.007457 -0.001484 -0.004471 -0.008815 0.008775 0.012786 0.035670 0.001309 0.000525 0.006573 0.072125 0.096834 0.038455 -0.065460 0.000126 -0.000000 -0.000000 -0.000164 -0.004557 -0.012569 -0.024249 -0.000459 0.003946 0.000488 0.000650 -0.047939 -0.004144 -0.108330 -0.075818 -0.066739 -0.003524 -0.004641 -0.003718 -0.001901 -0.000003 -0.000208 -0.000106 -0.002780 -0.015788 -0.000705 -0.001004
0.069518 -0.009423 -0.119749 -0.039850 0.082492 -0.011771 -0.085474 -0.009535 -0.001675 -0.007858 -0.118898 -0.141962 -0.009028 -0.035977 -0.024103 -0.104719 -0.016153 -0.035528 -0.000889 -0.012884 -0.012853 0.005435 0.012950 0.001060 0.001304 -0.000195 0.023465 0.017254 0.013454 0.066324 -0.012169 0.000102 -0.000681 -0.000681 -0.000670 -0.005255 -0.018932 -0.013822 -0.000523 -0.000005 -0.000172 -0.000004 -0.000000 -0.000000 -0.053152 -9999.000000 -9999.000000 -9999.000000 -9999.000000 -9999.000000 -9999.000000 -9999.000000 -9999.000000 -9999.000000 -9999.000000 -9999.000000 -9999.000000 -9999.000000
0.005878 -0.002171 -0.128606 -0.018098 0.106505 -0.002249 -0.061706 -0.241019 -0.007908 -0.014308 -0.212108 -0.193681 -0.003100 -0.165821 -0.103445 -0.013658 -0.006380 -0.011758 -0.000506 -0.012836 -0.012387 -0.006422 0.005552 0.001295 0.000658 -0.079631 0.024631 0.022433 0.028046 0.013311 0.010691 0.000000 -0.013110 -0.008293 -9999.000000 -9999.000000 -9999.000000 -9999.000000 -9999.000000 -9999.000000 -9999.000000 -9999.000000 -9999.000000 -9999.000000 -9999.000000 -9999.000000 -9999.000000 -9999.000000 -9999.000000 -9999.000000 -9999.000000 -9999.000000 -9999.000000 -9999.000000 -9999.000000 -9999.000000 -9999.000000 -9999.000000
0.000000 0.001014 0.001418 0.002169 0.007052 -0.000243 -0.235254 -0.102266 0.001014 0.097379 -0.034823 0.016248 -0.000980 -0.146389 -0.065880 0.066247 0.030723 -0.068256 -0.004820 -0.136149 -0.011603 -0.005621 0.007264 0.002008 0.001840 0.132367 -0.042004 0.010041 0.062046 0.015230 0.007005 -0.003663 -0.032141 -0.014544 -9999.000000 -9999.000000 -9999.000000 -9999.000000 -9999.000000 -9999.000000 -9999.000000 -9999.000000 -9999.000000 -9999.000000 -9999.000000 -9999.000000 -9999.000000 -9999.000000 -9999.000000 -9999.000000 -9999.000000 -9999.000000 -9999.000000 -9999.000000 -9999.000000 -9999.000000 -9999.000000 -9999.000000
-0.008101 -0.001250 -0.000883 -0.000272 0.000222 0.000103 -0.473861 -0.033846 -0.006772 0.144475 0.059328 0.101460 -0.009621 -0.119664 -0.060602 0.016421 0.030218 0.023278 -0.090595 -0.084865 0.118183 0.340943 0.036161 0.004306 0.004345 0.189159 -0.079464 0.002932 0.005350 0.000464 -0.003375 -0.036672 -0.010375 -9999.000000 -9999.000000 -9999.000000 -9999.000000 -9999.000000 -9999.000000 -9999.000000 -9999.000000 -9999.000000 -9999.000000 -9999.000000 -9999.000000 -9999.000000 -9999.000000 -9999.000000 -9999.000000 -9999.000000 -9999.000000 -9999.000000 -9999.000000 -9999.000000 -9999.000000 -9999.000000 -9999.000000 -9999.000000
