use_cases/Flooding_chicago/flooding_data/output/hUy_2340.asc
ncols 337
nrows 393
xllcorner 428428.000000
yllcorner 4602440.000000
cellsize 26.757400
NODATA_value -9999.000000
[rows 156 to 181 of 393, columns 116 to 173 of 337]
0.003809 0.002617 0.000000 -0.000097 0.084474 0.488837 0.209081 0.020041 -0.004141 -0.027760 0.380179 0.476097 0.910769 0.793524 0.834376 1.896315 2.898412 2.653639 2.325247 1.127941 0.911078 0.752071 0.448479 -0.071336 0.004366 0.007943 -0.000041 -0.001079 -0.000995 -0.000580 -0.006498 0.105406 0.613779 0.444572 0.332513 1.474639 0.729136 0.214877 0.131781 0.132810 -0.134229 0.263728 0.183330 0.455165 1.108552 0.011956 -0.341502 -0.686403 -0.079409 0.033464 0.496404 0.585664 0.551405 -0.066998 1.096688 0.003754 0.001946 0.172230
0.001684 -0.001447 -0.001495 0.143274 0.207276 0.615903 0.166384 0.107031 0.012494 -0.026695 0.650901 0.361461 0.492783 0.603217 0.975712 1.796644 2.798359 2.868769 2.437757 1.131497 0.879128 0.757031 0.812719 0.206658 -0.000011 -0.000407 -0.009917 -0.012451 -0.008480 -0.010192 -0.522371 0.434123 0.957827 0.343726 0.177478 1.943036 0.702407 0.011710 0.278039 0.290394 0.164642 0.635827 0.901241 0.774882 0.693554 0.176346 -0.173273 -0.519943 -0.244292 -0.160994 0.469661 -0.204379 -0.301078 -1.025120 1.655891 0.468250 0.524698 0.950941
-0.092329 -0.004023 -0.001752 0.197736 0.207083 0.140118 0.000067 0.000000 0.000000 -0.008817 1.138760 0.383293 0.419499 0.455188 0.803986 2.064152 3.112341 2.647507 3.277073 0.885258 0.925362 0.738005 0.777144 0.679801 -0.018210 -0.004331 -0.017195 -0.068217 -0.062385 -0.057470 -0.640074 0.461028 1.200442 0.694316 0.357913 2.324022 0.572427 -0.087421 0.210908 0.096429 0.184094 1.234349 2.749790 1.196772 0.963773 -0.136131 -0.128609 -0.350780 -0.357037 -0.202674 0.179280 -0.795035 -1.254294 -0.938880 2.448634 1.428965 1.423604 1.783728
-0.003237 -0.002770 -0.075020 0.487265 0.139768 0.076258 -0.000464 -0.005350 -0.027428 0.495973 0.549257 0.022025 0.023390 0.004449 0.423189 1.668050 3.409748 3.514413 3.293140 1.060065 0.845536 0.555381 0.474797 0.530552 -0.198794 -0.033273 -0.027081 0.305008 0.022004 -0.008252 -0.760888 0.468860 1.434502 0.871393 0.773487 2.718781 0.504828 -0.238691 0.031699 0.105180 0.970254 1.566128 2.495376 1.030453 0.975486 -0.409745 -0.101085 0.041811 0.152830 -0.443578 -0.051472 -1.139008 -1.343803 -0.894060 3.035723 2.026205 1.414003 1.401515
0.009599 -0.112943 -0.144500 0.288377 0.115414 0.080382 -0.010982 0.048368 0.061274 0.372941 0.000064 0.001540 0.001745 0.001400 0.506855 1.734364 4.273046 4.628491 4.053226 1.053847 0.745273 0.248650 0.140681 0.157644 -0.026594 -0.110623 0.107082 0.360547 0.177852 0.182143 0.176772 0.576455 1.684618 1.061716 0.723891 3.056818 0.180796 -0.618149 -0.125274 0.416695 1.420368 2.769219 0.653122 0.022264 0.019068 0.083945 0.062260 0.032074 1.430954 -0.266750 0.362743 -0.768198 -0.828259 -0.203811 4.198186 2.711490 2.127121 0.954344
0.001839 -0.177288 -0.098078 0.212194 0.006854 0.006778 -0.039900 -0.003045 0.003974 0.198604 -0.000424 0.001437 0.002145 0.000601 0.637335 2.592337 5.014853 4.641774 4.689971 1.829175 1.014845 -0.045364 0.040088 0.211980 0.174985 -0.018429 0.063078 0.200758 0.107821 0.267076 0.605902 1.110681 1.723609 0.960778 0.503291 3.167797 -0.120696 -1.349770 -0.145798 0.592559 1.198256 1.473077 0.047457 0.024683 0.013329 0.032246 0.033451 0.020369 0.062548 0.434172 1.352249 0.424825 0.622618 0.047258 0.029312 0.029500 0.276078 0.917651
0.002491 0.000665 -0.157088 0.008505 0.000555 0.000396 0.000298 -0.006864 -0.001809 0.141921 0.000007 0.000222 -0.000778 -0.000397 0.833269 2.858301 5.672565 5.293746 5.370967 2.008256 1.138116 0.068498 0.199914 0.195486 1.300417 0.538911 0.141933 0.207917 0.164489 0.840587 1.004804 1.928236 2.024120 0.677195 0.445229 3.535502 -0.457381 -1.553355 0.120697 0.854092 0.138129 0.193344 0.039469 0.017305 0.011499 0.007360 0.019901 0.005938 0.076940 0.169738 0.401523 0.160229 0.042418 0.050506 0.013126 0.023111 0.032032 1.089591
-0.000697 -0.000382 -0.177783 -0.000013 -0.000401 -0.000330 0.000102 -0.000404 -0.000609 0.123461 -0.000005 -0.000222 -0.000656 -0.012525 1.907836 3.238003 6.477890 5.928075 5.833958 1.149208 1.378073 0.038634 0.034703 0.020078 0.030868 0.102942 0.109315 0.179247 0.209121 0.506085 0.408853 0.279491 0.046015 0.081136 0.611400 5.204339 -0.383443 -0.017678 0.038399 0.044226 0.070042 0.232081 0.080355 0.007236 0.000193 0.003663 0.006318 0.000744 0.084481 0.234563 0.335833 0.036886 0.036935 0.045843 0.016179 0.011589 0.025966 0.733508
-0.000761 -0.144472 -0.154456 -0.009919 -0.016985 -0.016636 -0.001634 0.000548 0.000334 0.021748 -0.069991 -0.157729 -0.060298 0.618469 1.959192 3.338610 6.789539 5.958117 4.279864 0.274336 0.005604 0.010673 0.005878 0.005878 0.043867 0.053626 0.061865 0.172252 0.281454 0.385476 0.361667 0.197860 0.072564 0.080010 0.026601 1.537879 0.551416 0.039728 0.009802 0.009943 0.004308 0.183428 0.111006 0.001472 -0.000074 0.000000 0.000000 0.002848 0.147919 0.278346 0.141181 0.028104 0.026789 0.032246 0.010887 0.001853 0.007115 0.482586
-0.089545 0.076507 -0.290450 -0.475099 -0.442694 -0.463672 -0.059229 -0.000598 -0.000427 0.028815 0.519446 0.779397 0.510956 1.608174 3.082897 3.684801 6.813750 6.710495 4.454394 0.007565 0.000000 0.000000 0.000000 0.000000 0.040990 0.018560 0.013935 0.109497 0.287795 0.341884 0.352467 0.119084 0.055479 0.057592 0.025188 1.044531 0.826951 0.065642 0.000000 0.000003 0.000208 0.045678 0.151535 0.009306 0.001171 0.004143 0.005564 0.029924 0.208326 0.190168 0.068069 0.023796 0.007009 0.020193 0.001167 0.001966 0.000215 0.668090
0.045073 0.255171 -0.063451 -0.113358 0.111956 0.007953 0.086342 -0.144012 -0.049417 0.752189 1.122345 1.221200 0.875457 1.862169 3.202835 4.343309 6.416177 4.467485 2.329089 0.471574 0.106898 0.015376 0.022546 0.092330 0.001293 0.012660 0.006698 0.006698 0.174366 0.351909 0.386993 0.001563 0.010322 0.017896 0.020394 0.824086 0.646729 0.272543 -0.013419 -0.007076 -0.000326 0.036260 0.068201 0.062473 0.010698 0.018518 0.023036 0.032241 0.166988 0.088066 0.097221 0.005157 0.002064 0.009877 0.001792 0.005098 0.705859 0.441286
0.068601 0.302330 0.013726 0.018364 0.314565 0.229265 0.069830 -0.126431 0.634468 1.156744 1.888460 1.655184 1.333851 2.040841 3.301729 4.777339 6.444516 2.846396 0.105031 0.084206 0.137625 0.015905 0.002517 0.025043 0.003167 0.000229 0.000360 0.000360 0.000239 0.458604 0.508798 0.000624 0.000746 0.000919 0.012396 0.298302 0.486365 0.495609 0.171844 -0.050760 -0.000481 0.009633 0.020532 0.030882 0.053152 0.011098 0.026392 0.018985 0.071142 0.074117 0.099743 0.033602 0.007163 0.002532 0.017034 0.034656 1.009712 0.180080
0.176163 0.605308 0.222108 0.487324 0.772926 0.655011 -0.001093 -0.058616 1.180742 1.321394 1.795781 1.649930 1.467795 2.381555 3.582024 6.099412 3.718142 0.035565 0.002358 0.025764 0.127592 0.055039 0.000039 0.000454 0.000672 -0.000093 -0.000360 -0.000360 -0.000180 0.544743 0.909029 -0.000163 0.000140 0.001003 0.001247 0.006933 0.507963 0.504145 0.301680 -0.033459 0.002786 0.001771 0.002528 0.004020 0.018433 0.000912 0.008465 0.022412 0.039906 0.023279 0.080591 0.050482 0.027519 0.005044 0.012765 0.005678 0.543927 0.410694
0.297567 0.855560 0.417749 1.029087 1.195791 1.114609 0.116497 0.023230 1.535609 1.400740 1.826144 2.047887 1.702854 2.818209 4.324681 3.468641 1.607036 0.089260 0.041482 0.005693 0.046188 0.470719 -0.000495 -0.000602 -0.000837 -0.000778 -0.014813 -0.004488 -0.018828 0.329031 0.784931 -0.000466 -0.000594 0.001522 0.004090 0.022961 0.504906 0.584177 0.529923 0.060972 0.012955 0.004858 0.003239 0.002565 0.001342 0.000653 0.000208 0.004033 0.035702 0.019526 0.060334 0.024141 0.020927 0.016457 0.000994 0.001199 0.369147 0.322934
0.502699 0.988201 0.472238 2.019992 2.016744 1.628559 0.452868 0.076118 1.864917 1.629351 1.692643 1.692422 1.188299 2.242970 3.869267 2.212975 1.354380 0.259454 0.168724 0.115807 0.054958 0.436282 0.496868 -0.006887 -0.000785 -0.000498 0.077303 -0.066655 0.078477 0.324012 0.877629 0.346953 0.030514 0.008076 0.027858 0.091706 0.190920 0.230517 0.387517 0.245056 0.039202 0.011474 0.007765 0.007674 0.005694 0.001949 -0.000070 0.000356 0.017205 0.010214 0.033808 0.004014 0.011426 0.005155 0.000101 0.006993 0.170288 0.261707
0.877688 1.290786 1.485483 2.876229 2.155247 2.028128 0.711105 0.184461 2.224646 1.498117 1.131165 1.535118 0.843756 1.333674 2.712387 1.380656 0.051904 0.029933 0.064823 0.086561 0.110697 0.128897 0.695046 -0.176787 0.022680 0.001967 0.013924 -0.012451 0.283117 0.212289 0.698567 0.044123 0.016133 0.011911 0.043243 0.009376 0.097111 0.128707 0.137856 0.166493 0.169571 0.057534 0.043073 0.045696 0.037867 0.009404 0.000559 -0.000166 0.000000 0.000000 0.000000 0.000000 0.000187 0.000003 -0.000335 0.021222 0.047682 0.311645
1.044575 1.296495 2.367999 3.562669 2.368853 1.711987 0.561712 0.362899 2.893940 0.930903 0.469230 1.051425 0.189165 0.664372 2.198509 0.058628 0.000270 0.007575 0.012858 0.015076 0.010481 0.000443 0.608255 0.416172 0.010711 0.002856 0.014999 0.003700 0.558941 0.399285 0.057018 0.026244 0.009868 0.011588 0.040210 0.003332 0.207814 0.227573 0.006563 0.072529 0.047858 0.070659 0.046437 0.068672 0.066000 0.060700 0.001654 0.000923 -0.008334 -0.014318 -0.004329 -0.003252 -0.000544 0.000605 0.197741 0.111973 0.202172 0.081097
0.770930 1.275097 3.186972 2.539681 1.298557 0.655314 0.308215 1.055734 4.917790 1.279045 0.378248 0.970460 -0.100856 0.756436 3.159858 0.001616 -0.000082 0.000013 0.000356 0.000356 0.000013 0.085925 0.397359 0.313826 0.001333 0.002412 0.003394 0.015189 0.274877 0.272603 0.040571 0.013222 0.003009 0.004224 0.029607 0.032809 0.186504 0.158712 0.017735 0.032111 0.034670 0.057808 0.045089 0.038614 0.016015 0.031449 0.003493 0.004040 -0.054456 -0.067421 -0.003215 -0.002747 -0.001649 0.002815 0.101169 0.078114 0.039808 0.157595
0.344368 0.854957 1.807832 1.464782 0.261737 0.000000 0.000000 0.327360 2.405565 0.325258 0.353166 0.353787 0.392545 1.259841 2.943083 0.015822 -0.000811 -0.008389 -0.000598 -0.000598 0.000080 0.718094 0.360549 0.045020 0.016981 0.003511 0.018368 0.015667 0.169691 0.224324 0.069088 0.001030 0.004555 0.009215 0.017194 0.028066 0.108620 0.113489 0.026601 0.023503 0.027188 0.029751 0.011976 0.024197 0.000658 0.000552 -0.000060 0.002970 -0.023310 -0.032723 -0.001822 -0.001694 -0.000129 0.008767 0.060157 0.039373 0.015364 0.025336
0.044245 0.359459 1.166577 0.563930 -0.025001 -0.000830 -0.003912 0.238768 4.483153 0.080711 0.000000 0.250024 0.201283 0.203921 1.900046 0.087735 -0.001020 -0.020954 -0.008364 -0.013484 0.004410 0.411893 0.102058 0.022013 0.010102 0.011703 0.009630 0.007618 0.019413 0.155801 0.191148 -0.000344 0.000642 0.008389 0.004831 0.010105 0.056126 0.045613 0.016346 0.010517 0.004987 0.000356 0.000656 0.000331 -0.000790 -0.002049 -0.004723 0.000000 -0.022407 -0.024621 -0.001182 -0.001156 -0.001068 0.004619 0.001135 0.008504 0.001397 0.010698
0.142348 0.232337 0.879052 0.306585 -0.034077 0.001264 -0.002392 0.130830 3.412429 0.156767 0.253821 0.332950 0.222491 0.742379 1.569835 0.209141 -0.012182 -0.033162 -0.023873 -0.014382 0.006271 0.038849 0.157904 0.003144 0.002861 0.012680 0.000502 0.004064 0.009408 0.000388 0.171277 0.154244 -0.002281 0.000954 0.009061 0.023005 0.008839 0.000252 0.000332 0.000222 0.000214 -0.000408 -0.000869 -0.000809 -0.031850 -0.032207 -0.038527 -0.008279 -0.010217 -0.064341 -0.056622 -0.012169 -0.003819 0.000156 0.000555 0.000000 0.000731 0.000720
0.352926 0.643540 1.071108 0.257840 0.000946 0.001640 0.001804 0.196884 1.728182 0.162940 0.608192 0.688038 0.295043 0.822182 1.851093 0.729751 -0.071981 -0.288553 -0.013170 -0.000897 0.000333 0.002030 0.168299 0.007648 0.002424 0.000007 0.000377 0.000415 0.000401 0.000309 0.056487 0.149071 -0.016352 -0.001921 0.011647 0.028612 0.016431 0.000474 0.000060 -0.000222 -0.005377 -0.019075 -0.017277 -0.009432 -0.065986 -0.064620 -0.052945 -0.375949 -0.015852 -0.290050 -1.477362 -0.036966 -0.011665 -0.001093 0.001116 0.001964 0.001941 0.002218
0.006026 0.014280 0.417147 0.431347 0.001376 0.003368 0.004100 0.270433 1.242943 0.352626 0.721205 0.892307 0.189711 0.546534 1.477519 0.649002 -0.041401 -0.053586 -0.000330 -0.000004 0.000102 0.004260 0.045701 0.023370 0.009998 0.038331 0.000497 0.000422 0.000452 -0.000044 -0.000001 0.133333 -0.193463 0.000388 0.035672 0.067545 0.058007 0.001473 -0.000354 -0.006549 -0.035780 -0.043805 -0.029825 -0.322954 -0.479960 0.305724 0.213771 -0.064320 -0.262246 0.110132 -0.835316 -0.555962 -0.248787 -0.000584 0.000323 0.000971 0.001310 0.013117
0.000375 0.000289 0.451615 0.434851 0.000969 0.013617 0.016146 0.018448 0.858209 0.280011 1.522102 1.257740 0.266348 0.396681 1.345582 0.846801 0.186604 0.050063 -0.000026 -0.000619 -0.013394 -0.000489 0.000057 0.000808 0.004401 0.022779 0.001149 -0.000236 -0.000007 -0.000338 0.072135 0.045856 -0.175574 0.032547 0.009392 0.013802 0.019516 0.003283 0.000039 -0.019060 -0.071444 -0.548936 -0.019756 0.375262 0.266786 0.551589 0.498066 0.076691 -0.227386 0.113179 -0.989640 -0.616804 -0.399127 0.000220 0.000904 0.001987 0.002320 0.010394
0.000219 0.000201 0.446408 0.437565 -0.000461 0.006318 0.003663 0.008402 0.295131 0.225385 1.996565 1.814954 0.304695 0.340138 0.927100 0.694820 0.510643 0.196842 0.098313 -0.004344 -0.049541 -0.008442 -0.007290 -0.000529 0.000287 0.006324 0.000276 -0.000518 -0.007581 -0.000418 0.027525 -0.138631 -0.142812 0.006932 0.000370 0.000473 0.000965 0.004825 -0.000255 -0.002424 0.076837 -0.412617 0.039836 0.560415 0.588157 0.026822 0.015404 0.192530 -0.159312 -0.078706 -1.186931 -0.635122 -0.208855 0.020237 0.001802 0.003141 0.003840 0.001545
-0.000219 -0.000040 0.620972 0.639892 -0.000463 0.000000 0.000000 0.000072 0.007222 0.070791 2.428020 2.428389 0.691804 0.472956 0.675578 0.067291 0.186791 0.364751 0.066184 0.038340 -0.022638 -0.014575 -0.017578 -0.005058 -0.000169 0.000222 -0.000621 -0.008318 -0.020466 -0.002191 -0.158982 -0.142503 0.000478 0.000169 0.000308 -0.000270 -0.000000 0.000270 -0.001605 0.105541 0.222920 0.091270 0.120473 0.642733 0.019367 0.002517 0.001691 0.342313 -0.241438 -0.254398 -1.309566 -0.583733 0.148689 0.010175 0.001759 0.004055 0.003077 0.001289
