use_cases/Flooding_chicago/flooding_data/output/hUy_3420.asc
ncols 337
nrows 393
xllcorner 428428.000000
yllcorner 4602440.000000
cellsize 26.757400
NODATA_value -9999.000000
[rows 130 to 155 of 393, columns 58 to 115 of 337]
-9999.000000 -9999.000000 -9999.000000 -9999.000000 -9999.000000 -9999.000000 -9999.000000 -9999.000000 -9999.000000 -9999.000000 -9999.000000 -9999.000000 -9999.000000 -9999.000000 -9999.000000 -9999.000000 -9999.000000 -9999.000000 -9999.000000 -9999.000000 -9999.000000 -9999.000000 0.214518 0.415812 0.856375 0.469851 0.246247 0.833063 0.005260 0.001471 0.000000 0.000000 -9999.000000 -9999.000000 -9999.000000 -9999.000000 -9999.000000 -9999.000000 -9999.000000 -9999.000000 -9999.000000 -9999.000000 -9999.000000 -9999.000000 0.002266 0.000807 0.004780 0.001321 0.001127 0.000256 0.006137 0.027018 0.027379 -0.060705 -0.501650 -0.038984 -0.050691 -0.011400
-9999.000000 -9999.000000 -9999.000000 -9999.000000 -9999.000000 -9999.000000 -9999.000000 -9999.000000 -9999.000000 -9999.000000 -9999.000000 -9999.000000 -9999.000000 -9999.000000 -9999.000000 -9999.000000 -9999.000000 -9999.000000 -9999.000000 -9999.000000 -9999.000000 0.377175 0.162721 0.267485 0.824135 0.809210 0.000822 0.959584 0.333861 0.358801 -0.005301 -0.000144 -0.000001 -0.000000 0.000191 0.000038 0.312388 0.315806 0.000227 0.000415 0.008901 0.000614 0.000003 0.000010 0.004851 0.000310 0.001569 0.000004 0.000002 0.000369 0.010359 0.000611 0.000121 0.000286 -0.253407 0.007594 -0.183460 -0.122380
-9999.000000 -9999.000000 -9999.000000 -9999.000000 -9999.000000 -9999.000000 -9999.000000 -9999.000000 -9999.000000 -9999.000000 -9999.000000 -9999.000000 -9999.000000 -9999.000000 -9999.000000 -9999.000000 -9999.000000 -9999.000000 -9999.000000 0.000000 0.750112 0.688153 0.000945 0.001699 0.954335 0.825294 0.403902 0.722499 0.445053 0.431401 -0.033951 -0.008139 -0.010506 -0.000199 -0.000013 -0.000007 0.418461 0.371316 0.000501 0.000922 0.003542 0.000549 0.000014 0.000018 0.000524 0.000553 0.000001 -0.000001 0.000000 0.002409 0.003268 0.001339 0.000055 0.001081 -0.201859 0.136299 -0.173978 -0.235302
-9999.000000 -9999.000000 -9999.000000 -9999.000000 -9999.000000 -9999.000000 -9999.000000 -9999.000000 -9999.000000 -9999.000000 -9999.000000 -9999.000000 -9999.000000 -9999.000000 -9999.000000 -9999.000000 -9999.000000 -9999.000000 0.244301 0.614132 0.871436 0.786070 -0.000137 -0.140127 0.896682 0.881458 0.561840 1.130291 0.613659 0.547800 0.010092 0.000559 -0.036885 0.000201 0.117748 0.194535 0.405612 0.318902 0.000301 0.000129 0.000136 0.000003 -0.000002 -0.000009 -0.000237 -0.000503 -0.000004 -0.000790 -0.000028 0.009198 0.004863 0.001279 0.000177 0.002928 -0.081213 0.263540 -0.194373 -0.392550
-9999.000000 -9999.000000 -9999.000000 -9999.000000 -9999.000000 -9999.000000 -9999.000000 -9999.000000 -9999.000000 -9999.000000 -9999.000000 -9999.000000 -9999.000000 -9999.000000 -9999.000000 -9999.000000 -9999.000000 0.000278 0.007242 0.620788 1.268896 1.247812 -0.074954 -0.098026 0.531116 0.542112 0.464862 1.006838 1.397621 0.745045 0.009605 0.000678 0.001932 0.000731 0.115036 0.243927 0.352255 0.000001 0.000005 0.000005 0.000274 -0.000001 -0.000014 -0.000016 -0.000478 -0.000377 0.000332 -0.054752 -0.028216 0.061572 0.004124 0.001143 0.001617 0.030987 0.029947 0.484911 -0.228506 -0.470193
-9999.000000 -9999.000000 -9999.000000 -9999.000000 -9999.000000 -9999.000000 -9999.000000 -9999.000000 -9999.000000 -9999.000000 -9999.000000 -9999.000000 -9999.000000 -9999.000000 -9999.000000 -9999.000000 0.000864 0.001024 0.000729 0.017899 1.055094 1.024112 0.095923 0.040309 0.222359 0.462835 0.521513 1.092430 1.517400 1.622431 0.341490 -0.003356 0.004362 0.001874 0.131735 0.328662 0.317624 -0.000001 -0.000005 -0.000005 -0.001460 -0.000033 -0.000764 -0.000484 -0.009257 -0.007196 -0.000962 -0.136345 -0.043252 0.036345 0.002075 0.000519 0.004324 0.012862 0.004182 0.006125 -0.124047 -0.301540
-9999.000000 -9999.000000 -9999.000000 -9999.000000 -9999.000000 -9999.000000 -9999.000000 -9999.000000 -9999.000000 -9999.000000 -9999.000000 -9999.000000 -9999.000000 -9999.000000 -9999.000000 0.000092 0.001676 0.001166 0.004858 0.002566 0.009102 1.030243 0.390713 0.178339 -0.014264 0.222327 0.324497 0.675144 1.581106 2.198951 0.600681 -0.248026 0.016880 0.010188 0.005019 0.383005 0.089146 0.078108 -0.001001 -0.003290 -0.001179 -0.003174 -0.007011 -0.015676 -0.008329 -0.008348 -0.001681 0.039860 -0.032425 0.013674 0.000591 -0.001199 -0.000069 -0.000002 0.000015 0.001552 -0.000009 -0.327886
-9999.000000 -9999.000000 -9999.000000 -9999.000000 -9999.000000 -9999.000000 -9999.000000 -9999.000000 -9999.000000 -9999.000000 -9999.000000 -9999.000000 -9999.000000 -9999.000000 0.000130 0.000299 0.000184 0.000098 0.000717 0.000436 0.000013 0.592232 0.961886 0.616067 -0.076394 0.151933 0.284465 0.692968 2.275321 2.205986 0.800266 -0.358152 0.001137 0.000761 0.000574 0.046278 0.393455 0.087348 -0.137395 0.053250 0.009776 -0.241926 -0.225119 -0.222419 -0.004142 -0.006895 0.000026 0.000022 -0.007971 -0.007277 0.000003 -0.000590 -0.036778 -0.095934 0.000019 0.000357 0.195397 -0.229372
0.000023 -9999.000000 -9999.000000 -9999.000000 -9999.000000 -9999.000000 -9999.000000 -9999.000000 -9999.000000 -9999.000000 -9999.000000 -9999.000000 0.000255 0.000564 0.000292 0.000307 -0.000006 -0.000046 0.000000 0.000002 0.000011 0.001533 0.828743 0.727627 -0.033865 0.152510 0.307422 0.755376 1.511514 2.550287 1.025769 -0.399971 0.000001 0.000003 0.000003 0.014056 0.340397 0.058454 -0.043157 0.171134 0.004142 -0.208673 -0.221563 -0.436655 -0.003051 -0.001156 0.000047 0.000026 -0.010270 -0.010108 0.000000 -0.000095 0.018124 -0.062755 0.000000 0.000003 0.000867 -0.799161
0.000004 -9999.000000 -9999.000000 -9999.000000 -9999.000000 -9999.000000 -9999.000000 -9999.000000 -9999.000000 -9999.000000 -9999.000000 -9999.000000 0.000415 0.000250 0.000461 0.000045 -0.000122 -0.013789 -0.000244 -0.000003 0.000000 0.000000 0.130467 0.135022 0.000000 0.050752 0.048890 0.776862 1.444801 2.083663 0.982690 0.002485 0.000000 0.000000 0.000001 0.000003 0.262690 0.031041 -0.111008 0.165156 -0.061847 -0.235302 -0.181038 0.025304 0.000003 0.000006 -0.000007 -0.000012 -0.006970 -0.006869 -0.000003 -0.000015 0.053116 -0.072289 -0.000002 0.000000 0.000362 0.010455
-0.000000 0.000000 -9999.000000 -9999.000000 -9999.000000 -9999.000000 -9999.000000 -9999.000000 -9999.000000 -9999.000000 -9999.000000 0.000175 0.000118 0.000397 0.000439 0.000121 -0.000006 -0.100744 -0.010348 -0.000253 -0.000010 0.000732 0.131385 0.119748 0.046454 0.049501 0.052861 0.732686 1.269672 2.136168 1.030447 0.010113 -0.000001 -0.000003 -0.000003 -0.000000 0.158609 -0.014041 -0.102868 0.151316 -0.101685 -0.162540 -0.116144 0.000004 -0.000017 -0.000012 -0.000049 -0.000025 -0.060130 -0.051299 -0.000587 -0.000078 0.000019 -0.098214 -0.000002 -0.000003 0.000000 0.000000
-0.000363 0.000015 -9999.000000 -9999.000000 -9999.000000 -9999.000000 -9999.000000 -9999.000000 -9999.000000 0.000000 0.040393 0.000058 0.000092 0.000119 0.000077 0.000186 0.000024 -0.041474 -0.144569 -0.001008 -0.000686 0.376914 0.105197 0.118062 0.050957 0.422883 0.348933 0.713629 1.120831 2.141087 1.088544 0.456483 -0.000592 -0.001928 -0.001009 -0.000053 0.067865 -0.054507 -0.086530 0.147202 -0.123447 -0.161552 -0.142008 0.000005 0.016929 -0.064115 -0.001022 -0.000870 -0.024959 -0.031823 -0.151769 -0.000071 -0.000001 -0.093896 -0.034834 -0.000206 -0.000010 -0.000001
-0.007959 0.000000 0.000005 0.000005 0.000286 0.000153 0.003366 0.022234 0.011630 0.172393 0.036485 0.000055 0.000007 -0.000365 -0.000572 0.000000 -0.000006 0.002333 0.002024 -0.035837 -0.016453 0.361385 0.041975 0.111668 0.054852 0.592351 0.099868 0.098198 0.618358 2.421767 1.316358 0.370708 0.064501 0.089355 0.095409 0.089052 0.061597 -0.110289 -0.038237 0.191857 -0.090812 -0.112469 -0.142560 0.000030 0.025412 -0.067804 0.002805 -0.014579 0.001637 -0.019722 -0.218210 -0.000046 -0.000030 -0.064032 -0.030698 -0.031884 -0.005885 -0.013063
0.008004 -0.000002 -0.000005 -0.000005 0.000223 0.000140 0.000026 0.051312 0.027054 0.015656 0.057716 0.000106 -0.000133 -0.000391 -0.000427 -0.001056 -0.000054 0.017324 0.205133 0.608837 0.000161 0.311254 -0.000543 0.411619 0.062102 0.270346 0.000002 0.011284 0.033128 2.079488 1.295471 0.513817 0.155177 0.207856 0.191369 0.169070 0.156008 -0.040447 0.077582 0.265910 -0.007552 0.137912 0.027910 0.000058 0.001138 -0.068120 0.040827 -0.000672 -0.000760 -0.019887 -0.358538 -0.000026 -0.000023 -0.031853 -0.014905 0.090324 0.019630 0.450652
0.038795 -0.000539 -0.000952 -0.000128 -0.000349 -0.000180 -0.000030 0.080982 0.032612 0.000048 0.000947 0.000170 -0.000137 0.006988 0.011096 -0.140118 -0.000023 0.055636 0.328824 0.000001 0.000003 0.000197 0.067598 0.424787 0.021036 0.009494 -0.000002 0.042378 0.031893 1.134866 0.544569 0.220175 0.146456 0.282126 0.194279 0.202409 0.259437 0.317359 0.180501 0.330010 0.023248 0.093133 0.080348 0.000011 0.000535 0.000279 0.005404 0.002107 0.000569 0.000016 -0.296441 -0.077411 0.015428 -0.005202 0.027969 0.123514 0.126108 0.175412
0.055435 -0.086929 -0.185963 -0.184327 -0.000196 -0.000138 -0.112979 0.096032 -0.000000 -0.000004 0.000000 -0.000121 -0.000079 0.007887 0.012036 -0.044983 -0.114374 0.088628 0.092150 -0.000000 -0.000002 -0.000000 0.143137 0.223119 0.066385 0.000000 -0.076281 0.067819 0.739768 1.284824 0.053894 0.000267 0.000606 0.055706 0.086462 0.092946 0.051628 0.040254 0.072381 0.028788 0.007907 0.181797 0.107015 -0.000001 0.000000 0.000000 0.000000 0.004057 0.000298 0.208398 -0.091754 -0.062982 0.080165 0.025583 0.042697 -0.070051 0.000187 0.000191
0.058359 0.010505 -0.073858 0.047061 0.017506 -0.138377 -0.019937 0.159459 -0.102880 -0.000044 -0.000703 -0.000158 -0.000082 -0.000001 0.023071 -0.068444 -0.019654 0.123921 0.210484 -0.111799 -0.000425 -0.000074 0.000003 0.065233 0.378662 -0.091252 0.354649 0.744565 0.903940 0.926876 0.001322 0.000399 0.002090 0.000824 0.130094 0.155785 0.000000 0.000000 0.133071 0.000239 0.000225 0.002919 0.198191 0.012226 -0.000241 -0.000363 -0.000009 0.016856 0.129683 0.207133 0.000022 -0.048299 0.116971 0.000536 0.000117 -0.295898 0.000000 0.000000
0.000000 0.031284 -0.050949 0.059988 0.012048 -0.017951 -0.026830 0.110246 0.003340 -0.019819 -0.256834 -0.126894 -0.129305 -0.126165 0.060448 -0.063565 0.023792 0.080662 0.153093 -0.014512 -0.229378 -0.000045 -0.000014 0.077441 0.535225 0.271765 0.698922 0.831185 0.551917 0.126766 0.000008 0.000000 0.003811 0.001950 0.111981 0.158329 0.052597 0.073772 0.116437 0.000830 0.000464 0.001883 0.036987 0.032229 -0.145746 -0.088954 0.055474 0.049244 0.139038 0.000113 0.000061 -0.024008 -0.001588 0.000146 0.000008 -0.296743 -0.000182 -0.000182
-0.103804 0.068864 -0.071950 0.039374 0.011803 0.018465 -0.009444 0.098105 0.015240 -0.011898 -0.218852 -0.062056 -0.067228 -0.095448 0.037363 -0.075418 0.137783 0.070371 0.208496 0.002230 -0.132158 -0.123415 -0.125856 0.082136 0.845016 0.409546 0.687393 0.749700 0.285790 0.000514 0.000014 0.000734 0.003646 0.002356 0.000604 0.121138 0.270649 0.076935 0.000599 0.001629 0.000106 0.000201 0.000079 0.040053 -0.023971 -0.006487 0.062890 0.057923 0.000006 0.000163 0.000017 -0.012537 -0.002785 -0.000620 -0.030620 -0.150535 -0.118198 0.188221
-0.059334 0.050972 -0.048962 0.038438 0.008052 0.037564 0.012906 0.023433 0.019518 -0.001825 -0.162391 -0.075842 -0.081846 -0.134560 0.026723 -0.033334 0.000012 0.065631 0.180559 0.008391 -0.095430 -0.011453 -0.001643 0.156312 0.885124 0.496416 0.388440 0.453406 0.051666 0.000004 0.000019 0.000862 0.002121 0.001354 0.000173 0.074693 0.340150 0.000087 0.000540 0.001491 0.000237 0.000365 0.000109 0.049400 0.004844 0.005235 0.118868 0.038138 0.000015 -0.000125 -0.000042 -0.006692 -0.002030 -0.007794 -0.016696 -0.125055 -1.032525 0.352570
-0.076215 0.024698 -0.027591 0.032649 0.000588 0.042379 0.051382 0.010017 0.003381 0.002293 -0.174057 -0.101224 -0.092155 -0.193958 -0.001770 -0.018093 0.000022 0.000011 0.196170 0.043523 -0.037714 0.036252 0.095705 0.278568 0.885415 0.511167 0.374394 0.061866 0.071504 -0.000000 0.000000 0.000012 0.000017 0.000006 -0.000448 0.000033 0.225725 -0.000081 -0.000104 0.000060 0.000255 0.000321 0.000033 0.059443 0.011449 0.012089 0.000257 0.000029 0.000008 -0.000020 0.000167 -0.002449 -0.008460 -0.007741 -0.005939 -0.071232 0.011800 0.432281
-0.090022 -0.008092 -0.039858 0.043785 -0.019424 0.053261 0.050852 -0.015580 -0.004424 0.001771 -0.115662 -0.099674 -0.148706 -0.211022 -0.030843 0.000001 0.000002 -0.000000 0.231525 0.083795 0.012140 0.062947 0.120950 0.191001 0.587434 0.402792 0.298242 0.125635 0.073396 -0.088803 -0.000304 -0.000020 -0.000024 -0.000007 -0.000315 -0.000074 0.177405 0.015810 0.000102 0.000009 0.000010 0.000025 0.000001 0.104908 0.087064 0.000084 0.000002 -0.000021 -0.000014 0.003020 0.000753 -0.007713 -0.006458 -0.004055 -0.146890 0.000000 0.035489 0.046336
-0.097284 -0.061802 -0.085332 0.020823 -0.047063 0.048626 0.043070 -0.028982 -0.063529 -0.004298 -0.111327 -0.114220 -0.154569 -0.244506 -0.057259 -0.000001 -0.000002 -0.045421 0.270404 0.122458 0.050439 0.094263 0.096115 0.225085 0.550162 0.194288 0.224121 0.110050 0.157972 0.053838 -0.226423 -0.001569 -0.000465 0.000020 -0.000105 -0.011418 0.154126 0.028001 0.000860 0.000014 -0.000004 0.000011 0.000020 0.006088 0.005680 0.000698 -0.000002 -0.000208 0.000603 0.003375 -0.000190 -0.002993 -0.008005 -0.002889 -0.116038 -0.035088 0.001880 0.019344
-0.096733 -0.115296 -0.101981 -0.008319 -0.071406 0.029189 0.023913 -0.047352 -0.092737 -0.077651 -0.162716 -0.097775 -0.165899 -0.274800 -0.062775 -0.114633 -0.000085 0.088894 0.293650 0.109783 0.064310 0.120882 0.058782 0.167147 0.282946 0.159844 0.189873 0.096588 0.206100 0.106894 -0.123799 0.178258 -0.000078 0.000008 0.000027 0.000032 0.016018 0.016860 0.005289 -0.000030 -0.000430 -0.000025 0.000028 0.002666 0.001704 0.000137 0.000015 -0.000010 -0.000237 0.000097 -0.000459 -0.000430 0.008187 0.009551 0.083764 -0.041602 -0.039513 -0.018438
-0.117918 -0.158001 -0.129991 -0.021238 -0.077519 0.012631 0.004265 -0.069098 -0.056987 -0.040717 -0.139142 -0.089049 -0.134869 -0.276335 -0.140616 -0.125853 -0.270785 0.072135 0.276980 0.135190 0.067417 0.113724 0.041237 0.170276 0.218423 0.126640 0.033471 0.070855 0.118712 0.100052 -0.117183 0.212461 -0.095862 -0.000006 -0.000015 0.000002 0.000019 0.029720 -0.000003 -0.000142 -0.000442 -0.000617 0.000023 0.000021 0.000000 0.000147 0.000027 0.000004 -0.000349 -0.000188 -0.000782 -0.000026 0.013514 0.010069 0.003230 -0.039787 0.141959 -0.144726
-0.125416 -0.213809 -0.164572 -0.046043 -0.098758 0.018097 0.020133 -0.062788 -0.037229 0.003202 -0.164155 -0.096385 -0.180421 -0.269321 -0.212766 -0.221038 -0.226727 0.100020 0.250391 0.125839 0.085202 0.122658 0.036447 0.179849 0.165173 0.091106 0.017639 -0.031575 0.143597 0.136411 -0.059933 0.241867 0.018432 0.013755 0.000041 -0.000032 0.000025 0.024141 0.002850 -0.014128 -0.001963 -0.000101 0.000002 -0.000001 -0.000029 -0.000078 -0.000021 -0.000003 0.000087 0.000040 -0.000087 -0.001448 0.013326 0.014406 0.004549 -0.015975 0.165668 -0.025553
