use_cases/Flooding_chicago/flooding_data/output/hUy_2100.asc
ncols 337
nrows 393
xllcorner 428428.000000
yllcorner 4602440.000000
cellsize 26.757400
NODATA_value -9999.000000
[rows 156 to 181 of 393, columns 58 to 115 of 337]
0.004566 -0.254306 0.077580 0.284713 -0.059951 0.036748 0.102460 0.235151 -0.015708 -0.001661 0.072400 0.047168 0.009007 0.047606 0.174049 -0.333131 -0.385137 -0.059135 0.120621 0.021214 0.306511 -0.222268 0.191324 0.151928 -0.134861 0.003940 -0.023214 0.004642 0.002159 0.002413 0.223242 0.250323 -0.063261 0.001404 -0.000428 -0.001795 0.000584 0.001276 0.011309 -0.065475 -0.030284 -0.000666 -0.000222 -0.000232 -0.000691 -0.001748 -0.006367 -0.011929 0.001173 0.005231 0.006919 -0.013398 -0.001146 0.036525 0.011524 -0.004296 0.161038 0.003283
0.241129 -0.303639 0.128161 0.206692 -0.073132 0.063726 0.194211 0.217728 -0.010863 0.000218 0.047997 0.031386 -0.001476 0.019150 0.082434 -0.413762 -0.251726 -0.061954 0.069144 -0.003130 0.357931 -0.231064 0.325720 0.158381 -0.188572 0.015056 -0.018721 0.008135 0.004953 0.006088 0.386360 0.260390 0.068405 -0.000736 -0.002060 0.000185 0.000350 0.000606 0.000352 -0.088845 -0.038047 -0.000474 -0.003946 -0.005356 -0.001506 -0.001637 -0.008785 -0.016891 -0.001834 0.007815 0.001640 -0.016579 -0.043811 0.036847 0.000326 0.000120 0.000891 0.002551
0.033148 -0.085829 -0.005287 -0.007096 -0.040993 0.103737 0.157229 0.151614 -0.001270 0.003112 0.043251 0.021443 0.000108 0.014342 0.066971 -0.343441 -0.124541 -0.118979 0.031907 -0.022393 0.616927 -0.278777 0.358011 0.170467 -0.276111 0.019764 -0.002504 0.013156 0.011148 0.014765 0.070093 0.052994 0.276037 0.005560 -0.001447 -0.000054 -0.001144 -0.001352 -0.000478 -0.067743 -0.038953 -0.001390 -0.013994 -0.003548 -0.027023 -0.003136 -0.014733 -0.021134 0.000000 0.000198 -0.000943 -0.000076 -0.050828 -0.000003 -0.000208 -0.000106 -0.000381 -0.002851
0.023674 -0.007290 -0.078745 -0.079244 0.064348 0.129582 0.070031 0.030830 -0.007783 0.000271 0.050545 0.028840 0.009431 0.018397 0.058142 -0.302518 0.034545 -0.154294 -0.039178 -0.077159 0.662032 -0.357878 0.381340 0.189463 -0.273410 0.001391 0.012457 0.009541 0.017483 0.111072 0.010246 0.026975 0.065160 0.055813 -0.002385 -0.017782 -0.001046 -0.001239 -0.109056 -0.221689 -0.116926 -0.000551 -0.002783 -0.013804 -0.030066 -0.171894 -0.022294 -0.012014 -0.003042 -0.000397 -0.000856 -0.005883 -0.098900 -0.067726 -0.042967 -0.031290 -0.003569 -0.078664
0.016482 -0.092578 -0.169299 -0.132931 0.173687 0.152071 0.024482 -0.028183 -0.045589 0.003274 0.038197 0.058618 -0.027342 -0.009679 0.040431 -0.288900 0.140330 -0.225076 -0.129812 -0.123340 0.624351 -0.361488 0.223191 0.262055 -0.146281 0.000827 0.000477 0.004884 0.074052 0.177655 0.006388 0.006814 0.006046 0.014212 -0.001067 -0.362680 -0.007393 -0.001661 -0.138912 -0.215011 0.000105 0.000133 -0.001076 -0.022396 -0.162603 -0.709311 -0.008451 -0.004489 -0.002151 -0.000419 -0.000281 -0.034734 -0.532327 -0.350274 -0.454845 0.035163 0.391388 0.018432
-0.002851 -0.097702 -0.417850 -0.287299 0.241144 0.186819 0.001540 -0.040942 -0.057446 0.023138 -0.001719 0.058072 -0.056819 -0.060372 -0.002123 -0.299348 0.161800 -0.303233 -0.241186 -0.098080 0.682716 -0.385553 0.191273 0.575472 0.051649 0.000102 0.000000 0.000000 -0.003014 0.104650 0.003981 0.000000 0.000000 0.000000 -0.018754 -0.018730 -0.367379 -0.117821 -0.163341 -0.173037 -0.000128 -0.000372 -0.007097 -0.003923 -0.000330 -0.276853 0.000137 -0.002612 -0.001825 0.000183 0.000152 0.000344 0.017188 -0.032389 -0.428076 0.112332 0.364471 0.001526
0.040932 -0.010869 -0.470232 -0.280559 0.316791 0.211582 -0.007316 -0.044409 -0.024529 0.057332 0.016701 0.037101 -0.089529 -0.075091 -0.026203 -0.305171 0.253946 -0.295153 -0.259914 -0.076681 0.763193 -0.959274 0.178069 0.523505 0.230984 -0.000144 -0.000477 -0.014435 -0.008907 0.062852 0.001622 -0.002105 -0.001102 0.002563 0.019775 0.362083 -0.332822 -0.080817 -0.117314 -0.548662 -0.007053 -0.008580 -0.044511 -0.002355 -0.061906 -0.193941 -0.000663 -0.002543 -0.002353 -0.000642 -0.000238 0.000263 0.000635 0.027870 -0.228569 0.054079 0.270449 0.002258
0.030757 0.010732 -0.301107 -0.374340 0.329745 0.257413 0.004679 -0.034470 0.011318 0.110058 0.060127 0.050811 -0.112509 -0.065960 -0.044806 -0.342018 0.501739 -0.268266 -0.209711 0.048084 0.990221 -0.993445 0.416561 0.595628 0.297826 0.040280 -0.012352 -0.011525 -0.012832 0.000732 0.000953 -0.003044 -0.001173 0.079488 0.037819 0.482103 0.010636 0.036233 -0.061417 -0.403351 -0.105180 -0.259568 -0.369848 -0.187982 -0.025319 -0.256527 -0.087824 -0.006834 -0.007714 -0.009553 -0.028032 -0.003444 -0.001158 0.000676 0.000965 0.000961 0.000795 0.000386
0.010447 0.001032 -0.215277 -0.261899 0.330334 0.246502 0.037136 -0.031156 0.051361 0.152621 0.050778 0.021786 -0.129519 -0.076905 -0.063923 -0.264541 0.008102 -0.130108 -0.021267 0.972272 1.938813 -0.770793 1.046823 0.020497 0.531643 0.101637 0.035132 0.036022 -0.004153 -0.000411 -0.002272 -0.003156 -0.001465 0.010159 0.303418 0.006319 0.003663 0.006947 -0.019712 -0.169801 0.010747 0.003900 -0.685288 -0.996018 -0.244582 -0.143497 -0.073368 -0.017907 -0.014159 -0.008537 -0.082763 -0.058646 -0.017714 -0.000943 -0.001066 -0.001011 -0.000816 -0.000390
0.000414 0.001476 -0.055958 -0.099022 0.350994 0.236015 0.009394 -0.006982 0.080125 0.116958 0.031232 -0.003673 -0.133044 -0.082578 -0.096897 -0.287868 0.000788 0.001166 0.030847 0.013596 0.010035 0.059005 0.012220 0.017691 0.034938 0.025263 0.171315 0.012089 0.139242 -0.001029 -0.001871 -0.025585 -0.001237 0.000008 0.000098 0.000000 0.000000 0.000067 0.000074 -0.058316 0.041693 0.037986 -0.379503 -0.830803 -1.202546 -0.053138 0.000529 0.005370 -0.008579 -0.052042 -0.032196 -0.205431 -0.006211 -0.000785 -0.044136 -0.045270 -0.035664 -0.005454
0.000050 0.004648 0.093543 0.208724 0.302706 0.181430 -0.017183 0.030879 0.087820 0.058470 0.029137 0.000605 -0.140989 -0.058454 -0.111809 -0.344429 -0.000183 -0.000055 0.000135 0.000076 0.000214 0.005094 0.007847 0.004197 0.008342 0.008019 0.032336 0.051343 0.168440 -0.009917 -0.018215 -0.016766 -0.020629 -0.021034 -0.001104 -0.013198 -0.005350 -0.000464 -0.000141 0.000468 0.000033 0.000181 -0.005661 -0.808769 -1.000991 -0.008710 -0.000066 0.000000 -0.004546 -0.078712 0.195826 -0.582703 -0.025124 -0.012547 -0.335742 -0.125195 0.007248 -0.005461
-0.000367 0.018271 0.108964 0.627308 0.578016 0.001739 -0.021361 0.037044 0.078692 0.092012 0.046203 0.006716 -0.112150 -0.020803 -0.118982 -0.411186 -0.000727 -0.011540 -0.000169 -0.000063 -0.000058 0.000000 0.000000 0.000000 0.000000 0.000320 0.026280 0.019844 0.317531 -0.116507 -0.161123 -0.165874 0.018767 0.023152 0.010132 -0.256436 -0.013123 -0.006953 -0.002730 -0.000670 -0.026369 -0.001918 -0.003639 -0.717224 -1.977771 -0.258198 -0.012469 -0.003663 0.002923 -0.108890 0.567244 -0.586842 -0.140269 -0.211742 -0.239493 -0.010970 0.149776 -0.149367
-0.002242 0.039129 0.104835 0.165604 0.054702 0.004291 -0.024048 0.055241 0.122496 0.121817 0.052479 -0.004312 -0.130530 -0.026251 -0.162538 -0.503880 -0.018267 -0.011096 -0.056270 -0.009699 -0.012723 -0.006965 -0.010009 -0.021817 -0.019482 -0.000565 0.015664 0.011838 0.013130 -0.045330 -0.113312 -0.195204 0.038291 0.051071 0.030326 -0.204899 -0.591148 -0.097469 -0.013233 -0.008649 -0.058102 -0.186783 -0.475991 -1.208982 -1.860245 -0.203514 -0.000766 -0.011257 0.036908 0.048391 0.990601 0.008110 0.143908 -0.041683 0.034081 -0.032870 0.381998 0.017699
0.028609 0.049179 0.074231 0.077340 0.007594 0.033417 -0.095247 0.199502 0.345372 0.310134 0.157792 -0.029501 -0.271865 -0.030902 -0.043913 -0.181956 -0.359180 -0.132005 -0.421344 -0.338104 -0.028329 -0.019937 -0.036770 -0.050445 -0.026683 -0.000348 0.000010 0.000360 0.000360 0.000122 -0.088534 -0.085493 0.122522 0.122973 -0.017619 -0.065572 -0.062725 -0.047782 -0.012318 -0.007325 0.202594 -0.316951 -0.673527 -1.225355 -0.766482 0.001557 0.015006 0.002534 0.043677 0.012774 0.015186 0.181050 0.025160 0.003744 0.000508 0.106392 0.228159 0.138748
-0.042900 0.000000 0.000000 0.000000 0.111395 0.228489 -0.045362 0.224772 0.458979 0.282951 0.091711 0.014194 -0.380408 -0.000633 -0.001831 -0.001576 -0.617593 -0.237224 -0.707317 -0.162137 -0.079834 -0.369921 -0.043864 -0.026263 -0.030472 -0.005447 -0.008693 -0.000360 -0.000360 -0.000093 -0.254585 -0.040735 0.000020 0.000785 -0.033021 0.109910 -0.019235 -0.029521 -0.060721 -0.030736 0.459003 -0.499975 -0.844510 -1.147020 -0.670499 -0.000053 0.000000 0.003973 0.023190 0.000352 0.000158 0.017938 0.002014 0.000000 0.001397 0.344989 0.285144 0.360275
-0.094140 -0.114668 -0.069212 0.111782 0.128816 0.241027 0.374213 0.205343 0.290967 0.129374 0.110944 0.000525 -0.377547 -0.194143 -0.001156 -0.008389 -0.777732 -0.182204 -0.285690 -0.087631 -0.005249 -0.216200 -0.008398 -0.009210 -0.035998 -0.042419 -0.018765 -0.007478 -0.015326 -0.150445 -1.558154 -0.146558 -0.007736 0.000224 0.001033 0.001541 0.001038 0.034035 -0.012269 0.230846 0.298223 -0.584979 -0.679508 -1.224846 -0.550537 -0.000686 -0.009857 -0.001167 0.000416 -0.000170 -0.000106 -0.000001 -0.000297 -0.025286 0.450847 1.042050 0.557649 0.504846
-0.044136 -0.207063 -0.456924 0.096896 0.163966 0.092310 0.470978 -0.072043 -0.000080 -0.000239 0.000701 0.000078 -0.188438 -0.300153 -0.079423 -0.128630 -0.793475 -0.227698 -0.291968 -0.044890 -0.026169 -0.118172 -0.003226 -0.003955 -0.008823 -0.258931 -0.266548 -0.289081 -1.521820 0.353497 -0.582465 0.305657 -0.059330 -0.000643 -0.000763 -0.000551 0.000789 0.009746 0.020181 0.012225 0.170315 -0.725236 -0.719109 -1.196045 -0.554615 -0.053425 -0.045160 -0.000637 0.000123 -0.000741 -0.007794 -0.012038 1.022480 1.659301 1.532250 1.429275 0.461427 0.610702
0.049244 -0.005085 0.286853 0.135030 0.125824 0.081430 0.087902 -0.121015 -0.351840 -0.001190 -0.000995 -0.000720 -0.068851 -0.150486 -0.042014 -0.127877 -0.649794 -0.324412 -0.375313 -0.079557 -0.068829 -0.134678 -0.002600 -0.011088 -0.120799 -0.160184 -0.184827 -0.278049 -0.890395 0.068632 -0.227886 0.169799 -0.020797 -0.012752 -0.024141 -0.001364 -0.000932 0.000414 0.008775 0.000212 0.000141 -0.716080 -0.672832 -1.114829 -0.511896 -0.598754 -0.004040 0.000020 0.000136 -0.000609 -0.037823 0.155870 2.087255 1.937813 1.957414 1.183745 -0.155560 0.590871
0.174136 0.170518 0.699349 0.232468 0.161261 0.126098 0.136049 -0.001083 -0.322787 -0.200349 -0.117494 -0.259953 -0.020936 -0.007502 -0.000709 -0.727644 -0.582028 -0.404710 -0.469555 -0.101801 -0.331824 -0.060132 -0.127333 -0.336612 -0.084992 -0.090570 -0.172240 -0.231901 -0.204780 0.109355 0.110163 -0.131484 -0.036623 -0.021734 -0.039249 -0.027882 -0.001273 -0.000591 -0.000022 -0.000102 0.000105 -0.626451 -0.623142 -1.062921 -1.208925 -0.483083 0.000073 0.000000 -0.000070 -0.014960 1.777860 2.695112 3.678500 2.980034 2.219906 1.678971 -0.125861 0.755216
0.124603 0.070146 0.176023 0.124773 0.074950 0.031202 0.042291 0.022825 -0.187826 -0.377961 -0.777070 -0.613168 -0.036468 0.025644 -0.013323 -0.283236 -0.657570 -0.514477 -0.622339 -0.124655 -0.097764 0.048439 -0.046082 -0.251464 -0.100821 -0.126067 -0.096207 -0.096570 -0.147483 0.000000 0.000000 -0.029028 -0.124857 -0.105881 -0.447418 -0.062858 -0.008196 -0.005268 -0.010351 -0.000685 -0.000088 -0.646218 -0.709724 -1.234197 -0.792286 -0.594251 -0.000153 -0.004212 -0.014165 0.519637 3.118804 3.157582 3.235419 1.142880 2.701727 1.838005 0.088603 0.673068
0.007311 0.001231 0.063160 0.053454 0.028252 0.005807 0.020350 0.008187 0.005863 -0.160242 -0.560486 -0.349093 -0.061056 -0.048366 -0.083901 -0.170481 -0.559413 -0.690965 -0.887205 -0.168441 -0.115370 0.135064 -0.016446 -0.182872 -0.173464 -0.095654 -0.072799 -0.337626 -0.342847 -0.001325 -0.006410 -0.046128 -0.276132 -0.800985 -0.446873 0.084325 -0.001608 -0.026054 -0.031229 -0.002235 -0.000951 -0.275855 -0.420501 -0.845119 -0.924846 -0.834425 -0.017717 -0.007710 0.035802 1.447804 3.143276 2.612489 2.721494 1.616787 1.041231 2.152653 0.544492 1.047457
-0.012699 -0.003992 0.097028 0.080207 0.039106 0.004214 0.057614 0.031730 0.012985 0.030142 0.479157 0.217457 -0.119129 -0.143069 -0.155976 -0.066741 -0.513367 -0.786588 -1.038433 -0.759295 -0.125921 0.000433 0.236326 0.067169 -0.090238 -0.066627 -0.153403 -1.101345 -0.343313 -0.000840 -0.030653 -0.952644 -0.010389 -0.753420 0.007004 0.007944 0.007003 -0.002134 -0.070994 -0.025953 0.274185 -0.102899 -0.307630 -0.801570 -0.827365 -2.392567 -0.350960 -0.012543 1.216035 1.811854 3.051825 2.393931 2.514361 1.693976 1.035467 1.024695 0.088323 0.005382
-0.004262 0.055273 0.099012 0.084402 0.041795 0.195205 0.138281 0.117155 0.047050 0.120075 0.164667 0.129473 0.294476 -0.151156 -0.212843 -0.169155 -0.387262 -0.859738 -1.153025 -0.888898 -0.078950 -0.000025 0.000000 0.000066 -0.030267 -0.029190 -0.030069 -0.497605 -1.100998 -0.107535 -0.016969 0.002011 0.001225 -0.626972 0.000000 0.000000 0.000065 0.000001 -0.487036 -0.037074 0.371478 0.001936 0.000731 -0.715610 -0.631932 -1.959992 -0.442727 -0.204573 1.528585 1.903822 3.052405 2.311067 2.642175 1.540669 1.177043 0.816728 0.000505 0.001157
0.026927 0.051248 0.174692 0.071773 0.040151 0.065573 0.031949 0.021937 0.008229 0.034694 0.068709 0.033248 0.045763 -0.091501 0.038262 -0.110920 -0.379790 -0.936423 -1.771073 -1.573348 -0.371374 -0.097650 -0.005366 -0.000511 0.023169 0.238096 0.266310 -0.002599 -1.004899 -0.538845 -0.022284 -0.003922 -0.001382 -0.650293 -0.005342 -0.005378 -0.000547 -0.000042 -0.288243 0.088934 0.256178 0.001264 -0.000100 -0.458748 -0.868943 -0.887663 -0.168172 -0.019645 1.699938 2.027924 3.082387 1.817871 2.322539 1.185028 1.048631 0.675928 -0.000015 0.000347
0.004457 0.042771 0.142033 0.065821 0.002578 0.002747 0.002230 0.001016 0.000248 0.000322 0.105313 0.000767 0.009186 0.051457 0.226007 0.000742 -0.095845 -1.382569 -1.553318 -1.439089 -0.389695 -0.162334 0.098441 0.008188 0.008187 0.021667 0.014829 0.050197 -0.754163 -0.426783 -0.477755 -0.011121 -0.155317 -1.604604 -0.166230 -0.013839 -0.004640 0.000177 0.037704 0.173339 0.082892 -0.001485 -0.032933 -0.518462 0.313685 -0.123711 0.113481 0.619356 1.730380 2.385181 3.175805 1.845727 1.808201 0.850572 0.504758 0.540071 -0.000232 -0.000195
-0.001613 0.052327 0.002433 0.003637 0.003179 0.001038 0.000262 0.000052 -0.000149 0.000130 0.092619 0.001169 0.001298 0.023744 0.269083 0.001885 -0.063111 -1.446940 -1.828853 -1.698685 -0.439736 -0.214696 0.116375 0.012588 0.000626 0.008624 0.006411 0.016594 -1.040914 -0.248437 -0.418412 -0.393605 -0.169215 -1.327923 -0.250784 -0.029637 -0.014630 0.000554 0.008372 0.019271 0.001595 -0.073044 0.255412 0.180027 1.039364 0.426924 0.421423 1.481556 2.272536 2.140921 1.902009 1.260457 0.960318 0.210580 0.132980 0.280539 -0.074559 -0.000390
