use_cases/Flooding_chicago/flooding_data/output/hUy_840.asc
ncols 337
nrows 393
xllcorner 428428.000000
yllcorner 4602440.000000
cellsize 26.757400
NODATA_value -9999.000000
[rows 182 to 207 of 393, columns 116 to 173 of 337]
-0.000375 -0.000257 -0.172485 0.001524 -0.001082 -0.008826 -0.006319 -0.000497 -0.000015 0.000420 0.348571 0.609838 0.568253 0.542709 0.049390 0.027634 0.067356 0.164382 0.070687 0.069611 0.070579 0.000404 -0.041411 -0.013504 -0.008873 -0.000518 -0.001196 -0.022568 -0.022191 -0.001311 -0.282520 -0.102194 0.000722 -0.000212 -0.000929 -0.005552 -0.000965 -0.000473 -0.000573 0.062246 0.016233 0.029096 0.025498 0.047861 0.004529 0.004188 0.002397 0.019223 -0.315253 -0.388351 -0.207263 -0.000493 0.000342 0.001111 0.001736 0.003443 0.000911 0.000215
-0.005959 -0.000931 -0.114385 -0.153125 -0.001187 -0.019796 -0.012926 -0.006812 -0.016604 0.231927 0.570018 0.551557 0.001485 0.000834 0.001419 0.003138 0.012581 0.024336 0.138630 0.225120 0.241216 0.035683 -0.000629 -0.014909 -0.020121 -0.011580 -0.005020 -0.035147 -0.027373 -0.147960 -0.265393 0.000449 -0.000173 -0.001414 -0.001644 -0.004515 -0.010008 -0.006590 -0.001428 0.045667 0.001091 0.076519 0.035895 0.004754 0.006866 0.000809 0.000717 0.000181 0.000242 -0.196671 -0.552433 -0.000313 -0.000122 0.001017 0.001354 0.002914 -0.001959 -0.001048
-0.030965 -0.004933 -0.076686 -0.198018 -0.014845 -0.021556 -0.014239 -0.013704 -0.195480 0.385575 0.970892 0.423143 0.124062 -0.000179 0.002311 0.005031 0.041946 0.013607 0.033163 0.028046 0.029331 0.002439 0.000973 -0.003457 -0.015649 -0.018726 -0.007528 -0.051388 -0.029720 -0.357560 -0.117844 -0.001116 -0.001515 -0.000921 -0.017206 -0.013922 -0.025846 -0.004045 -0.020823 0.000251 0.001796 0.018499 0.010100 0.004809 0.000609 0.000543 0.000079 -0.000124 -0.000007 -0.001123 -0.483923 -0.115094 -0.008527 0.000000 0.000000 0.000000 -0.004058 -0.001575
-0.006213 -0.098436 -0.003933 -0.222265 0.001014 -0.002867 -0.002430 -0.002251 -0.003200 0.260356 0.776996 0.323623 0.357776 -0.009539 0.001495 0.001859 0.015813 0.002926 0.015316 0.005981 0.000326 -0.000709 -0.003001 -0.002628 -0.001513 -0.017952 -0.009150 -0.105551 -0.141284 -0.212532 -0.160464 -0.059353 -0.011624 -0.009096 -0.037431 -0.026244 -0.051813 -0.047819 -0.018054 -0.000111 -0.000030 0.000000 0.001371 0.004082 0.000693 -0.000130 -0.000655 -0.010203 -0.000409 -0.000437 -0.417501 -0.167969 -0.022634 -0.007594 -0.018001 -0.018655 -0.002184 -0.023384
0.000006 -0.049172 0.065127 -0.234576 0.026268 -0.001058 0.002693 0.002704 0.214671 0.065871 0.904593 0.230977 0.533070 0.089977 0.000819 0.001875 0.001269 0.001289 0.000082 -0.000003 -0.000208 -0.001194 -0.077887 -0.084471 -0.002326 -0.004071 -0.014387 -0.152559 -0.202798 -0.209834 -0.242348 -0.113031 -0.100346 -0.023627 -0.043380 -0.017239 -0.117867 -0.063880 -0.010286 -0.028249 -0.002354 -0.026562 -0.005418 0.000168 0.000294 -0.000636 -0.011435 -0.015804 -0.110215 -0.152829 -0.295589 -0.155709 -0.176291 -0.017143 -0.045462 -0.023537 -0.018391 -0.026702
-0.121799 -0.044367 0.116403 -0.369922 0.342882 0.000604 0.014730 0.014660 0.658560 0.268854 0.918759 0.070694 0.811697 0.075778 0.001526 0.003224 0.000474 0.000269 -0.000643 -0.008831 -0.006900 0.142725 0.035406 -0.097624 -0.003571 -0.027652 -0.011798 -0.524498 -0.414890 -0.737338 -0.841475 -0.048094 -0.434104 -0.036911 -0.042647 -0.060734 -0.140761 -0.065325 -0.024810 -0.071670 -0.012561 -0.038394 -0.001261 -0.000142 -0.000418 -0.000769 -0.023678 -0.084534 -0.071270 0.047380 -0.340117 -0.203589 -0.074289 -0.027122 -0.062801 -0.023984 -0.036991 -0.039947
-0.200011 0.067490 0.307185 -0.263983 0.690556 0.017115 0.011142 0.010960 0.103276 0.200134 0.254417 0.194502 0.258251 0.041416 0.001095 0.005630 -0.000547 -0.003716 -0.005297 -0.016735 -0.246768 0.111867 0.049304 0.253691 0.015548 -0.147981 -0.454067 -0.605086 -0.223815 -0.000099 -0.001783 -0.022217 -0.032382 -0.075495 -0.095487 -0.148039 -0.173836 -0.094843 -0.121809 -0.035909 -0.037544 -0.044152 -0.008973 -0.013069 -0.006845 -0.007019 -0.127725 -0.039387 0.092273 0.249460 -0.169327 -0.145723 -0.116193 -0.246397 -0.249441 -0.290715 -0.040433 -0.073887
-0.017599 0.007843 0.006376 0.020137 0.234229 0.006365 0.006364 0.006034 0.002021 0.110476 0.151703 0.172268 0.123299 0.021781 -0.000307 0.000104 -0.002040 -0.004009 -0.004346 -0.003896 -0.306611 -0.060659 0.004381 0.077893 0.056195 -0.006335 -0.029035 -0.290748 -0.461748 0.077013 -0.028377 -0.060621 -0.010161 -0.089772 -0.820603 -0.084573 -0.106931 -0.025023 -0.001236 -0.016558 -0.071597 -0.034910 -0.030372 -0.018906 -0.014095 -0.022113 -0.195173 -0.022119 0.000885 0.012756 0.014011 0.085653 -0.199078 -0.163617 -0.090682 -0.106009 0.002208 -0.076148
0.028506 0.000148 0.000468 0.000816 0.019605 0.000076 0.000208 0.000003 0.007930 0.192992 0.220578 0.247388 0.051878 0.011751 -0.000438 -0.000638 -0.001791 -0.139093 -0.034665 -0.004723 -0.288005 -0.057383 -0.007499 -0.000008 0.011302 0.014559 0.180688 -0.179653 -0.341399 0.094400 -0.141401 -0.721498 -0.453878 -0.358532 -0.332768 -0.018130 -0.017886 -0.007608 -0.001606 -0.006560 -0.261272 -0.248884 -0.203820 -0.031089 -0.061290 -0.206607 -0.163892 -0.006486 -0.000050 0.000105 0.000222 0.000103 -0.208419 -0.129468 -0.050153 -0.031562 0.039316 0.050686
0.019770 -0.000132 -0.000270 -0.000188 -0.000005 -0.000113 -0.000326 -0.011148 0.026518 0.036038 0.023031 0.298853 0.174146 0.034149 0.040166 0.099734 -0.005455 -0.453716 -0.021991 0.069440 -0.206232 0.006264 0.071847 -0.055250 0.002213 0.079446 0.354214 -0.036872 -0.162013 0.065445 -0.128587 -0.675490 -0.442982 -0.010274 0.145003 -0.007425 -0.004822 -0.004188 -0.007813 -0.091858 -0.111380 -0.110391 0.098023 -0.216642 -0.018107 -0.138919 -0.019784 -0.010679 -0.021368 -0.000136 -0.000222 -0.000103 -0.199848 -0.089403 0.104817 0.106925 0.113936 0.009137
0.000607 -0.370006 -0.347153 -0.020880 -0.006314 -0.014302 -0.022946 -0.007611 0.060834 0.010465 0.012258 0.013091 0.295137 0.033664 0.038698 0.105707 -0.088448 -0.238208 0.026945 0.007892 -0.189762 0.008409 0.054542 -0.033491 0.020059 0.031872 0.552021 0.048005 -0.070660 0.000529 -0.229185 -0.543714 -0.359314 0.494406 0.570639 0.400034 -0.003858 -0.011877 -0.012192 -0.126833 -0.099935 -0.054358 0.187301 0.022598 0.079812 0.040829 -0.025481 -0.145118 -0.309814 -0.008107 -0.006077 -0.006984 -0.087080 0.000000 0.000000 0.000001 0.000031 0.000222
0.000799 0.140955 0.050164 -0.361173 0.008100 -0.023723 -0.048381 -0.002379 0.015054 0.037956 0.020684 0.004477 0.119066 0.098798 0.107393 0.012356 0.025041 0.024754 0.007456 0.004525 0.022695 0.080003 0.063497 0.007684 0.007100 0.007011 0.023595 0.389587 -0.052132 -0.063167 -0.250448 -0.501568 -0.264023 0.007200 0.007925 0.602711 -0.005310 -0.024175 -0.017923 -0.165684 -0.058935 -0.005165 0.320128 0.016395 0.013596 0.007148 0.025467 -0.069923 -0.300371 -0.159396 -0.010504 -0.020300 -0.036922 -9999.000000 -9999.000000 -9999.000000 -9999.000000 -0.000222
0.000738 0.233359 0.064811 -0.350280 0.050541 0.027180 -0.003929 -0.000718 0.000879 0.013521 0.008926 0.012632 0.024438 0.021719 0.045007 0.001886 0.001265 0.000349 0.000103 0.000222 0.000971 0.003342 -0.000049 0.000000 0.000000 0.000000 0.008474 0.006652 0.016382 -0.151184 -0.358058 -0.543389 -0.156388 0.000027 0.000974 0.143381 0.009830 -0.000020 -0.006469 0.079178 0.245302 0.169784 0.036656 0.026393 0.004814 0.003157 0.152796 0.122812 -0.242026 -0.076909 -9999.000000 -9999.000000 -9999.000000 -9999.000000 -9999.000000 -9999.000000 -9999.000000 -9999.000000
0.000067 0.434955 0.154282 -0.215075 0.020696 0.024594 0.001662 -0.000017 -0.000108 0.000000 0.007356 0.013297 0.001264 0.002451 0.014698 0.001099 -0.001205 -0.000326 -0.000103 -0.000222 -0.000353 0.184135 -0.274271 -0.022573 0.001660 -0.005558 0.000000 0.000000 -0.000071 -0.243037 -0.326191 -0.330407 -0.126170 0.015141 0.000113 0.002309 0.003889 -0.001211 -0.006568 0.002967 0.021925 0.006993 0.033471 0.012902 0.021079 0.014127 0.019031 0.001080 0.000044 -9999.000000 -9999.000000 -9999.000000 -9999.000000 -9999.000000 -9999.000000 -9999.000000 -9999.000000 -9999.000000
-0.000464 0.049655 0.038336 0.000347 0.000065 0.000000 -0.000026 -0.000253 -0.001358 -0.015201 -0.002962 0.007965 0.000865 0.000064 0.000000 -0.000504 -0.000015 -0.086328 -0.017335 -0.003946 0.511223 0.604050 -0.588842 -0.732682 0.006660 -0.049727 -0.001594 -0.005288 -0.207883 -0.500697 -0.835674 -0.299758 0.010990 0.038320 -0.091780 -0.000271 0.007448 -0.000752 -0.001388 0.000097 0.000353 0.000639 0.013121 0.002143 0.010553 0.007510 0.000760 -9999.000000 -9999.000000 -9999.000000 -9999.000000 -9999.000000 -9999.000000 -9999.000000 -9999.000000 -9999.000000 -9999.000000 -9999.000000
-0.008097 0.000222 0.000103 -0.000080 -0.000552 -0.005378 -0.110737 -0.006572 -0.013083 -0.077329 -0.001560 0.000396 -0.001174 -0.002393 -0.010042 -0.001306 -0.008788 -0.111923 -0.027599 -0.010125 0.012998 0.533826 -0.144951 0.000360 0.000360 -0.023893 0.000222 -0.002458 -0.203532 -0.524674 -0.294740 -0.238641 -0.000170 0.059651 0.062890 -0.003456 0.012278 0.008290 -0.013854 -0.000261 0.000486 0.000766 0.000100 0.001735 0.000569 0.000393 -9999.000000 -9999.000000 -9999.000000 -9999.000000 -9999.000000 -9999.000000 -9999.000000 -9999.000000 -9999.000000 -9999.000000 -9999.000000 -9999.000000
-0.028986 -0.000222 -0.000103 0.035383 0.106572 -0.433280 -0.530713 -0.003007 -0.002854 0.000140 0.000095 -0.000693 -0.001518 -0.037991 -0.052946 -0.017083 -0.030953 -0.057381 -0.026172 -0.000564 0.004519 0.039782 -0.011216 -0.000360 -0.000360 -0.020549 -0.000222 -0.000814 -0.256355 -0.353132 -0.336217 -0.249400 -0.089098 -0.022743 0.096601 0.007178 0.015040 0.012027 -0.054914 -0.001032 0.000194 0.000051 -0.000347 -0.000242 -0.000247 -0.000331 -9999.000000 -9999.000000 -9999.000000 -9999.000000 -9999.000000 -9999.000000 -9999.000000 -9999.000000 -9999.000000 -9999.000000 -9999.000000 -9999.000000
0.000017 -0.003946 -0.012484 0.101551 0.246974 -0.103249 -0.514281 -0.001120 -0.000564 -0.000172 -0.000411 -0.015487 -0.009548 -0.153851 -0.018993 -0.020050 -0.031280 -0.041533 -0.015200 -0.000362 0.000222 0.000133 -0.004985 -0.019070 -0.118034 -0.130728 -0.241512 -0.168297 -0.261375 -0.345939 -0.322014 -0.225001 -0.035252 -0.012399 0.051000 0.001613 0.014158 0.012874 -0.005350 0.000194 -0.000494 -0.000445 -0.000304 -0.000591 -0.000554 -9999.000000 -9999.000000 -9999.000000 -9999.000000 -9999.000000 -9999.000000 -9999.000000 -9999.000000 -9999.000000 -9999.000000 -9999.000000 -9999.000000 -9999.000000
0.052274 0.220712 -0.163728 0.237172 0.189399 -0.072753 -0.191596 0.021379 -0.012289 -0.008654 -0.006525 -0.169367 -0.124811 -0.061333 -0.008973 -0.013181 -0.014811 -0.133445 -0.081592 -0.007408 -0.000222 -0.000104 -0.001042 -0.159722 0.032827 0.253192 -0.028834 -0.299089 -0.861637 -1.246302 -0.249459 -0.182106 0.021560 0.093331 0.126080 -0.001942 0.000001 0.000016 0.000192 0.000071 -0.000517 -0.000386 -0.000530 -0.001308 -0.006225 -9999.000000 -9999.000000 -9999.000000 -9999.000000 -9999.000000 -9999.000000 -9999.000000 -9999.000000 -9999.000000 -9999.000000 -9999.000000 -9999.000000 -9999.000000
0.178024 0.392956 -0.163253 0.119403 0.172160 -0.046376 0.139995 0.091976 -0.084012 -0.048187 -0.073238 -0.098788 -0.077107 -0.000026 -0.003368 -0.020640 0.073704 -0.572199 -0.517581 -0.324233 -0.009494 -0.008588 -0.023825 -0.016040 0.076109 0.300878 0.051877 -0.161599 -0.569793 -0.975973 -0.202588 -0.186275 0.068959 0.164974 0.294261 0.265069 -0.024121 -0.027290 -0.000521 -0.002208 -0.026792 -0.011463 -0.019740 -0.010871 -0.012124 -9999.000000 -9999.000000 -9999.000000 -9999.000000 -9999.000000 -9999.000000 -9999.000000 -9999.000000 -9999.000000 -9999.000000 -9999.000000 -9999.000000 -9999.000000
0.151878 0.481854 -0.215125 -0.002927 0.147926 0.084560 0.343924 0.243060 0.478454 -0.131275 -0.029501 -0.065668 -0.059262 -0.000446 -0.001494 -0.011235 0.299680 -0.364171 -0.240183 0.005036 -0.040850 -0.036715 -0.018616 0.074349 0.098931 0.187635 0.085254 -0.099798 -0.456182 -0.725776 -0.212279 -0.130882 0.009636 0.000576 0.337716 0.246916 -0.147253 0.242108 -0.021575 -0.013326 -0.053303 -0.043929 -0.020187 -0.035623 -0.011154 -9999.000000 -9999.000000 -9999.000000 -9999.000000 -9999.000000 -9999.000000 -9999.000000 -9999.000000 -9999.000000 -9999.000000 -9999.000000 -9999.000000 -9999.000000
0.384390 0.777971 -0.117262 -0.082051 0.327014 0.517280 0.514541 0.006492 0.689387 0.257784 -0.086846 -0.032346 -0.041731 -0.001365 -0.002008 0.073804 0.340353 -0.130444 -0.056019 0.102417 -0.205922 -0.312825 -0.006843 0.000643 0.001815 0.189212 0.203223 0.086108 -0.298245 -0.740371 -0.137701 -0.308650 -0.000000 -0.000010 0.002727 0.250288 0.151249 0.358233 -0.006735 -0.026264 -0.023430 -0.008437 -0.003727 -0.056172 -0.028823 0.000000 -9999.000000 -9999.000000 -9999.000000 -9999.000000 -9999.000000 -9999.000000 -9999.000000 -9999.000000 -9999.000000 -9999.000000 -9999.000000 -9999.000000
0.512756 0.589133 -0.000479 0.000854 0.001445 0.013858 0.019076 0.004336 0.040709 0.660068 0.171235 0.032120 -0.013955 -0.001208 -0.001077 0.085200 0.447625 -0.006473 0.031971 0.129230 -0.011611 0.267391 -0.012305 -0.000095 0.002181 0.016416 0.024268 0.004016 0.072058 -0.420470 -0.154797 -0.580805 0.001709 0.008452 0.005808 0.012347 0.016094 0.344836 0.122753 0.041895 -0.007416 -0.029906 -0.005891 -0.070409 -0.061169 -0.003663 -9999.000000 -9999.000000 -9999.000000 -9999.000000 -9999.000000 -9999.000000 -9999.000000 -9999.000000 -9999.000000 -9999.000000 -9999.000000 -9999.000000
0.665450 0.729630 0.563894 -0.000185 -0.000086 0.000232 0.009733 0.000798 0.007390 0.114778 0.203651 0.109006 0.053363 -0.001030 -0.001258 0.001654 0.015071 0.012099 0.093216 0.188387 0.099377 0.350423 -0.045179 -0.000251 0.000073 0.001344 0.007047 0.006464 0.001505 -0.401596 -0.140835 -0.348853 0.003429 0.013797 0.007932 0.016172 0.025927 0.036494 0.044637 0.069912 0.015331 -0.114406 -0.100379 -0.021795 -0.022585 -0.032837 0.000000 -9999.000000 -9999.000000 -9999.000000 -9999.000000 -9999.000000 -9999.000000 -9999.000000 -9999.000000 -9999.000000 -9999.000000 -9999.000000
0.055935 0.733149 0.516068 0.363701 0.372195 -0.000109 0.000016 0.000389 0.000550 0.009453 0.010585 0.183269 0.077515 0.008064 0.002354 0.000186 0.000222 0.025254 0.026140 0.273684 0.236160 0.408968 0.062418 -0.000044 -0.000147 0.000632 0.000372 0.000355 0.000150 -0.419506 -0.181296 -0.260232 0.002966 0.003209 0.005235 0.008872 0.019555 0.037483 0.043940 0.135705 0.116729 0.066420 0.023241 -0.012006 -0.112733 -0.005495 -0.003663 -9999.000000 -9999.000000 -9999.000000 -9999.000000 -9999.000000 -9999.000000 -9999.000000 -9999.000000 -9999.000000 -9999.000000 -9999.000000
0.000622 0.027537 0.462221 0.452333 0.733231 -0.015878 -0.008863 -0.000826 -0.000543 -0.000020 0.005527 0.007009 0.007074 0.006701 0.008909 0.000513 -0.000222 0.021853 0.045616 0.102320 0.106138 0.100168 0.058516 0.000236 -0.000218 0.000457 0.000206 0.000033 -0.000201 -0.418266 -0.271351 -0.203010 0.000411 -0.000040 -0.002516 0.005563 0.000000 0.030853 0.023068 0.006749 0.009792 0.007269 0.134124 -0.001297 -0.143473 -0.002732 -0.006945 -9999.000000 -9999.000000 -9999.000000 -9999.000000 -9999.000000 -9999.000000 -9999.000000 -9999.000000 -9999.000000 -9999.000000 -9999.000000
