use_cases/Flooding_chicago/flooding_data/output/hUy_2100.asc
ncols 337
nrows 393
xllcorner 428428.000000
yllcorner 4602440.000000
cellsize 26.757400
NODATA_value -9999.000000
[rows 182 to 207 of 393, columns 116 to 173 of 337]
-0.000375 -0.000257 0.137906 0.128882 -0.003238 -0.008826 -0.006319 -0.000497 -0.000014 0.057754 1.345368 2.637385 1.383682 0.710120 0.395323 0.031686 0.078854 0.190153 0.087066 0.092859 0.104993 0.007891 -0.049875 -0.013504 -0.008873 -0.000518 -0.001196 -0.022567 -0.022190 -0.001359 -0.287225 -0.103935 0.000716 -0.000212 -0.000929 -0.005553 -0.000965 -0.000473 -0.001225 0.083506 0.026331 0.039374 0.034072 0.058335 0.004529 0.004188 0.002397 0.032720 -0.261445 -0.478750 -1.305741 -0.108729 0.000334 0.001111 0.001736 0.003443 0.000911 0.000215
-0.005959 -0.000930 0.216503 0.166664 0.003988 -0.019796 -0.012926 -0.006812 -0.057350 0.839620 1.545747 1.518804 0.095053 0.025427 0.001521 0.003330 0.013251 0.025056 0.159138 0.269011 0.299359 0.060029 0.016135 -0.017184 -0.020121 -0.011580 -0.005020 -0.035147 -0.027372 -0.149972 -0.270329 0.000448 -0.000182 -0.001414 -0.001644 -0.004516 -0.010008 -0.006766 -0.002149 0.051305 0.001091 0.088153 0.038957 0.004754 0.006866 0.000809 0.000717 0.000181 0.000237 -0.466206 -1.895504 -0.066130 -0.000118 0.001017 0.001355 0.002916 -0.001959 -0.001048
-0.038378 -0.130562 0.445127 0.099573 -0.012001 -0.093228 -0.065475 -0.100234 0.033493 1.265271 2.016879 1.064714 0.486527 0.022127 0.002557 0.005442 0.043800 0.014287 0.035462 0.035873 0.051208 0.020684 0.023237 0.005075 -0.015649 -0.018726 -0.007527 -0.051389 -0.029721 -0.362343 -0.120618 -0.001119 -0.001519 -0.000921 -0.017214 -0.013930 -0.025901 -0.004130 -0.021934 0.000251 0.001796 0.018499 0.010100 0.004809 0.000609 0.000543 0.000079 -0.000124 -0.000038 -0.117707 -1.438206 -0.701118 -0.013607 0.000000 0.000000 0.000000 -0.004058 -0.001575
-0.035067 -0.091512 0.448863 0.006981 0.036253 -0.035456 -0.018601 -0.036425 0.073442 1.321566 1.679880 0.977787 0.796508 -0.076553 0.001737 0.002220 0.017143 0.003429 0.015558 0.005982 0.000326 0.027876 0.023712 0.012273 -0.001513 -0.017954 -0.009149 -0.106325 -0.142762 -0.216363 -0.163177 -0.060135 -0.011630 -0.009101 -0.037483 -0.026344 -0.052172 -0.048356 -0.018722 -0.000111 -0.000030 0.000000 0.001371 0.004082 0.000693 -0.000130 -0.000655 -0.010197 -0.000403 -0.042190 -1.315622 -0.757755 -0.115238 -0.007594 -0.018001 -0.018655 -0.002185 -0.023384
0.043707 -0.055168 0.474212 -0.060194 0.116854 -0.026028 -0.005931 -0.016156 0.286568 1.124927 1.934472 0.909813 1.081038 -0.042152 0.001039 0.002564 0.001952 0.002415 0.000082 -0.000003 -0.000208 0.008561 -0.098598 0.055411 0.012455 -0.004071 -0.014397 -0.154317 -0.206029 -0.214604 -0.246658 -0.114423 -0.101333 -0.023641 -0.043423 -0.017284 -0.118688 -0.064550 -0.010525 -0.028330 -0.002354 -0.026562 -0.005418 0.000168 0.000294 -0.000636 -0.011435 -0.023403 -0.057222 -0.638186 -1.069339 -0.724200 -0.573718 -0.017143 -0.045464 -0.023538 -0.018391 -0.026702
0.374190 -0.025773 0.642151 -0.129021 0.101998 -0.030082 0.041811 0.057222 0.938702 1.829144 1.950349 0.430833 1.434403 0.199100 0.002050 0.004866 0.002000 0.004728 -0.000643 -0.008831 -0.006900 -0.092715 -0.366017 0.074004 0.029660 -0.109461 -0.013457 -0.616307 -0.447052 -0.841073 -0.897800 -0.048876 -0.435812 -0.036945 -0.042729 -0.060989 -0.141625 -0.065854 -0.024971 -0.071802 -0.012561 -0.038394 -0.001261 -0.000142 -0.000418 -0.000770 -0.047049 -0.610550 -0.378377 -0.708045 -0.942525 -0.577963 -0.375629 -0.060734 -0.092139 -0.023888 -0.036864 -0.039772
0.576825 0.032018 0.909969 -0.131063 -0.003262 0.039639 0.011142 0.010961 0.379661 0.921529 0.905446 0.814265 0.801050 0.103772 0.001385 0.007823 0.000240 -0.002379 -0.017984 -0.077700 -0.360570 -0.287442 -0.274971 0.454429 0.065034 -0.006888 -0.063148 -0.990560 -0.282283 -0.000103 -0.001835 -0.022683 -0.032988 -0.076481 -0.096250 -0.148690 -0.174634 -0.095209 -0.122096 -0.035964 -0.037544 -0.044152 -0.008973 -0.013069 -0.006846 -0.007019 -0.923527 -0.612229 -0.176089 -0.169272 -0.624840 -0.209676 -0.394352 0.035386 -0.015895 -1.578239 -0.063189 -0.098580
0.574372 0.150431 0.007282 0.148773 0.596613 0.006365 0.006364 0.006034 0.014253 0.678567 0.666522 0.734375 0.560886 0.103821 -0.000496 -0.000077 -0.003429 -0.010413 -0.015574 -0.034970 -0.438851 -0.377023 -0.328484 0.221908 0.080774 0.050868 0.217615 -0.378395 -0.683670 0.176135 -0.119600 -0.139309 -0.011667 -0.338617 -0.999675 -0.104058 -0.109989 -0.025154 -0.001238 -0.016575 -0.071600 -0.034911 -0.030374 -0.018905 -0.014095 -0.019851 -2.019682 -0.536568 -0.000394 0.037866 0.072341 -0.107216 -0.412644 0.177033 0.158305 -1.332760 -0.142560 -0.090196
0.576497 0.037682 0.000960 0.001528 0.021176 0.000076 0.000208 0.000003 0.022543 0.700628 0.731194 1.022360 0.629448 0.155445 -0.000554 -0.000936 -0.002981 -0.718466 -0.266741 -0.106164 -0.398475 -0.240861 -0.124371 -0.000111 0.023877 0.065727 0.292023 -0.258749 -0.497593 0.107297 -0.188686 -0.218494 -0.256796 -0.266035 -0.305871 -0.007172 -0.011036 0.018378 -0.001607 -0.006565 -0.433140 -0.499095 -0.380531 -0.158469 -0.286154 -0.983869 -1.454111 -0.283699 -0.000438 0.000105 0.000222 0.000103 -0.658535 0.037447 0.073843 -0.965684 -0.115228 -0.047775
0.262795 0.116703 0.000204 0.000621 -0.000005 -0.000113 -0.000326 -0.015677 0.026405 0.051363 0.031647 1.288147 1.198811 0.245330 0.223123 0.404074 -0.192852 -2.162755 -0.291433 0.021509 -0.250634 0.069034 0.243678 -0.033865 0.011589 0.118908 0.349702 -0.101490 -0.299097 -0.033013 -0.323719 -0.380242 -0.372560 -0.027353 0.306458 0.030488 -0.001633 0.013604 0.013381 0.093774 -0.020385 -0.210868 -0.271736 -0.574710 -0.153671 -0.857803 -0.299106 -0.183977 -0.080350 -0.000135 -0.000222 -0.000103 -1.190553 -0.096810 -0.040788 -0.346475 -0.069883 0.044260
0.109750 0.721193 -0.278149 -0.223431 -0.039515 -0.014630 -0.026200 -0.010874 0.070035 0.011013 0.013561 0.026313 1.780259 0.137663 0.145224 0.495741 -0.151382 -1.106373 -0.330182 0.060709 -0.218498 0.172838 0.332787 -0.033792 0.176705 0.209157 0.243274 -0.073313 -0.258696 -0.352383 -0.577459 -0.492606 -0.332182 0.175006 0.507092 0.803078 -0.011480 -0.027955 -0.018149 -0.072148 -0.137836 -0.104898 -0.141280 -0.240719 -0.210932 0.026122 -0.487302 -0.436431 -0.721624 -0.019747 -0.006078 -0.006984 -1.033632 -0.004698 -0.009341 -0.025702 -0.012065 0.000222
0.100381 1.132786 -0.347905 -0.278927 0.020058 -0.030326 -0.255015 -0.003683 0.015355 0.038930 0.021156 0.004603 0.622663 0.116077 0.032243 0.081969 -0.069725 -0.238332 0.009144 0.004338 0.164144 0.369917 0.389649 0.047340 0.006523 0.006518 0.230965 -0.118859 -0.360334 -0.549125 -0.769346 -0.665046 -0.191820 0.166044 0.207827 1.008728 -0.011938 -0.114039 -0.065950 -0.290885 -0.196077 -0.004918 0.124111 0.017721 0.015245 0.008038 -0.299384 -0.211404 -0.597164 -0.359202 -0.054973 -0.144706 -0.606944 -9999.000000 -9999.000000 -9999.000000 -9999.000000 -0.000222
0.074143 1.029538 -0.399921 -0.297167 -0.029528 -0.009929 -0.073859 -0.000956 0.000886 0.013635 0.009003 0.012849 0.027221 0.033143 0.062814 0.001874 0.001262 0.000349 0.000103 0.000222 0.013782 0.037901 0.024948 0.000000 0.000000 0.000000 0.006918 0.037251 -0.287744 -0.590572 -1.020492 -0.896445 -0.203368 0.000054 0.001559 0.211902 0.062397 -0.014650 -0.076013 -0.077649 0.403926 0.317364 0.039006 0.026392 0.004814 0.003157 -0.074341 0.016391 -0.447682 -0.256774 -9999.000000 -9999.000000 -9999.000000 -9999.000000 -9999.000000 -9999.000000 -9999.000000 -9999.000000
0.000067 1.015554 -0.380577 -0.266091 -0.047385 0.103632 -0.021449 -0.000057 -0.000109 0.000000 0.007335 0.013246 0.001264 0.002442 0.014528 0.001074 -0.001202 -0.000326 -0.000103 -0.000222 0.024820 0.111600 -0.106087 -0.135010 0.009701 -0.005558 0.000000 0.000000 -0.049077 -0.758268 -0.860254 -0.780768 -0.236086 0.030108 0.000321 0.002916 0.003651 -0.010387 -0.046877 0.003010 0.022306 0.006992 0.033470 0.012902 0.021079 0.014127 0.038989 0.001998 0.000119 -9999.000000 -9999.000000 -9999.000000 -9999.000000 -9999.000000 -9999.000000 -9999.000000 -9999.000000 -9999.000000
-0.000464 0.581750 -0.105814 0.020006 0.000078 0.000000 -0.000027 -0.000261 -0.001365 -0.015246 -0.003025 0.007914 0.000867 0.000070 0.000000 -0.000500 0.003980 -0.089216 -0.027349 -0.003946 0.320111 0.174136 -0.317631 -0.359791 0.009835 -0.110570 -0.017764 -0.028611 -0.301038 -1.239682 -1.648214 -0.782615 -0.036805 0.049229 -0.130191 -0.001762 0.005716 -0.003673 -0.009221 0.000093 0.000353 0.000639 0.013122 0.002143 0.010552 0.007510 0.000760 -9999.000000 -9999.000000 -9999.000000 -9999.000000 -9999.000000 -9999.000000 -9999.000000 -9999.000000 -9999.000000 -9999.000000 -9999.000000
-0.133077 0.000222 -0.000270 0.099192 -0.000595 -0.007812 -0.125579 -0.006266 -0.013112 -0.077445 -0.001580 0.000396 -0.001173 -0.002390 -0.010040 -0.001298 -0.009567 -0.122041 -0.045506 -0.028564 0.145534 0.084142 -0.199613 0.000360 0.000360 -0.057531 0.000222 -0.022564 -0.440278 -1.265315 -0.860213 -0.677220 -0.044748 -0.000153 0.012922 -0.015631 0.008805 0.001515 -0.019813 -0.000262 0.000486 0.000766 0.000100 0.001735 0.000569 0.000393 -9999.000000 -9999.000000 -9999.000000 -9999.000000 -9999.000000 -9999.000000 -9999.000000 -9999.000000 -9999.000000 -9999.000000 -9999.000000 -9999.000000
0.020845 -0.000222 -0.000278 0.114699 -0.028769 0.012939 -0.494406 -0.003310 -0.002862 0.000140 0.000095 -0.000693 -0.001517 -0.048496 -0.069627 -0.022795 -0.042001 -0.073107 -0.043488 -0.005396 0.004248 0.104612 -0.059914 -0.000360 -0.000360 -0.070508 -0.000222 -0.014888 -0.687010 -0.912380 -0.885128 -0.660159 -0.211550 -0.048142 0.050443 0.000269 0.013116 0.007587 -0.060457 -0.001032 0.000194 0.000051 -0.000346 -0.000242 -0.000247 -0.000331 -9999.000000 -9999.000000 -9999.000000 -9999.000000 -9999.000000 -9999.000000 -9999.000000 -9999.000000 -9999.000000 -9999.000000 -9999.000000 -9999.000000
0.132944 -0.005673 -0.097351 0.023697 -0.100208 0.164597 -0.340461 -0.001610 -0.000565 -0.000172 -0.000411 -0.015486 -0.009548 -0.197814 -0.027436 -0.029553 -0.050616 -0.069532 -0.029382 -0.001257 0.000222 0.000127 -0.031418 -0.034926 -0.206023 -0.621377 -0.101283 -0.431862 -0.728428 -0.926230 -0.848678 -0.624150 -0.128119 -0.043003 0.042249 0.001542 0.013675 0.010776 -0.007060 0.000194 -0.000494 -0.000445 -0.000304 -0.000591 -0.000554 -9999.000000 -9999.000000 -9999.000000 -9999.000000 -9999.000000 -9999.000000 -9999.000000 -9999.000000 -9999.000000 -9999.000000 -9999.000000 -9999.000000 -9999.000000
0.724874 0.210973 0.061476 -0.136943 -0.084146 0.179964 0.121434 0.328073 -0.012879 -0.008504 -0.006495 -0.221669 -0.159260 -0.093154 -0.015278 -0.026278 -0.031922 -0.471094 -0.223839 -0.021467 -0.000222 -0.000104 -0.006418 -0.488377 -0.354457 -0.417501 -0.068794 -0.244637 -1.179780 -1.809723 -0.771177 -0.585188 -0.061348 0.217415 0.138141 -0.002219 0.000001 0.000016 0.000192 0.000071 -0.000517 -0.000386 -0.000530 -0.001308 -0.006225 -9999.000000 -9999.000000 -9999.000000 -9999.000000 -9999.000000 -9999.000000 -9999.000000 -9999.000000 -9999.000000 -9999.000000 -9999.000000 -9999.000000 -9999.000000
0.770374 0.300068 0.018193 -0.229858 -0.182702 0.164896 1.011160 0.643179 -0.129718 -0.087170 -0.113110 -0.141255 -0.085454 -0.000183 -0.008180 -0.323650 -0.534351 -0.251078 0.128459 -0.055647 -0.016266 -0.029852 -0.566632 -0.639431 -0.349108 -0.273639 -0.033995 -0.123076 -1.026825 -1.783410 -0.743589 -0.645728 -0.064659 0.331202 0.313849 0.280993 -0.028188 -0.031333 -0.000521 -0.002208 -0.026792 -0.011463 -0.019740 -0.010870 -0.012124 -9999.000000 -9999.000000 -9999.000000 -9999.000000 -9999.000000 -9999.000000 -9999.000000 -9999.000000 -9999.000000 -9999.000000 -9999.000000 -9999.000000 -9999.000000
0.391182 0.228493 -0.081253 -0.426421 -0.366362 0.167088 1.863621 1.156459 1.693646 -0.184968 -0.054738 -0.091515 -0.022430 -0.001595 -0.299023 -0.402225 -0.411528 -0.095886 0.329877 0.276678 -1.218081 -0.496403 -0.565694 -0.262615 -0.109917 -0.131003 0.089868 -0.005814 -0.846692 -1.573107 -1.367963 -0.643552 0.020504 0.000580 0.360177 0.262963 -0.203243 0.235183 -0.021684 -0.013326 -0.053303 -0.043929 -0.020187 -0.035623 -0.011154 -9999.000000 -9999.000000 -9999.000000 -9999.000000 -9999.000000 -9999.000000 -9999.000000 -9999.000000 -9999.000000 -9999.000000 -9999.000000 -9999.000000 -9999.000000
0.768160 0.621648 0.215804 -0.249857 -0.232906 0.359888 1.182557 0.343327 2.180098 1.435756 0.092117 -0.061709 -0.060411 -0.112067 -0.283057 -0.441876 -0.419792 -0.010831 0.407934 0.474592 -1.180319 -1.201234 -0.463894 -0.002572 0.001064 0.074821 0.247591 0.193114 -0.535894 -1.670398 -1.254240 -1.080349 -0.000000 -0.000002 0.002811 0.269868 0.152557 0.372161 -0.006610 -0.027101 -0.023430 -0.008436 -0.003728 -0.056173 -0.028823 0.000000 -9999.000000 -9999.000000 -9999.000000 -9999.000000 -9999.000000 -9999.000000 -9999.000000 -9999.000000 -9999.000000 -9999.000000 -9999.000000 -9999.000000
1.207105 1.178981 0.268109 -0.026558 -0.000854 0.022153 0.019076 0.004336 0.856592 1.707521 1.249776 0.443092 -0.099273 -0.140457 -0.290189 -0.646392 -0.366370 -0.028255 0.371107 0.537125 -0.720257 -0.295346 -0.606536 -0.001295 0.001771 0.026019 0.042748 0.011521 -0.078176 -1.266240 -1.368617 -1.784503 0.011399 0.016111 0.006013 0.012777 0.016660 0.359229 0.125161 0.042919 -0.007415 -0.029906 -0.005891 -0.070409 -0.061168 -0.003663 -9999.000000 -9999.000000 -9999.000000 -9999.000000 -9999.000000 -9999.000000 -9999.000000 -9999.000000 -9999.000000 -9999.000000 -9999.000000 -9999.000000
1.685468 1.579310 1.363945 0.106449 -0.000472 0.000233 0.009733 0.000798 0.007390 0.877889 0.782770 0.733378 0.220765 -0.139314 -0.290353 -0.404848 -0.143261 -0.055663 0.227955 0.650623 -0.353793 -0.029307 -0.370065 -0.000618 -0.000283 0.001338 0.006921 0.013758 -0.009067 -1.326125 -1.483188 -1.300482 0.005640 0.022130 0.008168 0.016637 0.026791 0.037658 0.045693 0.070339 0.014220 -0.113834 -0.096890 -0.021795 -0.022585 -0.032837 0.000000 -9999.000000 -9999.000000 -9999.000000 -9999.000000 -9999.000000 -9999.000000 -9999.000000 -9999.000000 -9999.000000 -9999.000000 -9999.000000
0.461415 1.444601 1.300338 1.088182 1.232569 -0.000109 0.000016 0.000389 0.000550 0.009347 0.049846 0.808050 0.442517 -0.236283 -0.460140 -0.278999 -0.000795 -0.123622 -0.006385 0.511109 -0.195747 0.066877 -0.192339 -0.000089 -0.000204 0.000632 0.000372 0.000343 -0.002727 -1.406733 -1.646412 -1.177333 -0.002333 0.003267 0.005286 0.008941 0.020192 0.038542 0.044827 0.136590 0.115905 0.065653 0.027192 0.008861 -0.139218 -0.005495 -0.003663 -9999.000000 -9999.000000 -9999.000000 -9999.000000 -9999.000000 -9999.000000 -9999.000000 -9999.000000 -9999.000000 -9999.000000 -9999.000000
0.000621 0.322039 1.277338 1.213179 1.681025 0.033193 -0.008742 -0.000826 -0.000544 -0.000020 0.005527 0.008773 0.197418 -0.135114 -0.265668 -0.117703 -0.000497 -0.323773 -0.042266 0.202020 0.041766 0.078864 -0.030242 0.000792 -0.000229 0.000458 0.000206 0.000037 -0.000961 -1.626920 -1.959645 -1.310515 0.000411 -0.000086 -0.002720 0.005344 0.000000 0.031684 0.023521 0.006749 0.009792 0.007269 0.136492 0.019276 -0.169817 -0.002732 -0.006945 -9999.000000 -9999.000000 -9999.000000 -9999.000000 -9999.000000 -9999.000000 -9999.000000 -9999.000000 -9999.000000 -9999.000000 -9999.000000
