use_cases/Flooding_chicago/flooding_data/output/hUy_1740.asc
ncols 337
nrows 393
xllcorner 428428.000000
yllcorner 4602440.000000
cellsize 26.757400
NODATA_value -9999.000000
[rows 156 to 181 of 393, columns 58 to 115 of 337]
0.271778 -0.255032 0.279410 0.264772 -0.079517 0.063417 0.084448 0.129985 -0.009542 0.019346 0.078434 0.070797 0.036508 0.104807 0.225140 -0.017055 -0.181027 0.031383 0.149975 0.014264 0.211169 -0.613640 -0.042176 0.109539 -0.040612 -0.006931 0.017978 0.001519 0.002159 0.002413 0.243242 0.243858 -0.025248 0.001524 -0.000433 -0.001794 0.000584 0.001276 0.011310 -0.065475 -0.030284 -0.000666 -0.000222 -0.000232 -0.000691 -0.001748 -0.006367 -0.011929 0.001173 0.005231 0.006919 -0.013399 -0.001146 0.036524 0.011524 -0.004260 0.160895 0.003283
0.184952 -0.177790 0.279122 0.227421 -0.094136 0.167420 0.151744 0.139033 0.004242 0.024099 0.074762 0.044984 0.027376 0.069775 0.116631 0.017922 -0.124923 0.015078 0.088373 -0.010328 0.284694 -0.581490 0.020667 0.135954 -0.054759 -0.001931 0.039837 0.003809 0.004953 0.006088 0.369727 0.247753 0.089516 -0.000568 -0.002062 0.000184 0.000350 0.000606 0.000352 -0.088845 -0.038047 -0.000474 -0.003946 -0.005356 -0.001506 -0.001637 -0.008785 -0.016890 -0.001834 0.007815 0.001640 -0.016579 -0.043811 0.036847 0.000326 0.000121 0.000891 0.002551
0.029190 0.023364 0.368887 0.054389 -0.095135 0.200964 0.128883 0.133879 0.001758 0.005362 0.066117 0.022320 0.032071 0.073033 0.106809 0.039879 -0.105021 0.007101 0.044043 -0.010893 0.563146 -0.609281 0.039984 0.161039 -0.078665 0.005895 0.124910 0.008647 0.011147 0.014765 0.069397 0.052307 0.268430 0.005567 -0.001447 -0.000054 -0.001144 -0.001351 -0.000478 -0.067742 -0.038953 -0.001390 -0.013994 -0.003548 -0.027023 -0.003136 -0.014733 -0.021135 0.000000 0.000198 -0.000943 -0.000076 -0.050828 -0.000003 -0.000208 -0.000106 -0.000381 -0.002851
0.025946 0.047322 0.030186 0.023492 0.059894 0.184004 0.079513 0.065627 0.003354 0.007529 0.050840 0.026034 0.063043 0.129709 0.105352 0.054938 -0.039563 -0.010557 -0.036659 -0.011984 0.652143 -0.679814 0.070840 0.191779 -0.044497 0.001340 0.012456 0.009541 0.017484 0.111076 0.010246 0.026975 0.064371 0.055590 -0.002385 -0.017781 -0.001046 -0.001239 -0.109047 -0.221680 -0.116916 -0.000551 -0.002783 -0.013804 -0.030066 -0.171897 -0.022296 -0.012014 -0.003042 -0.000397 -0.000856 -0.005883 -0.098888 -0.067701 -0.042934 -0.031293 -0.003569 -0.078690
0.017160 -0.009499 -0.041668 -0.037350 0.246924 0.167216 0.015540 -0.001186 -0.050732 -0.014152 0.020530 0.003973 0.096159 0.151431 0.131699 0.058470 -0.013929 -0.065560 -0.135466 -0.033478 0.687934 -0.659918 0.032223 0.244507 -0.006308 0.000810 0.000477 0.004884 0.074044 0.177662 0.006388 0.006814 0.006045 0.014212 -0.001067 -0.362648 -0.007393 -0.001661 -0.138904 -0.214998 0.000105 0.000132 -0.001076 -0.022396 -0.162602 -0.709310 -0.008448 -0.004489 -0.002151 -0.000419 -0.000281 -0.034728 -0.531622 -0.350467 -0.456733 0.035996 0.391890 0.018533
-0.002622 -0.019136 -0.126534 -0.170479 0.351953 0.159979 -0.036944 -0.015548 -0.082825 -0.024595 -0.030381 -0.029043 0.089013 0.149333 0.123619 0.055268 0.013669 -0.108754 -0.245288 0.075867 0.822133 -0.582041 0.045685 0.543329 0.033538 0.000103 -0.000000 -0.000000 -0.003015 0.104656 0.003981 0.000000 0.000000 0.000000 -0.018766 -0.018726 -0.367353 -0.117799 -0.163331 -0.173014 -0.000128 -0.000372 -0.007097 -0.003923 -0.000330 -0.276851 0.000137 -0.002612 -0.001825 0.000183 0.000152 0.000344 0.017172 -0.032893 -0.430025 0.112675 0.364810 0.001526
0.040935 0.061150 -0.091805 -0.157052 0.433683 0.146449 -0.055474 -0.001639 -0.025884 0.019873 0.006171 -0.008785 0.088840 0.135567 0.116126 0.069014 0.084852 -0.104764 -0.240710 0.164394 0.969450 -1.392899 0.066174 0.429333 0.111614 -0.000144 -0.000477 -0.014435 -0.008907 0.062852 0.001623 -0.002105 -0.001102 0.002567 0.019766 0.362066 -0.332831 -0.080803 -0.117302 -0.548586 -0.007053 -0.008580 -0.044511 -0.002355 -0.061906 -0.193934 -0.000663 -0.002544 -0.002353 -0.000642 -0.000238 0.000263 0.000635 0.027874 -0.229144 0.054184 0.270632 0.002258
0.030776 0.009545 -0.030968 -0.173439 0.371961 0.145163 -0.021760 0.032723 0.002505 0.068781 0.037692 0.019298 0.111057 0.130916 0.103523 0.105213 0.273943 -0.051018 -0.171598 0.407380 1.367939 -1.576221 0.436681 0.326680 0.208324 0.039331 -0.012352 -0.011525 -0.012832 0.000732 0.000953 -0.003044 -0.001173 0.079489 0.037826 0.482051 0.010636 0.036248 -0.061404 -0.403282 -0.105168 -0.259127 -0.367722 -0.186525 -0.025315 -0.256527 -0.087823 -0.006834 -0.007714 -0.009553 -0.028032 -0.003444 -0.001158 0.000675 0.000965 0.000961 0.000795 0.000386
0.010446 0.001035 -0.010427 -0.076994 0.324993 0.110182 0.012578 0.063981 0.028669 0.094954 0.054420 0.035112 0.155889 0.148108 0.131557 0.095763 0.005176 0.123758 -0.007277 1.315607 2.556660 -1.325384 1.231373 0.012961 0.388121 0.101485 0.034860 0.036238 -0.004153 -0.000412 -0.002272 -0.003156 -0.001465 0.010159 0.303402 0.006319 0.003663 0.006947 -0.019707 -0.169765 0.010755 0.004044 -0.683172 -1.030156 -0.239016 -0.143495 -0.073369 -0.017906 -0.014159 -0.008537 -0.082732 -0.058649 -0.017714 -0.000943 -0.001066 -0.001011 -0.000816 -0.000390
0.000414 0.001477 0.013750 0.047889 0.386091 0.102826 0.059559 0.128621 0.061039 0.088470 0.054198 0.042927 0.131388 0.149311 0.145615 0.110540 0.000788 0.001166 0.015647 0.012194 0.010035 0.071767 0.012220 0.017691 0.034937 0.025263 0.172196 0.012603 0.139277 -0.001029 -0.001871 -0.025585 -0.001237 0.000008 0.000098 0.000000 0.000000 0.000067 0.000074 -0.058300 0.041690 0.037978 -0.374378 -0.841316 -1.209729 -0.053139 0.000529 0.005371 -0.008579 -0.051552 -0.032106 -0.190730 -0.006211 -0.000785 -0.029868 -0.026396 -0.017314 -0.004233
0.000050 0.004644 0.097918 0.248435 0.312358 0.052607 0.067142 0.284514 0.165403 0.057520 0.044319 0.037164 0.183702 0.153486 0.145375 0.102594 -0.000183 -0.000055 0.000135 0.000076 0.000214 0.005094 0.007847 0.004197 0.008342 0.008019 0.032336 0.051801 0.168642 -0.009917 -0.018216 -0.016766 -0.020628 -0.021034 -0.001104 -0.013198 -0.005350 -0.000464 -0.000141 0.000468 0.000033 0.000181 -0.003589 -0.821585 -1.000007 -0.008711 -0.000066 0.000000 -0.004622 -0.062580 -0.130125 -0.356586 -0.126901 -0.007584 -0.819072 -0.829090 -0.038190 -0.002098
-0.000367 0.018264 0.108956 0.347609 0.309976 0.001566 0.104308 0.106794 0.058978 0.082465 0.061263 0.053853 0.268562 0.153101 0.125612 0.069214 -0.000727 -0.011298 -0.000169 -0.000063 -0.000058 0.000000 0.000000 0.000000 0.000000 0.000320 0.026279 0.019844 0.317123 -0.116577 -0.160981 -0.165758 0.018768 0.023136 0.010115 -0.256249 -0.013123 -0.006953 -0.002734 -0.000670 -0.026362 -0.001917 -0.002684 -0.722409 -1.979591 -0.289822 -0.010543 -0.003663 0.002677 -0.009110 -0.210361 -0.157886 0.052323 -0.026541 -0.279576 -0.799608 -0.019691 -0.040865
-0.002242 0.039117 0.104812 0.165046 0.053662 0.004225 0.131658 0.140183 0.065728 0.093041 0.064095 0.062195 0.414227 0.187046 0.121093 0.034424 -0.011629 -0.010428 -0.055399 -0.009699 -0.012723 -0.006965 -0.010009 -0.021817 -0.019482 -0.000565 0.015664 0.011838 0.013130 -0.045284 -0.113173 -0.195049 0.038289 0.051049 0.030310 -0.204699 -0.591198 -0.097406 -0.013222 -0.008639 -0.058060 -0.189518 -0.539069 -1.218046 -1.856515 -0.230098 -0.000125 -0.011257 0.035676 0.028925 0.155524 0.038637 0.192770 0.119914 0.042333 -0.485629 -0.349944 -0.390864
0.028588 0.049165 0.074212 0.077309 0.007589 0.105162 0.493285 0.549972 0.077609 0.238199 0.186444 0.216746 0.414527 0.138376 0.121581 0.084626 -0.109004 -0.032158 -0.291649 -0.219170 -0.028236 -0.019937 -0.036770 -0.050445 -0.026684 -0.000348 0.000010 0.000360 0.000360 0.000122 -0.088407 -0.085403 0.122485 0.122940 -0.017594 -0.065459 -0.062695 -0.047742 -0.012305 -0.007315 0.146112 -0.321476 -0.703682 -1.227931 -0.753560 0.001414 0.014379 0.002534 0.043677 0.012774 0.014246 0.204500 0.012614 0.003663 0.000187 -0.009165 0.005018 -0.207481
-0.042895 0.000000 0.000000 0.000000 0.110037 0.200274 0.822797 0.646559 -0.181037 0.195559 0.007117 0.117295 -0.042084 0.000006 0.000203 0.000006 -0.324846 -0.103653 -0.469168 -0.056887 -0.084126 -0.266721 -0.043864 -0.026263 -0.030473 -0.005447 -0.008693 -0.000360 -0.000360 -0.000093 -0.253709 -0.040681 0.000020 0.000785 -0.032967 0.109913 -0.019235 -0.029493 -0.060676 -0.030768 0.401929 -0.508152 -0.861814 -1.136526 -0.660361 -0.000016 0.000000 0.003973 0.023190 0.000352 0.000158 0.012503 0.001400 0.000000 -0.000102 -0.002610 0.000709 -0.036471
-0.094119 -0.114638 -0.069193 0.111748 0.128774 0.206566 1.195345 1.350214 -0.275943 0.112044 -0.010300 0.000631 -0.065944 -0.053200 -0.000462 -0.006177 -0.394421 -0.114120 -0.195967 -0.010756 0.004619 -0.074026 -0.008398 -0.009211 -0.035998 -0.042419 -0.018765 -0.007478 -0.015326 -0.138756 -1.546269 -0.140263 -0.007736 0.000224 0.001033 0.001541 0.001038 0.034038 -0.012160 0.201924 0.240534 -0.602795 -0.691375 -1.216987 -0.535114 -0.000669 -0.009857 -0.001167 0.000416 -0.000170 -0.000106 -0.000001 -0.000239 -0.021478 0.086097 -0.121430 -0.153445 0.071999
-0.044129 -0.206998 -0.456897 0.096854 0.163917 0.092277 0.348418 0.135883 0.000015 0.000395 0.000767 0.000291 -0.022716 -0.123363 0.005574 -0.143451 -0.458485 -0.164213 -0.222156 -0.013624 -0.008209 0.004296 -0.003226 -0.003955 -0.008824 -0.231825 -0.237381 -0.254900 -1.522897 0.314190 -0.577604 0.302606 -0.054622 -0.000643 -0.000763 -0.000551 0.000789 0.009746 0.020193 0.011608 0.137290 -0.760364 -0.741824 -1.199534 -0.537613 -0.053188 -0.045110 -0.000637 0.000123 -0.000741 -0.007810 -0.007395 -0.003389 1.057000 0.979570 0.262185 -0.147843 0.113166
0.049226 -0.005078 0.286827 0.134968 0.125788 0.081404 0.074781 0.022529 -0.236823 -0.000602 -0.000836 -0.000614 -0.005336 0.020437 0.034178 -0.094204 -0.387263 -0.238628 -0.288785 -0.037340 -0.032124 0.011103 -0.002601 -0.011102 -0.120302 -0.198486 -0.227899 -0.263664 -0.895695 0.067533 -0.226107 0.177362 -0.017922 -0.012752 -0.024141 -0.001364 -0.000932 0.000414 0.008775 0.000212 0.000100 -0.761517 -0.701419 -1.124507 -0.502236 -0.593646 -0.003986 0.000020 0.000135 -0.000609 -0.036824 -0.110935 1.037191 2.045164 1.230711 0.221276 -0.349078 0.062766
0.174092 0.170508 0.699249 0.232333 0.161237 0.126093 0.131088 0.053821 -0.224482 -0.160863 -0.094350 -0.192060 -0.002167 0.123022 0.068595 -0.647545 -0.346927 -0.303625 -0.362497 -0.053352 -0.194914 0.024179 -0.123391 -0.290516 -0.125363 -0.144124 -0.184974 -0.211700 -0.190488 0.110487 0.108793 -0.113741 -0.030600 -0.021735 -0.039249 -0.027882 -0.001273 -0.000591 -0.000022 -0.000102 0.000089 -0.673745 -0.644035 -1.064126 -1.216240 -0.505016 0.000073 0.000000 -0.000070 -0.013470 1.368594 1.889867 2.791939 2.278349 1.266925 0.192762 -0.541668 -0.059432
0.124582 0.070134 0.175982 0.124740 0.074923 0.031196 0.041961 0.019153 -0.122694 -0.289698 -0.697644 -0.464283 0.046521 0.102555 0.047305 -0.224833 -0.424045 -0.404707 -0.504967 -0.079936 -0.064234 0.256074 -0.014142 -0.214391 -0.131185 -0.172560 -0.088381 -0.081766 -0.130842 0.000000 0.000000 -0.024255 -0.113142 -0.098448 -0.498835 -0.063976 -0.008197 -0.005268 -0.010351 -0.000685 -0.000090 -0.685609 -0.730293 -1.232685 -0.792699 -0.634125 -0.000153 -0.004212 -0.008495 0.130767 2.497494 2.061383 2.409623 0.151532 0.953377 0.199536 -0.156064 0.078425
0.007309 0.001231 0.063145 0.053440 0.028243 0.005804 0.020346 0.008184 0.005861 -0.115827 -0.461983 -0.221060 0.006148 0.002369 -0.032079 -0.099490 -0.407370 -0.572381 -0.756149 -0.118165 -0.086785 0.144336 0.044084 -0.149799 -0.184898 -0.084399 -0.062207 -0.311958 -0.287743 -0.001325 -0.006410 -0.039929 -0.188929 -0.831372 -0.516910 0.084548 -0.001607 -0.026054 -0.031228 -0.002235 -0.000928 -0.276966 -0.429206 -0.829206 -0.913824 -0.853624 -0.019775 -0.007710 -0.196030 1.816761 2.443256 1.502323 1.920999 0.416700 0.092540 0.539051 0.024831 0.036468
-0.012695 -0.003990 0.097007 0.080184 0.039096 0.004212 0.057602 0.031722 0.012981 0.029873 0.477800 0.272284 -0.044895 -0.094290 -0.106044 -0.038696 -0.380260 -0.662781 -0.897399 -0.643178 -0.078497 0.000433 0.209187 0.082463 -0.076410 -0.055629 -0.110820 -1.045507 -0.276397 -0.000840 -0.026300 -0.761716 0.041732 -0.808841 0.007004 0.007944 0.007003 -0.002134 -0.070774 -0.025673 0.289106 -0.094342 -0.306824 -0.761367 -0.752467 -2.225369 -0.080043 -0.008065 0.586651 1.793677 2.389839 1.408413 1.829770 0.575204 0.142394 0.046680 0.010366 0.005097
-0.004260 0.055263 0.098994 0.084381 0.041787 0.195224 0.138270 0.117136 0.047043 0.119344 0.163456 0.127018 0.322090 -0.098089 -0.157892 -0.138952 -0.281354 -0.730398 -0.998358 -0.757436 -0.038549 -0.000025 0.000000 0.000066 -0.023353 -0.014728 -0.009556 -0.481291 -1.016428 -0.081017 -0.014338 0.000563 0.000615 -0.596693 0.000000 0.000000 0.000065 0.000001 -0.478819 -0.060707 0.382615 0.001694 0.000670 -0.626504 -0.496371 -3.052812 -0.474891 -1.608627 1.149966 1.696189 2.390790 1.479051 2.058294 0.667169 0.344406 0.027741 0.000360 0.001154
0.026916 0.051239 0.174673 0.071749 0.040138 0.065564 0.031939 0.021936 0.008229 0.034694 0.068709 0.033257 0.045459 -0.055648 0.050879 -0.093888 -0.274591 -0.802381 -1.559131 -1.368064 -0.309626 -0.064630 -0.005367 -0.000513 0.022467 0.212838 0.236730 0.004731 -0.924904 -0.589858 -0.015936 -0.003252 -0.000784 -0.587704 -0.005342 -0.005378 -0.000547 -0.000040 -0.279378 0.093860 0.259513 0.000925 -0.000139 -0.334238 -0.349597 -1.775022 -0.356383 -0.871983 1.363857 1.782584 2.457181 1.227755 1.872901 0.575751 0.360414 0.022926 0.000031 0.000337
0.004456 0.042761 0.142013 0.065795 0.002578 0.002746 0.002230 0.001016 0.000248 0.000322 0.105312 0.000767 0.009187 0.050351 0.213517 0.000743 -0.047233 -1.206086 -1.370792 -1.253390 -0.311638 -0.149377 0.092080 0.004030 0.008187 0.021667 0.014829 0.045226 -0.641289 -0.439163 -0.532405 -0.005641 -0.084777 -1.442087 -0.071326 -0.013912 -0.004640 0.000178 0.037655 0.202590 0.084944 -0.001278 -0.010632 -0.186211 0.223540 -0.884716 -0.231106 -0.108325 1.389320 2.090975 2.498825 1.192960 1.396941 0.377613 0.096149 0.033612 -0.000167 -0.000195
-0.001613 0.052308 0.002433 0.003637 0.003179 0.001038 0.000262 0.000052 -0.000149 0.000130 0.092618 0.001169 0.001298 0.023745 0.201539 0.001889 -0.025005 -1.280921 -1.636528 -1.501982 -0.347583 -0.199337 0.109810 0.007620 0.000626 0.008624 0.006411 0.016593 -0.517269 -0.196865 -0.453166 -0.335080 -0.764546 -1.436069 0.146079 -0.023811 -0.014379 0.000554 0.008372 0.018911 0.001435 -0.012425 -0.308502 0.352038 0.885042 -0.493880 0.029367 0.940345 1.999754 1.759955 1.246190 0.645390 0.537848 -0.087767 -0.033023 0.030593 -0.009535 -0.000380
