use_cases/Flooding_chicago/flooding_data/output/hUy_540.asc
ncols 337
nrows 393
xllcorner 428428.000000
yllcorner 4602440.000000
cellsize 26.757400
NODATA_value -9999.000000
[rows 104 to 129 of 393, columns 232 to 289 of 337]
-0.321921 -0.025858 -0.038105 -0.032391 -0.050501 -0.083038 -0.059538 -0.014545 -0.002121 0.007274 0.015403 0.584023 -0.064976 -0.006698 -0.006698 -0.013341 -0.007542 -0.120781 0.208060 0.001608 0.001194 -0.000380 -0.002415 0.000912 0.000421 0.011907 0.044524 0.001072 0.000118 0.000531 0.006948 0.028618 0.024103 0.022260 0.045940 0.005635 -0.000003 -0.000208 0.083206 0.030915 -0.115731 0.102984 0.256672 0.036650 0.057003 0.058140 0.624040 0.383541 -0.232447 -0.993315 0.016453 0.026491 0.013384 0.029862 0.157113 0.513817 2.063743 0.074464
0.010464 -0.067698 -0.069636 -0.033394 -0.030149 -0.186785 -0.222897 -0.030524 -0.006783 0.007284 0.000947 0.037391 0.044475 -0.014260 -0.012765 -0.032479 -0.055783 -0.283071 0.415211 0.023746 0.000296 -0.000238 -0.002161 -0.001884 -0.000547 -0.000018 0.000233 0.000892 -0.000600 -0.000449 -0.000015 0.002046 0.000326 0.008984 0.000294 0.000264 -0.000825 0.096438 0.183264 0.085158 0.115403 0.045736 0.205461 -0.062277 -0.003659 0.148038 0.437475 0.504849 0.065039 0.007872 0.007277 0.018868 0.012726 0.029971 0.180185 0.039689 0.045631 0.022585
0.094499 -0.013640 0.006796 0.006905 0.007850 -0.180668 -0.168435 -0.033118 -0.002886 0.000018 0.000389 0.000905 0.000000 -0.004351 -0.002900 -0.183977 -0.001120 -0.110360 0.461590 0.010053 -0.000328 0.000041 -0.001588 -0.001685 -0.011165 -0.034036 -0.001798 -0.004582 -0.006387 -0.006874 -0.021884 -0.002684 -0.000208 -0.000003 0.000122 0.000863 -0.001395 0.109611 0.222475 0.001943 0.001958 0.192042 0.163921 0.190400 -0.015998 0.036472 0.041541 0.084876 0.135739 0.029360 0.000723 0.009311 0.009923 0.036412 0.113728 0.046694 0.021279 0.026346
0.070655 -0.012695 0.000399 0.000621 0.000017 -0.051318 -0.222051 -0.170275 -0.002673 -0.004751 -0.000987 -0.001296 -0.011704 -0.002873 -0.002346 -0.040180 -0.066701 0.381591 0.577045 0.001153 0.000763 -0.000243 -0.000868 -0.012336 -0.020963 -0.199890 -0.002068 -0.003930 -0.006226 -0.005228 -0.071136 -0.039732 -0.007371 -0.006221 -0.001604 -0.000005 0.000763 0.099423 0.182736 0.004753 0.004738 0.029167 0.081936 0.596190 0.003975 0.017416 0.002409 0.010215 0.193768 0.094193 0.008232 0.000360 0.000360 0.027650 0.028102 0.034908 0.024990 0.013167
0.021870 -0.088362 -0.000323 -0.000043 -0.005934 0.212597 -0.079659 -0.038238 -0.003879 -0.004511 -0.006202 -0.007504 -0.036962 -0.016157 -0.002958 0.064243 0.052600 0.027313 0.024001 -0.000264 -0.001414 -0.008147 -0.004363 -0.026134 -0.021157 -0.166822 -0.000612 -0.002489 -0.005030 -0.002708 -0.076414 -0.092008 -0.009692 -0.075119 -0.009493 -0.000502 0.009304 0.105763 0.160480 0.012527 0.008421 0.014510 0.012336 0.477468 0.037664 0.005452 0.008171 0.054588 0.260624 0.009752 0.005441 -0.000360 -0.000360 0.001727 0.001446 0.001213 0.013774 0.005980
0.012628 -0.106398 -0.000701 -0.000527 -0.014324 0.239513 -0.053567 0.039116 -0.002390 -0.002738 -0.005828 -0.005155 -0.087843 -0.081444 -0.005053 0.000708 0.001931 0.020573 -0.000056 -0.001985 -0.005063 -0.008011 -0.014537 -0.023692 -0.145745 -0.169953 -0.000084 -0.001930 -0.002666 -0.013289 -0.011416 -0.220671 -0.042705 -0.031557 -0.005573 0.026779 0.025341 0.029565 0.043523 0.024231 0.008215 0.030099 0.041420 0.314327 0.041176 0.013317 0.015633 0.091532 0.115943 0.005030 0.000057 -0.007953 -0.012593 -0.001452 -0.000545 -0.000093 -0.000000 -0.000003
-0.030170 -0.015485 -0.000692 -0.000436 -0.000969 0.229267 0.144929 0.107842 -0.074887 -0.011656 -0.002953 -0.002354 -0.041696 -0.037860 -0.007252 0.000342 0.000243 0.000109 -0.000561 -0.045685 -0.003345 -0.004844 -0.003371 -0.003479 -0.076688 -0.130298 -0.006871 -0.008774 -0.012687 -0.123076 -0.133786 -0.143499 -0.134794 -0.015383 0.007954 0.073300 0.027504 0.044340 0.084976 0.018291 0.034087 0.031728 0.082455 0.154448 0.036236 0.019756 0.008709 0.043197 0.066946 0.040557 -0.000662 -0.021102 -0.043507 -0.014532 -0.024269 -0.010271 -0.019328 -0.011001
-0.095860 -0.025016 -0.001300 -0.006857 0.001542 0.258182 0.479118 0.326399 0.109582 -0.067304 -0.146754 -0.137415 0.189544 -0.221698 -0.002601 0.000845 -0.000027 -0.000722 -0.006397 -0.082876 -0.041330 -0.016137 -0.005918 -0.002707 -0.031391 -0.166943 -0.126053 -0.050330 -0.029780 -0.420191 -0.430274 -0.067370 0.062164 -0.002310 0.054075 0.009899 0.012661 0.027556 0.091433 0.040454 0.178872 0.282249 0.038288 0.054899 0.440007 0.021965 0.012462 0.008877 0.017825 0.045196 -0.002383 -0.036643 -0.063877 -0.028155 -0.054707 -0.044317 -0.028136 -0.023097
-0.033940 -0.057342 -0.016915 -0.117723 0.299341 0.499758 1.289799 0.422162 0.158123 -0.011827 -0.315830 -0.210760 0.398405 -0.280552 0.106547 0.001588 0.000781 -0.002080 -0.121678 -0.096344 -0.104608 -0.025292 -0.002482 -0.012742 -0.011270 -0.038396 -0.845508 -0.266449 -0.282374 -0.270333 -0.351750 0.001854 0.024881 0.001197 0.006177 0.000477 0.021575 0.052112 0.210383 0.212533 0.235244 0.249769 0.058025 0.320752 0.183771 0.102536 0.051803 0.023002 0.050614 0.013015 -0.001709 -0.324639 -0.060906 -0.085254 -0.088010 -0.042414 -0.053322 -0.040686
0.001418 0.000053 0.000002 -0.069609 1.142610 1.136597 1.025721 0.390830 0.282722 0.289109 -0.266326 -0.353342 0.618008 0.305875 0.010377 0.001572 0.002016 -0.000160 -0.293389 -0.040019 -0.198242 -0.097621 -0.011230 -0.018653 -0.005628 -0.015687 -0.626529 -0.237858 0.000000 0.000000 -0.354047 -0.000193 0.000015 0.000344 0.000000 -0.000000 0.014808 0.058663 1.280317 0.424893 0.159156 0.171017 0.009354 0.289352 0.030672 0.060894 0.057075 0.066049 0.034952 0.008112 0.542305 -0.011334 -0.055159 -0.170076 -0.483961 -0.072075 -0.056505 -0.006161
0.000377 -0.001778 -0.019386 0.050604 1.351843 0.940430 0.717200 0.028425 0.005660 0.018428 0.266722 0.373051 0.020560 0.012659 0.000654 0.000264 0.000000 -0.001123 0.000216 -0.013543 -0.133702 -0.895251 -0.062582 -0.020199 -0.003568 -0.159339 -0.651400 -0.778950 -0.174691 -0.157770 -0.268352 0.039913 -0.012079 -0.001084 -0.012038 -0.000477 0.003796 -0.048895 1.631253 0.660434 0.188814 -0.012808 0.065486 0.144796 0.023479 0.015278 0.028578 0.078576 0.031536 0.004531 0.030967 0.058914 0.123011 -0.031949 -0.141116 0.185932 -0.010013 -0.000920
0.000042 -0.001194 -0.039058 0.752621 1.642607 0.126649 0.104170 0.007114 0.001744 0.018597 0.037433 0.040043 0.018853 0.001026 -0.000806 -0.002118 -0.012914 -0.002426 -0.000664 -0.003561 -0.028912 0.189015 -0.136976 -0.038601 -0.001366 -0.236215 -0.315499 -0.306603 -0.225396 -0.188016 -0.194070 0.077442 0.151375 0.150105 -0.017908 0.005001 0.007034 -0.142106 2.457209 0.691647 0.302229 0.121491 0.052083 0.049998 0.008981 0.002249 0.003188 0.078662 0.001853 0.000222 0.021944 0.031221 0.397156 -0.085798 -0.164380 0.508130 -0.003317 0.002717
-0.000341 -0.000683 0.049386 0.852215 1.344274 0.020710 0.042263 0.017590 0.000930 0.013208 0.007981 0.008763 0.012038 0.000149 -0.018762 -0.023371 -0.034996 -0.017535 -0.013840 -0.002665 -0.000068 0.267281 0.010563 -0.023969 -0.121404 -0.199831 -0.280027 -0.289740 -0.247526 -0.194470 -0.206751 0.001746 0.216688 0.246524 0.006933 0.014327 0.035332 0.068635 1.588616 0.445348 0.308968 0.031604 0.020260 0.056799 0.000155 0.002734 0.005263 0.024069 0.006058 -0.000222 0.009356 0.015009 0.018158 0.315240 -0.289082 1.297118 -0.002796 0.000005
-0.001139 0.103511 0.166014 1.120719 1.386580 0.038722 0.067900 0.029095 0.000107 0.000101 0.000380 0.000340 0.000252 -0.000186 -0.062264 -0.123698 -0.103804 -0.124917 -0.104172 -0.044070 -0.000484 0.033561 0.069780 -0.212756 -0.435363 -0.438385 -0.453827 -0.472986 -0.057325 -0.042040 -0.091810 0.003340 0.035947 0.159971 0.018458 0.011666 0.033443 0.116775 1.209992 0.772018 0.191295 0.014293 0.003940 0.044018 0.002369 0.002433 0.000330 0.000401 0.000013 -0.011047 -0.000478 0.010373 0.004133 0.160260 -0.144764 0.566739 0.000035 -0.007487
0.002953 0.287526 0.375726 1.134422 1.095313 0.088261 0.130538 0.028905 -0.000091 -0.000065 0.000137 0.000000 0.000297 0.000267 -0.004940 -0.033508 0.003172 -0.354209 0.011789 -0.106003 -0.008356 0.305630 -0.129722 -0.300676 -0.117343 0.474161 -0.221867 -0.343816 0.243745 0.266273 0.102496 0.072877 0.074432 0.102118 0.106411 0.046293 0.002737 0.284745 0.464721 1.419527 0.021614 -0.000006 -0.000375 0.000115 0.002095 0.010079 -0.000396 -0.000555 0.005319 -0.130640 0.131153 0.027960 0.013381 0.277929 0.006289 0.022277 0.001002 -0.009687
0.001635 0.646105 1.272883 1.411983 0.351751 0.052852 0.118102 0.089045 0.011221 0.004264 -0.000141 -0.000340 -0.000008 0.000099 0.001902 -0.003989 0.022696 -0.121182 0.030122 -0.100066 0.009190 0.454608 -0.286658 -0.250154 0.062773 1.113993 0.312088 0.046294 0.056513 0.024148 0.097333 0.040748 0.029270 0.065769 0.119794 0.082916 0.015501 0.022603 0.018998 1.838761 0.052923 0.026866 0.013808 0.028385 0.000291 0.011217 -0.059910 -0.061985 0.015731 0.019278 0.025523 0.036837 0.038894 0.250307 0.021617 0.001221 0.000000 -9999.000000
0.403597 1.106165 0.636595 0.057496 0.038517 0.025755 0.022041 0.170045 0.014275 0.042117 -0.000008 -0.006670 -0.007559 -0.000273 0.008197 0.011065 0.006376 0.001885 0.037325 -0.006372 0.039921 1.161085 -0.187395 -0.129335 0.006509 0.431457 0.191669 0.050954 0.024449 0.024229 0.038263 0.026401 0.014058 0.027722 0.089258 0.102043 0.017284 0.007476 0.025882 1.808006 0.066529 0.113180 0.083878 0.093943 0.077157 0.026827 0.110092 0.025372 0.011907 0.028159 0.008657 0.028240 0.052931 0.061894 0.035861 0.005997 -9999.000000 -9999.000000
0.118311 0.823856 0.059777 0.041576 0.018012 0.028987 0.020956 0.078421 0.050141 0.015976 0.000941 -0.024576 -0.011736 0.004578 0.014149 0.007856 0.002538 -0.000139 -0.000009 0.330416 0.167833 1.591962 0.135931 0.016771 0.000667 0.258461 0.001933 0.026166 0.001322 0.001780 0.008844 0.006666 0.016083 0.013276 0.047529 0.078029 0.011983 0.019590 0.014386 1.775748 0.090801 0.023768 0.045083 0.024621 0.048735 0.044865 0.092997 0.048548 0.008128 0.003788 0.005540 0.021307 0.024374 0.025687 0.006089 0.005462 -9999.000000 -9999.000000
0.155049 0.550318 0.214490 0.023667 0.008085 0.017390 0.017743 0.045017 0.010758 0.009170 0.000655 -0.141170 -0.092404 0.003747 0.001264 -0.004265 -0.003717 0.119678 -0.061627 -0.011174 0.291605 1.279860 0.100103 0.002830 0.001631 0.312213 -0.000277 0.001745 0.002033 0.007115 0.043070 0.016585 0.050884 0.003785 0.037123 0.028485 0.013049 0.077222 0.057660 2.237739 0.156694 0.008386 0.014834 0.002271 0.081765 0.058519 0.159099 0.191017 0.070859 0.025564 0.001803 0.013963 0.087611 0.072560 0.009040 0.000633 -9999.000000 -9999.000000
0.168147 0.331783 0.221257 0.020608 0.000066 0.001897 0.010305 0.002028 0.000622 0.000184 0.000008 -0.021978 -0.000849 -0.014455 -0.015084 -0.010014 -0.004446 0.239934 0.222778 -0.134195 0.402021 1.222220 0.001205 0.008247 0.005610 0.278149 0.125454 0.003306 0.016786 0.050645 0.037187 0.046494 0.024740 0.008242 0.008426 0.010401 0.001099 0.122941 0.080358 1.321198 0.457823 0.000478 0.002365 0.007903 0.142331 0.112338 0.041410 0.050330 0.026762 0.026986 0.010621 0.066010 0.044829 0.018444 0.000803 -9999.000000 -9999.000000 -9999.000000
0.109302 0.136384 0.180847 0.106701 0.009748 0.002347 0.000445 0.000175 -0.000263 -0.000153 -0.000074 0.010961 0.008497 -0.026362 -0.016825 0.390613 0.231275 0.352390 1.004257 -0.127648 0.414964 1.343879 0.024410 0.020958 0.026770 0.033547 0.354744 0.026442 0.013964 0.032225 0.020822 0.013491 0.014041 0.000376 0.000723 0.000376 0.000070 0.151741 0.095288 0.753964 0.905134 -0.000061 0.001972 0.017525 0.096390 0.036803 0.025415 0.009379 0.019048 0.004711 0.018766 0.068645 0.006621 0.000212 -9999.000000 -9999.000000 -9999.000000 -9999.000000
0.009416 0.016418 0.092167 0.095148 0.069713 0.019392 0.000581 -0.000535 -0.005275 -0.006907 -0.000468 0.061646 0.016548 -0.091657 0.343788 0.495521 0.276944 0.465865 0.479129 0.007042 0.833997 1.589074 0.339139 0.050071 0.048123 0.040956 0.048210 0.024154 0.015238 0.014291 0.007168 0.001332 0.018820 -0.000376 -0.000723 -0.000376 -0.000259 0.203341 0.086839 0.180463 1.276241 0.544639 -0.000188 0.006779 0.067178 0.046124 0.002392 0.000096 0.001896 0.001405 0.023629 0.020602 0.001230 -9999.000000 -9999.000000 -9999.000000 -9999.000000 -9999.000000
0.007171 0.006994 0.072709 0.047976 0.016670 0.028315 0.001037 -0.007499 -0.020500 -0.048833 -0.018772 0.045183 0.015579 0.054386 0.455410 0.650693 0.412859 0.727571 0.067050 0.127488 0.092115 0.338373 0.386015 0.191274 0.047116 0.016488 0.014427 0.012696 0.005869 0.000340 0.000156 0.000098 0.000007 0.247225 0.197055 0.168143 0.199578 0.267379 0.077943 0.036783 0.439704 0.834962 0.000431 0.004087 0.042685 0.034847 0.006945 -0.000291 0.000385 0.003123 0.015745 0.000759 -9999.000000 -9999.000000 -9999.000000 -9999.000000 -9999.000000 -9999.000000
0.000021 0.000809 0.057949 0.007978 0.008172 0.023318 0.001756 -0.013995 0.456044 -0.388665 -0.279686 -0.021227 0.019195 0.164454 0.407839 0.675160 0.102114 0.048519 0.044492 0.115981 0.092813 0.229882 0.211877 0.291050 0.059645 0.003134 0.005343 0.000858 0.000338 0.000000 -0.000100 -0.000216 0.217281 0.254866 0.008075 0.011727 0.007941 0.022299 0.002088 0.000869 0.003452 1.045581 0.008755 0.018285 0.021153 0.006238 0.008721 0.000333 -0.000145 0.001876 0.003699 -9999.000000 -9999.000000 -9999.000000 -9999.000000 -9999.000000 -9999.000000 -9999.000000
-0.008973 0.000949 0.019604 0.001488 0.001879 0.011143 0.001394 0.036819 0.832304 -0.347685 -0.398763 0.007551 0.040772 0.407126 0.709883 0.776382 0.066196 0.021288 0.006572 0.108222 0.102728 0.120417 0.089800 0.313925 0.042453 0.035081 0.000765 0.003298 0.000528 -0.000340 -0.001111 0.082011 0.180757 0.001186 0.000600 0.000779 0.000388 0.000665 0.000367 0.000660 0.003839 0.835167 0.511658 0.010880 0.002682 0.009630 0.010571 0.001647 -0.000302 0.002687 0.009196 0.002482 -9999.000000 -9999.000000 -9999.000000 -9999.000000 -9999.000000 -9999.000000
-0.021716 0.000222 0.000363 0.000767 0.002577 0.000675 0.013330 0.059607 0.035818 0.037502 0.055436 0.025890 0.135281 0.561830 0.269156 0.254008 0.073521 0.016214 0.025153 0.152952 0.162490 0.064921 0.107908 0.137564 0.045228 0.076658 0.001983 0.027779 0.002382 0.001575 -0.001186 0.102745 0.097859 0.000583 -0.000292 -0.000726 -0.000369 0.000895 0.000759 0.000998 0.003847 0.766721 0.568579 0.000330 0.000323 -0.012933 0.208108 0.053987 -0.000134 0.001152 0.028106 0.003825 -9999.000000 -9999.000000 -9999.000000 -9999.000000 -9999.000000 -9999.000000
