use_cases/Flooding_chicago/flooding_data/output/hUy_1200.asc
ncols 337
nrows 393
xllcorner 428428.000000
yllcorner 4602440.000000
cellsize 26.757400
NODATA_value -9999.000000
[rows 234 to 259 of 393, columns 58 to 115 of 337]
0.035902 0.030804 0.017216 0.027076 0.000621 0.000399 0.001237 0.109912 0.072617 0.000300 0.000414 0.000000 0.000000 -0.000309 -0.000013 -0.017066 -0.006136 -0.056053 -0.177192 -0.125181 -0.012431 -0.016143 -0.007762 -0.002185 -0.001023 -0.117982 -0.117274 -0.112816 -0.000639 -0.001921 -0.025272 -0.127386 -0.266747 -0.030665 -0.005201 -0.046453 0.251757 -0.063410 -0.395514 -0.406414 -0.214830 -0.142039 0.000285 0.000504 0.000554 0.000757 -0.001168 0.002181 -0.015151 -0.025260 -0.000326 -0.038149 -0.000020 -0.000494 -0.001200 -0.002136 -0.007690 -0.021082
0.058751 0.042659 0.015730 0.000547 -0.000043 -0.000323 0.003999 0.105676 0.001773 0.000069 0.000000 -0.014804 -0.008974 -0.021126 -0.015210 -0.007594 -0.025093 -0.019446 -0.455316 -0.479759 -0.030281 -0.040986 -0.030459 -0.043311 -0.026245 -0.092314 -0.600335 -0.087529 -0.048741 -0.019892 -0.197554 0.127974 -0.042051 -0.001755 0.000134 -0.012814 0.045934 -0.016485 -0.422966 -0.444045 -0.223758 0.068418 0.003077 0.000131 0.000247 0.000331 0.001371 0.001581 -0.011395 0.202537 0.064136 -0.396787 -0.152984 -0.227160 -0.014513 -0.182824 -0.015753 -0.810691
0.269988 0.026262 0.013050 0.001256 -0.000527 0.000473 0.088802 0.008596 0.007700 -0.000570 -0.006240 -0.035353 -0.018732 -0.052552 -0.045068 -0.033025 -0.046776 -0.010780 -0.000737 -0.351459 -0.365607 -0.012281 -0.061707 -0.118886 -0.021136 -0.058688 -0.066632 -0.046701 -0.231164 -0.190740 -0.245222 0.157792 0.045581 0.016405 0.118620 0.003269 0.000000 -0.004677 -0.431497 -0.895215 -0.014849 0.000507 0.000330 -0.000159 -0.000569 -0.000393 -0.001346 0.000894 0.000954 0.323341 0.028195 -0.260275 -0.208137 -0.214387 -0.392892 0.030816 -0.010689 -0.004382
0.326966 0.008569 0.003385 0.003410 -0.000436 -0.001203 -0.000675 0.045811 -0.000985 -0.005471 -0.023683 -0.036354 -0.017981 -0.105728 -0.974529 -0.019478 -0.107611 -0.013658 -0.182646 -0.876552 -1.263620 -0.396353 0.176619 -0.604050 -0.010954 -0.030128 -0.035207 -0.024460 -0.001869 0.000147 -0.324334 0.198349 0.061657 0.059465 0.282660 0.247722 -0.017173 0.000000 -0.324851 -0.402793 -0.249277 -0.000473 -0.000789 -0.008703 -0.006861 -0.006778 -0.032322 -0.000137 0.001025 0.021761 0.001595 0.073311 0.101568 0.113709 -0.504450 0.064730 0.001262 -0.071743
0.243797 0.005996 0.004329 0.000000 -0.011043 -0.008774 -0.007298 -0.004257 -0.005682 -0.004450 -0.068344 -0.011363 -0.001047 -0.004736 -0.596908 0.270830 0.019198 -0.498279 0.812717 0.279226 -1.137608 -0.434555 0.212126 -0.512344 -0.096752 -0.053332 -0.080725 -0.009431 -0.002754 -0.000757 -0.464298 0.087248 0.043706 0.091350 0.335552 0.492750 -0.386891 -0.052965 -0.231685 -0.531768 -0.157433 -0.035353 -0.034468 -0.070235 0.008946 0.016832 0.028306 0.000996 -0.000505 -0.000028 -0.000001 -0.000000 -0.000000 -0.000540 -0.514356 0.095249 -0.026744 -0.002576
0.043444 0.010154 -0.000977 -0.024619 -0.009903 -0.010999 -0.010278 -0.007497 -0.005369 -0.022304 -0.021614 -0.003677 0.000906 0.193883 -0.070572 0.432752 0.011309 -0.682942 0.981575 0.499205 -0.673473 -0.295500 0.154910 -0.309343 -0.602080 -0.432956 -0.170383 -0.054724 -0.012263 -0.018885 -0.647569 0.113942 0.042264 0.140566 0.396602 0.688330 0.058419 0.052931 -0.271303 -0.465496 -0.220139 -0.025319 0.062911 -0.019299 0.010181 0.012242 0.006551 0.000356 -0.000412 -0.023963 -0.021290 -0.138996 -0.114841 -0.427747 -0.405699 0.000893 0.000222 0.052599
0.002282 0.000830 -0.001409 -0.087234 -0.072579 -0.006046 -0.007495 -0.007010 -0.003211 -0.006414 -0.045378 -0.003043 0.000005 0.004092 0.147029 0.373460 0.004556 -0.488012 1.299391 0.611481 -0.578796 -0.145020 0.097717 -0.323017 -0.424485 -0.104452 -0.015570 -0.324296 -0.062287 -0.272600 -0.474913 0.003158 0.090816 0.190610 0.445363 0.881413 1.389654 0.127071 -0.252548 -0.447483 -0.139410 0.024306 0.021738 0.000268 0.000167 0.000000 0.000000 -0.000167 -0.010025 0.042828 -0.177948 -0.317755 -0.237522 -0.363437 -0.186288 0.147673 -0.000222 -0.000006
0.000641 -0.000120 -0.000656 -0.065804 -0.397534 -0.079288 -0.022866 -0.003137 -0.010872 0.001906 -0.046451 -0.005565 -0.002302 0.016104 0.545187 0.000407 0.000222 -0.563131 1.381812 0.794401 -0.804683 -0.233901 -0.160249 -0.510045 -0.500059 -0.119203 -0.109507 0.031790 0.275087 -0.297818 -0.249427 -0.095873 0.061333 0.294717 0.617256 1.245941 2.200774 0.601014 -0.131082 -0.126453 -0.001121 0.007037 0.006016 -0.000091 -0.000356 -0.006551 -0.038602 -0.050330 -0.543225 0.271482 0.023759 -0.212657 -0.332897 -0.449493 -0.094100 0.578659 -0.022787 -0.346525
-0.001992 -0.017444 -0.009364 -0.001953 -0.133868 -0.130481 -0.134850 -0.001008 -0.006802 -0.000316 -0.016495 -0.006814 0.000884 0.041190 0.132665 0.000862 -0.000222 -0.132125 1.226608 0.779048 -0.736254 -0.372191 -0.309744 -0.530246 -0.421824 -0.149150 -0.081044 0.258560 0.420392 -0.338089 0.001582 -0.043082 0.109492 0.390218 0.671856 1.209787 3.021499 0.843194 0.067880 0.052850 0.005132 0.000265 0.000322 -0.001035 -0.015886 -0.076416 -0.219529 -0.193118 -0.257334 0.519818 0.225288 -0.137140 -0.341370 -0.541804 -0.042359 0.641291 -0.630478 -0.375332
-0.018046 -0.042437 -0.110686 0.033991 -0.037919 -0.123439 -0.055217 -0.012601 0.000000 0.000000 -0.006746 -0.059679 -0.002019 0.006644 0.005064 0.000693 -0.011303 0.140954 1.069434 0.614634 -0.698608 -0.384923 -0.283517 -0.397484 -0.298857 -0.037078 0.132724 0.414558 0.142557 0.023183 0.002015 0.007436 0.246818 0.344840 0.044760 0.087995 2.916942 1.513160 0.085098 1.674390 0.003550 0.000026 -0.000127 -0.000304 -0.164581 -0.157986 -0.112354 0.089151 0.014629 0.018052 0.519320 -0.123732 -0.337420 -0.480158 0.116518 0.279825 -0.479041 -0.426095
-0.077116 -0.098087 0.028355 0.032424 -0.015403 -0.139546 -0.074465 -0.154416 -0.005993 -0.006525 0.016574 -0.043646 -0.058899 0.001956 0.000557 -0.001609 -0.040438 1.078193 1.528913 0.568363 -0.612939 -0.467421 -0.205335 -0.256723 -0.155469 -0.002759 0.504606 0.626252 0.275470 0.079396 0.000000 0.003768 0.139835 0.311086 0.316393 0.645679 4.792305 1.265788 0.008467 0.035567 0.005211 -0.000267 -0.000427 -0.000008 0.000685 -0.123351 -0.027808 0.010210 0.150360 0.000554 0.013006 -0.118674 -0.425694 -0.376805 -0.032627 0.150765 -0.136817 -0.394775
-0.123778 -0.060920 0.122278 0.044293 0.088133 -0.128415 -0.091417 0.075486 -0.076383 -0.106414 0.043514 -0.031675 -0.070407 -0.006596 -0.003867 -0.004564 -0.204475 1.469857 1.703550 0.546597 -0.678149 -0.415903 -0.202222 -0.097436 -0.028638 0.027851 0.065627 0.113727 0.142941 0.173313 0.002663 0.009456 0.182339 0.521126 0.692245 1.073988 4.326852 1.462244 0.102972 0.010285 0.021790 0.034376 -0.010350 -0.003396 0.000981 -0.001793 -0.012035 0.029201 0.000561 0.000247 0.000331 0.041322 -0.476481 -0.445422 -0.043571 0.000633 -0.001842 -0.352587
-0.019592 -0.113111 0.265666 -0.005459 0.059921 -0.151789 -0.120268 0.085345 -0.021670 -0.291557 -0.002905 -0.042917 -0.016448 -0.010414 -0.003756 -0.003443 1.216905 1.627353 1.730039 0.559891 -0.730419 -0.466980 -0.002698 0.001607 0.003671 0.085208 0.012071 0.016942 0.190013 0.222796 0.003549 0.022054 0.086364 0.138927 0.277611 0.931151 2.592831 0.991520 0.032436 0.012099 0.020038 0.058148 -0.237322 -0.002421 -0.002305 -0.001565 -0.005493 -0.000467 -0.002576 -0.000569 -0.000393 -0.000237 -0.239214 -0.488267 -0.118682 -0.000405 -0.001182 -0.402272
0.004705 -0.084554 0.202909 -0.052295 0.038187 -0.111991 -0.094257 0.001114 0.001385 -0.015251 -0.014944 -0.014495 -0.137386 -0.004586 -0.030904 0.533939 0.659038 1.863305 1.809370 0.673735 -0.416045 -0.090310 0.004986 0.001335 0.007089 0.030381 0.005903 0.009513 0.218718 0.275187 0.005183 0.045875 0.003690 0.009031 0.016425 1.284382 2.506286 1.204603 0.000013 0.000401 0.000330 0.077819 0.188905 -0.079585 -0.001760 -0.001237 -0.005161 -0.000540 -0.003083 -0.052649 -0.067748 -0.355963 -0.381435 -0.584926 -0.193560 0.101737 -0.064688 -0.372640
-0.000948 -0.003689 0.091095 -0.043367 0.081623 0.084722 0.003274 0.002534 0.020199 -0.008568 -0.011009 -0.087961 -0.787033 0.405696 0.332437 0.545129 0.681293 0.700815 0.795482 0.442469 0.002598 0.104397 0.021696 -0.000365 0.004600 0.005176 0.025138 0.001467 0.008329 0.388025 0.017756 0.011309 0.005453 0.018454 0.043063 1.411146 2.772720 1.305999 -0.029629 -0.000555 -0.000396 0.030194 0.135589 -0.146344 0.300451 0.008228 0.000957 -0.000139 -0.001525 -0.232047 -0.214911 -0.564231 -0.387256 -0.397661 0.471015 0.302589 -0.018481 -0.594159
0.000940 0.009826 0.088463 0.008965 0.000841 0.003428 0.006415 0.004388 0.072538 0.011178 0.131125 -0.139681 -0.782567 0.685326 0.950365 0.475470 0.573647 0.597050 0.828746 0.005624 0.006104 0.054016 0.050693 0.129567 0.005283 0.018377 0.007984 0.002948 0.000733 0.219657 0.006790 0.000555 0.000396 0.022451 0.431786 2.193933 1.559129 1.246539 0.505915 -0.094955 -0.007691 -0.021623 -0.073576 -0.070441 0.411761 0.590363 0.112217 -0.015275 -0.069367 -0.214463 -0.216965 -0.478422 -0.333775 -0.136742 1.174385 0.375584 -0.001492 -0.628060
0.000884 0.065281 0.052148 0.085746 -0.000151 0.002346 0.007469 0.005840 0.012931 0.055543 0.035943 0.079643 -0.768504 0.861525 1.249302 0.455318 0.496492 0.392792 1.185388 0.320179 -0.001150 0.000375 0.006328 0.047867 0.050857 0.009018 0.000778 0.001050 -0.000233 0.133202 -0.000013 -0.000401 -0.000330 0.047461 0.530944 1.935430 1.309035 1.087021 0.564567 -0.186092 -0.000482 -0.042085 -0.197236 -0.040470 0.414442 0.410592 0.372491 0.094833 0.018717 -0.076633 -0.085589 -0.251997 -0.103611 0.025370 0.005811 0.469531 0.263656 -0.128857
0.000455 0.011049 0.040815 0.216839 0.010373 0.000067 0.006290 0.001462 0.001687 0.034899 0.011098 0.009709 -0.383546 1.133753 1.403764 0.108298 0.067685 0.269983 1.162377 1.030937 0.093122 0.002313 0.016552 0.017243 0.025301 0.002988 0.000927 -0.000446 0.030759 0.317956 -0.032818 -0.009351 -0.011734 0.057121 0.717574 1.930059 2.058922 0.979947 0.659970 0.050615 0.025551 -0.031855 0.065454 0.104153 0.007340 0.007418 0.171823 0.021307 0.043405 0.019294 0.100971 -0.106959 -0.000419 0.000103 0.000222 0.046955 0.055541 0.052252
-0.001028 0.000209 0.000930 0.106084 0.017004 0.000380 0.000348 0.000657 0.001266 0.012359 0.000795 0.000026 0.011795 0.610541 0.436790 0.200019 0.070856 0.027407 0.856603 0.860952 0.019113 0.002588 0.028726 0.011511 0.008103 0.004330 -0.000064 -0.000603 0.081442 0.328691 0.343040 0.018553 -0.015627 0.039182 0.868744 1.869760 0.953031 0.850983 0.908263 0.314187 0.152328 -0.001894 0.000936 0.001994 0.000360 0.000360 0.000270 0.082582 -0.078044 -0.050271 0.154561 0.118226 -0.000162 -0.000103 -0.000222 0.001071 0.000222 0.001127
-0.001249 -0.000518 0.000462 0.002742 0.002430 -0.000001 -0.000521 -0.001526 -0.001765 0.000000 -0.000100 0.074994 1.322718 0.845842 0.477377 0.132175 -0.079934 0.228769 0.902171 0.126688 0.092141 0.023735 0.019813 0.003946 0.000702 0.001809 0.001005 0.072107 0.131702 0.317968 0.313816 0.126606 -0.019176 0.241659 1.306599 1.666942 1.177229 0.725112 0.766842 0.354236 0.171455 0.100515 -0.000211 -0.001026 -0.000360 -0.000360 -0.000315 0.264339 -0.176266 -0.138355 0.114285 0.484948 -0.001063 -0.011146 -0.012789 -0.000389 -0.000222 -0.001724
0.127618 -0.010026 -0.002810 -0.001071 -0.001745 -0.003232 -0.021302 -0.024061 -0.027561 -0.003663 -0.090981 1.810003 1.476633 0.288237 0.096036 0.236591 0.480980 0.304143 0.146055 0.045984 0.091722 0.051615 0.010996 0.000222 0.001020 0.017511 0.019801 0.187871 0.200697 0.013789 0.020096 0.013884 0.001373 0.305927 1.181975 1.455432 0.982448 0.918437 0.749253 0.442673 0.210922 0.050552 -0.001069 -0.001963 -0.172836 -0.050659 -0.004761 0.171891 -0.187889 -0.132251 0.123702 0.431836 0.338854 0.026666 -0.024988 -0.001030 -0.006910 -0.011120
0.136991 -0.488969 0.050737 -0.002183 -0.002712 0.130424 -0.414785 -0.441204 -0.462974 -0.570681 0.861761 0.993484 0.462903 0.389681 0.015785 0.161655 1.095705 0.128780 0.038238 0.037486 0.049014 0.071097 0.005389 -0.000222 0.002126 0.012152 0.008509 0.125232 0.007729 0.006698 0.006698 0.000657 0.000073 0.470950 1.213823 1.311077 0.927011 0.783213 0.716531 0.510670 0.279047 0.068133 -0.033470 -0.178007 -0.173274 -0.054352 -0.005703 0.175154 -0.157756 -0.097480 0.195576 0.424812 0.446028 0.146782 -0.002424 -0.001880 -0.015302 0.059341
0.089055 -0.182668 0.115227 -0.074307 -0.127069 0.312525 -0.020490 0.055331 0.005196 -0.395620 0.683492 0.669416 0.464316 0.377841 0.056087 0.124883 0.017644 0.030447 0.022506 0.038394 0.017858 0.045843 0.034921 0.011644 0.005865 0.001299 0.000799 0.049580 0.000010 0.000360 0.000360 0.000077 -0.000160 0.744864 1.508971 1.101455 0.797438 0.669046 0.741333 0.720824 0.651532 0.160680 0.037728 -0.462925 -0.164094 -0.030362 0.066088 0.391003 0.025970 0.020328 0.205902 0.513615 0.671881 0.244322 0.000000 -0.000458 -0.015192 0.061914
0.081623 -0.019344 0.280961 -0.237565 -0.231704 0.240510 0.107612 0.290731 0.281258 -0.376719 0.488354 0.553479 0.442944 0.371891 0.126114 0.113010 0.000824 0.000935 0.013264 0.017486 0.007317 0.018922 0.020785 0.037008 0.002609 -0.000367 -0.000008 0.000149 -0.027451 -0.000360 -0.000360 -0.000207 0.015588 0.925288 1.480457 0.896243 0.650850 0.639983 0.599562 0.610734 0.737130 0.327668 0.152716 -0.260866 -0.132439 0.001164 0.010329 0.014226 0.102715 0.039329 0.276119 0.291712 0.783354 0.313473 -0.016238 -0.000913 -0.002990 0.000487
-0.020462 0.081627 0.712396 0.013620 -0.066144 0.325168 0.370910 0.591727 0.565313 -0.330980 0.319220 0.026163 0.655427 0.594489 0.372530 0.162068 0.008253 0.007665 0.004515 0.000007 0.000352 0.006416 0.010469 0.007603 -0.000686 -0.021044 -0.003208 -0.000459 -0.150360 -0.007325 -0.005117 -0.000454 0.061292 1.016560 1.600232 0.942067 0.694980 0.583984 0.501671 0.684998 0.938342 0.976744 0.270909 -0.125759 -0.005987 0.000060 0.000586 0.006344 0.001114 0.009994 0.436431 0.486619 0.691945 0.566254 0.071168 0.096099 -0.107945 -0.008828
-0.058708 0.372218 0.921562 0.009837 0.037535 0.567958 0.165302 0.090638 0.656989 0.018719 0.041660 0.021507 0.019184 0.295830 0.521791 0.275805 0.013821 0.006129 -0.000108 -0.007635 -0.000352 -0.000007 0.000068 0.000120 0.014722 -0.059349 -0.016236 -0.006876 -0.065345 -0.168872 -0.008231 -0.008036 0.468018 1.115278 1.023414 0.643266 0.480731 0.566420 0.611088 0.479906 0.738097 0.694949 0.480274 0.094141 0.109834 -0.000148 -0.000069 0.000000 0.000718 -0.053346 0.113266 0.093918 0.203754 0.368699 0.124363 0.162097 0.144009 0.327152
