use_cases/Flooding_chicago/flooding_data/output/hUy_1920.asc
ncols 337
nrows 393
xllcorner 428428.000000
yllcorner 4602440.000000
cellsize 26.757400
NODATA_value -9999.000000
[rows 130 to 155 of 393, columns 174 to 231 of 337]
0.026407 0.009341 0.000559 0.000009 0.000155 0.092654 0.236896 0.035966 0.053204 0.029018 0.015842 0.021658 0.024779 0.032045 0.022722 0.047691 0.044717 0.012534 0.049348 -0.928321 -1.629140 -1.342128 -0.078661 -0.533111 -0.632506 -0.252768 -0.000929 0.000728 -0.001869 -0.008896 -0.483551 -0.098877 -0.147538 0.045923 0.017737 0.028322 0.003884 0.000757 0.000491 0.000025 0.111799 0.024268 0.077817 0.104882 0.136131 0.039797 0.060913 0.062488 0.092053 0.004172 0.000534 0.000511 0.000268 -0.000209 -0.000007 0.033283 0.456565 0.038142
0.006838 0.000320 -0.000118 -0.007950 -0.000339 0.039358 0.070253 0.006923 0.017387 0.012546 0.013963 0.006008 0.019417 0.014277 0.017403 0.010233 0.017265 0.001664 0.124492 -0.408750 -1.734819 -1.382301 -0.220357 -0.544235 -0.309109 0.112489 -0.000441 0.001444 0.022897 -0.001526 -0.619671 0.030615 0.026885 0.030423 0.009552 0.012430 0.000890 -0.000110 -0.000156 -0.032443 -0.003084 0.040463 0.017311 0.026621 0.010681 0.036066 0.038191 0.031105 0.026866 0.012446 0.000798 0.000718 -0.000039 -0.000812 0.002341 0.037476 0.044914 0.007931
0.000000 -0.000098 -0.006242 -0.026413 -0.026015 -0.002599 0.017943 0.000143 0.000061 0.000140 0.000222 0.000444 0.000025 0.000373 0.000308 0.000143 0.000002 -0.000132 0.283030 -0.258091 -1.603182 -1.533304 -0.449018 -0.677476 -0.217005 0.305222 -0.061669 -0.067702 -0.035888 -0.140354 -0.309932 0.001685 0.007400 0.011921 0.000965 0.000473 -0.000082 -0.010447 -0.015302 -0.268501 0.005933 0.013924 0.007807 0.015069 0.008808 0.011552 0.007295 0.021056 0.002493 0.003219 0.000222 0.000103 -0.000243 -0.000513 -0.001721 0.000000 0.000252 0.000376
-0.017748 -0.017371 -0.022143 -0.031584 -0.099761 -0.001116 -0.000011 -0.000156 -0.000063 -0.000140 -0.000222 -0.000221 -0.022739 -0.000644 -0.000421 -0.000128 -0.003367 -0.010937 1.071238 -0.081124 -1.425951 -1.789527 -0.747513 -0.907754 -0.414805 0.449406 -0.493978 -0.086867 -0.040844 -0.001100 -0.020449 0.003147 0.000318 0.000270 -0.000000 -0.000270 -0.007920 -0.032855 -0.146302 -0.218246 0.017896 0.004395 0.000289 0.000368 0.000724 0.000404 0.000015 0.000000 -0.000377 -0.001837 -0.000222 -0.000103 -0.000178 -0.000619 -0.008366 -0.031055 -0.002434 -0.005359
-0.042738 -0.036374 -0.030720 -0.031640 -0.166869 -0.009549 -0.004772 -0.041657 -0.010321 -0.007420 -0.008512 -0.030905 -0.045453 -0.025884 -0.019983 -0.008552 -0.017612 0.256530 0.828866 -0.217555 -1.437587 -1.605748 -0.942326 -1.039289 -0.676925 0.695622 0.962900 -0.017583 -0.012788 -0.002264 -0.007494 0.000091 -0.000109 -0.000473 -0.000965 -0.001058 -0.022147 -0.369991 -0.069693 -0.121590 0.008058 0.000152 0.000068 -0.000388 -0.000781 -0.000588 -0.010501 -0.004899 -0.048796 -0.002744 -0.006515 -0.009821 -0.007692 -0.000783 -0.002577 -0.075483 -0.093164 -0.003525
-0.055843 -0.068838 -0.048716 -0.138172 -0.159056 -0.025132 -0.021960 -0.067451 -0.018374 -0.021420 -0.017885 -0.059075 -0.036250 -0.060012 -0.040127 -0.018740 -0.021625 0.388281 0.316664 -0.349101 -1.264026 -1.723696 -0.960997 -1.546395 -1.324326 0.615962 2.152402 0.072302 -0.035212 -0.011558 -0.001713 -0.000212 -0.001110 -0.006721 -0.024094 -0.002493 -0.047164 -0.421916 0.014590 0.047782 0.000311 -0.000054 -0.000755 -0.008639 -0.009405 -0.021955 -0.022471 -0.043272 -0.073190 -0.025316 -0.024921 -0.020013 -0.024516 -0.000656 -0.012478 -0.013808 -0.604053 0.069369
-0.072019 -0.335168 -0.248545 -0.483913 -0.288234 -0.177868 -0.038322 -0.064478 -0.013577 -0.030416 -0.108230 -0.059497 -0.022072 -0.036172 -0.083258 -0.078992 -0.055342 0.307509 0.196364 -0.340714 -1.153466 -1.642957 -0.871499 -1.515066 -1.401995 0.392438 1.804342 1.197926 -0.039631 -0.016932 -0.002158 -0.014324 -0.012228 -0.033977 -0.041655 -0.014195 -0.613613 -0.412323 0.011689 0.007386 0.000101 -0.001632 -0.018777 -0.014952 -0.015391 -0.036266 -0.020255 -0.077353 -0.085628 -0.052323 -0.039535 -0.023647 -0.018199 -0.000940 -0.038941 -0.009152 -0.682319 0.093564
-0.514122 0.347145 -0.044155 0.037896 -0.132468 -0.034379 -1.010909 -0.229208 -0.177930 -0.212942 0.144810 -1.617187 -0.026900 -0.009911 -0.462460 0.016363 -0.133779 0.236169 0.148971 -0.385977 -1.252814 -1.506412 -0.766102 -1.457595 -1.362678 0.207528 1.770994 1.466629 -0.002421 -0.002673 -0.009168 -0.019179 -0.041201 -0.049375 -0.040010 -0.321343 -0.437873 -0.000000 -0.000004 -0.000117 -0.002008 -0.009255 -0.047942 -0.017314 -0.017542 -0.029714 -0.064430 -0.095637 -0.094026 -0.065475 -0.039170 -0.039685 -0.002290 -0.000575 -0.006543 -0.002357 0.000932 0.069834
0.105290 0.657168 0.183423 0.254915 0.180009 0.049124 -0.722764 -0.297661 0.450342 0.783148 0.477504 -1.052124 -0.518622 -0.449847 0.800723 0.540158 -0.308536 -0.129159 -0.144099 -0.416572 -1.275989 -1.532896 -0.864673 -1.378165 -1.507135 -0.136303 1.440763 1.195560 0.116421 -0.012954 -0.015471 -0.022114 -0.065397 -0.054869 -0.552873 -1.895759 -0.284481 -0.018907 -0.014674 -0.016473 -0.023355 -0.005884 -0.018021 -0.018840 -0.018848 -0.034087 -0.094194 -0.108098 -0.075838 -0.069341 -0.076376 -0.058662 -0.024915 -0.011695 -0.001533 -0.029377 -0.011113 0.140750
0.918310 0.835442 0.229901 0.224718 0.390859 0.366618 -0.686706 -0.181849 1.290794 1.227983 0.847147 -0.115317 -0.688864 -0.437382 1.883096 0.949336 -1.091214 -0.797974 -1.015965 -0.865193 -1.680946 -1.763988 -0.983950 -1.580780 -1.871615 -0.625157 0.867035 0.742921 0.078314 -0.018187 -0.018260 -0.061586 -0.024282 -0.472338 0.113795 -0.741870 -0.882216 -0.502697 -0.023628 -0.049727 -0.042766 -0.020599 -0.045739 -0.013795 -0.026989 -0.030873 -0.073069 -0.211610 -0.040763 -0.061162 -0.125294 -0.095250 -0.043797 -0.059399 0.138343 0.410580 0.256198 0.372478
1.727018 1.183281 0.154482 0.037648 1.215966 0.676126 -0.364004 -0.075170 1.843306 0.881732 0.205884 0.145544 0.961053 0.588639 2.429116 1.250982 -0.755800 -0.736626 -1.010458 -1.028767 -1.729346 -1.686509 -0.914245 -1.567596 -1.796466 -0.843837 0.629610 0.502154 -0.524313 -0.777991 -0.530658 -0.628116 -0.009995 -0.000702 0.212033 -0.417971 -0.449833 -0.350864 -0.061413 -0.112140 -0.048298 -0.035431 -0.031838 -0.027961 -0.054210 -0.032771 -0.161542 -0.286177 -0.042669 -0.055027 -1.588486 -0.058016 0.188916 0.170117 0.700589 0.830641 0.585907 0.925387
0.653810 0.464618 0.618761 1.354735 1.656216 0.610531 -0.074372 0.405599 2.045953 0.201525 0.041504 0.083616 0.298862 2.005827 3.121614 2.306056 0.379893 -0.141512 -0.685168 -0.575161 -1.451020 -1.364243 -0.533917 -1.213745 -1.667384 -0.829036 0.639286 0.405157 -0.776188 -0.689163 -0.404866 -0.583636 -0.219211 -0.101298 0.157993 -0.018498 0.137687 -0.308922 0.291402 0.066718 -2.424187 -0.238576 -0.019871 -0.123892 -1.423305 -0.064902 -0.271935 -0.828837 0.085755 0.107749 -0.542049 0.467226 0.564814 0.633599 0.902571 1.170732 0.863285 1.354684
0.284932 0.218805 0.312510 1.361587 1.762580 0.140565 0.040905 0.024267 0.010081 0.010154 0.010934 0.182550 0.246544 0.010549 0.005589 0.022369 0.018975 0.018881 0.153413 -0.118048 -0.981577 -0.933497 -0.166546 -0.944124 -1.218205 -0.595746 0.772650 0.497510 -0.612297 -1.136572 -0.588244 -0.929819 -0.646799 -0.204267 -0.003198 0.046053 0.003946 -0.236192 1.188267 0.824064 -1.465172 -0.182482 -1.897290 0.034794 -0.425237 -0.042823 -0.056752 -0.261019 0.137133 0.492536 0.343570 0.887088 0.783888 0.744978 0.817356 1.009593 0.921636 1.323194
0.291399 0.284545 0.149274 0.787782 0.489443 0.015872 0.000752 0.013275 0.000992 0.001105 0.000268 0.226392 0.271002 0.000008 0.000346 0.007856 0.004927 0.004215 0.002950 0.434131 -0.785444 -0.750484 0.261581 -0.643047 -0.683226 -0.112411 1.035025 0.634611 -0.434611 -1.305572 -1.019620 -1.196149 -0.990742 -0.376919 -0.001435 0.000135 0.000222 0.000004 1.274684 1.251255 -0.445395 0.135429 -0.835434 0.235289 -0.135332 -0.118310 -0.106317 -0.050205 0.249300 0.895829 1.300363 1.553013 0.860206 0.575296 0.518259 0.664483 0.736074 1.027231
0.266672 0.300302 0.179595 1.018811 0.002202 0.080937 0.000995 0.000342 0.001010 0.001390 0.000055 0.264441 0.204112 -0.006369 -0.000180 0.000180 0.000222 0.025016 0.004891 0.027945 -0.244914 -0.442233 0.685542 -0.508679 -0.325074 0.308204 1.032461 0.730791 -0.192100 -1.469371 -1.373747 -1.616574 -1.324696 -1.347913 -0.001166 -0.000132 -0.000222 -0.019164 1.104113 1.324922 0.604002 0.632038 -0.121043 0.379025 -0.068216 -0.256496 -0.121400 0.079411 0.814011 1.449004 1.659685 1.444235 1.163310 0.567155 0.225094 0.290387 0.506543 0.659024
0.221131 0.319410 0.176891 0.448603 0.005591 0.016752 0.000157 -0.000033 -0.000023 0.000222 -0.000195 0.386851 0.266882 -0.023480 -0.007891 -0.000346 -0.000004 0.007508 0.001898 0.000362 -0.004844 0.386103 1.471860 -0.394086 0.161280 0.870150 1.139219 1.155905 0.245564 -1.159567 -1.755109 -1.815271 -2.324467 -1.673952 -0.497099 -0.016738 -0.029475 0.077783 1.362273 1.948451 1.268455 1.243169 1.116611 0.413888 -0.092312 -0.327637 -0.114441 0.434839 1.275272 1.857799 1.784425 1.307228 0.537755 0.486084 0.125673 0.114690 0.388176 0.499271
0.184956 0.318376 0.003930 0.019154 0.005291 -0.000019 -0.000269 -0.000164 -0.000323 -0.000222 -0.014211 0.233130 0.181866 -0.001571 -0.018966 -0.006276 -0.000885 -0.000031 -0.000000 -0.000256 -0.000564 0.416521 0.816549 0.243239 0.947020 1.449437 1.210513 1.316241 1.600589 -0.691688 -1.752048 -2.410468 -2.208187 -2.815109 -1.569490 -0.757387 -0.262662 0.143775 1.560346 2.429323 2.326874 1.799871 0.758644 0.338937 -0.057437 -0.441104 -0.036678 0.454374 1.461282 1.608344 1.231731 0.788431 0.478314 0.494899 0.162844 0.023371 0.197193 0.241029
0.005647 0.000893 0.003545 0.000000 0.000000 -0.016936 -0.037592 -0.009267 -0.007836 -0.008612 -0.202251 0.158999 0.103379 0.105959 -0.011629 -0.012642 -0.000709 -0.011164 -0.006478 0.258994 0.264601 0.463985 0.928232 0.013862 0.911903 1.148642 1.868949 1.797307 1.620578 0.580699 -1.202556 -2.385466 -3.171020 -2.578892 -1.774027 -0.871090 -0.379796 0.709264 1.770427 2.548511 2.639478 1.754551 0.529137 0.372501 -0.070903 -0.523926 -0.113159 0.426338 1.384551 1.206527 0.951465 0.697985 0.622511 0.525322 0.228259 -0.131803 -0.046644 0.029232
-0.246267 -0.002148 -0.001462 -0.021151 -0.020139 -0.009515 -0.261750 0.073461 -0.015011 -0.026316 0.064503 0.122629 0.004755 0.093420 -0.001774 -0.002370 -0.011418 -0.021358 -0.039037 0.346036 0.318143 0.127580 1.425074 0.420579 2.021272 2.463057 3.215381 2.674072 2.256162 1.160947 0.254090 -1.728046 -2.473381 -2.403386 -1.471334 -0.647834 -0.234398 0.830814 1.919397 2.032863 1.843506 1.194004 0.787928 0.444824 -0.187888 -0.336850 -0.254523 0.307759 0.869601 0.973366 0.751189 0.666699 0.809474 0.486320 0.221150 -0.253351 -0.218258 -0.117773
-0.093456 0.076208 -0.072241 -0.194699 -0.253139 -0.201039 -0.194609 -0.007044 -0.003398 -0.005684 0.500658 0.222143 -0.093046 0.046632 -0.033777 -0.006585 -0.026350 -0.043581 0.449398 0.411925 0.219914 -0.082231 1.861512 0.798340 2.936590 3.484511 3.761884 2.427252 1.260109 0.271240 0.066630 -0.821500 -1.842700 -2.149822 -1.380425 -0.514998 0.319125 0.602951 1.357796 1.175828 1.512653 1.235870 0.557132 0.248357 0.034105 -0.339737 -0.182639 0.223670 0.746669 1.081757 0.509430 0.628869 0.444782 0.381740 0.330587 -0.268425 -0.212260 -0.114818
0.308433 0.225365 -0.121282 -0.188826 -0.244028 -0.243587 -0.254045 -0.171123 -0.001719 -0.002342 0.020648 0.027758 0.003663 0.014900 0.000961 -0.018384 0.129999 0.618004 0.539539 0.369235 0.159241 0.332116 2.452500 1.265502 3.161288 4.529798 3.310824 1.460147 -0.014181 0.076182 -0.058004 0.045998 -0.592310 -1.219655 -0.826301 -0.214996 0.420828 -0.103235 0.514135 0.713008 0.343048 0.041943 0.039649 0.393902 0.539421 -0.303125 -0.152546 0.291444 0.714892 1.272134 0.423162 0.513762 0.401422 0.030113 0.004325 -0.159032 -0.127875 -0.041225
0.624161 0.538993 -0.217080 -0.257411 -0.320306 -0.332173 -0.320303 -0.327255 -0.001845 -0.003514 0.000000 0.000000 0.000000 0.000000 -0.000060 0.005170 0.449599 1.177197 0.690996 1.308860 1.027141 1.284756 3.407366 1.838899 5.013998 5.736000 4.072545 1.400909 -0.724524 -0.160391 -0.210657 1.309269 0.252897 -1.089601 -0.671530 0.057295 0.809712 -0.614960 -0.199685 -0.004494 -0.138375 -0.026871 0.258183 0.610246 0.801955 -0.200682 -0.164416 0.226895 0.663449 1.108072 0.270725 0.362108 0.385333 0.234016 0.000681 -0.043057 -0.092796 0.020414
0.949968 0.703317 -0.012406 -0.327883 -1.006751 -1.617333 -1.461441 -1.126636 -0.273544 -0.256990 -0.405963 -0.413330 -0.007119 -0.084781 0.857732 0.866815 0.656455 1.927373 2.752265 2.131388 1.818786 1.722889 3.517257 1.945533 2.369442 3.556789 3.831209 2.398791 0.319988 0.323904 -0.417550 1.619143 0.282155 -1.196234 -0.463007 0.566251 1.870692 -0.590117 -0.281461 -0.205676 -0.446800 -0.188489 0.807241 1.651303 1.280912 0.033123 -0.066137 0.223528 0.697200 1.419566 0.350737 0.298393 0.294853 0.470273 -0.042353 -0.000245 -0.043034 0.090502
1.853357 1.273721 0.564625 -0.194850 -0.835949 -0.697911 -0.795273 -1.069103 -0.232853 -0.183700 0.210405 -0.020372 0.262723 0.606310 1.328857 0.967817 1.292272 4.925973 1.861820 1.437284 2.856665 0.071761 0.144664 0.367118 3.240234 3.411800 1.037754 0.329220 0.139927 0.105463 0.327904 1.797407 0.776582 -0.173501 0.345804 0.015314 0.026107 0.157172 0.872962 0.080408 0.058522 -0.156883 1.407320 2.121028 1.492583 0.099206 -0.157968 0.296705 0.153303 1.602707 0.103838 0.073586 0.054242 0.980940 0.015927 0.024483 0.016955 0.258827
2.788917 1.349222 1.057327 -0.019724 -0.045768 -0.039267 -0.355450 -0.675317 0.008111 0.127984 0.715212 0.055338 0.768512 1.202229 1.910205 0.834113 1.359362 1.960907 0.029707 0.041781 0.024514 0.028537 0.013776 0.617974 4.179726 3.550818 0.242307 0.020269 0.066156 0.053598 0.037902 0.050281 0.078663 0.060826 0.020785 0.013741 0.019992 0.058953 0.144172 0.352075 0.132412 0.073265 1.923343 2.571252 1.731555 -0.053172 -0.045745 0.797191 0.085133 0.028123 0.041295 0.038811 0.047850 0.034895 0.203956 0.164928 0.293940 0.459359
1.034971 0.710822 0.386571 0.326602 0.050144 0.639926 0.210474 0.090149 0.629789 0.706650 1.077357 0.449025 0.939736 0.242109 0.437128 0.023844 0.075121 0.087697 0.020609 0.012444 0.015647 0.004815 0.014838 1.015290 4.499722 2.769694 0.152864 0.032361 0.069542 0.021286 0.022864 0.018295 0.064386 0.019883 0.009983 0.012204 0.006516 0.055301 0.211469 0.174940 0.275131 0.113743 2.433555 3.154960 2.502710 0.581962 0.000681 0.009903 0.022673 0.023340 0.032242 0.017110 0.033426 0.038076 0.105911 0.039622 0.089810 0.899165
