use_cases/Flooding_chicago/flooding_data/output/hUy_2340.asc
ncols 337
nrows 393
xllcorner 428428.000000
yllcorner 4602440.000000
cellsize 26.757400
NODATA_value -9999.000000
[rows 182 to 207 of 393, columns 58 to 115 of 337]
0.000222 0.000103 0.000365 0.000302 -0.001815 -0.002295 -0.002079 -0.000974 -0.011714 -0.000376 0.056610 0.001074 0.002202 0.012822 0.023036 0.002882 -0.086876 -1.363701 -1.611339 -1.468501 -0.459818 -0.242964 0.205462 0.004148 -0.000081 0.000000 0.000000 0.005734 0.158739 0.142030 0.005131 -0.385663 -0.082883 -1.628307 -0.991252 -0.395044 -0.001396 0.000247 0.000331 0.000142 0.102795 0.325460 0.670006 1.345233 1.659413 1.362571 1.274126 2.785089 2.532792 2.451602 2.428742 1.415144 1.107136 0.360007 0.321291 0.447598 0.249799 -0.013884
-0.000222 -0.000103 -0.000822 -0.003161 -0.002654 -0.035349 -0.025620 -0.013572 -0.035075 -0.003082 0.016985 0.000961 0.002795 0.001042 0.000589 -0.000108 -0.030680 -1.462121 -1.783748 -1.562004 -0.093337 0.013583 0.032469 0.012743 -0.000276 -0.011740 -0.005347 -0.000139 -0.000003 -0.000000 -0.000000 -0.002436 -0.197152 -1.437728 -0.493557 0.000325 -0.000848 -0.000569 -0.000393 -0.000135 0.257839 0.624224 0.861072 1.490713 2.212045 1.909079 1.818520 3.249452 2.587322 2.270011 1.787812 0.928799 0.745714 0.262122 0.186190 0.424448 0.280104 -0.152975
-0.011543 -0.009321 -0.024378 -0.015503 -0.029982 -0.057083 -0.043405 -0.023059 -0.006866 -0.073730 -0.005095 0.000871 0.002299 0.000107 -0.000124 -0.000209 -0.007573 -1.414765 -2.937810 -1.416632 -0.041597 0.000513 0.001212 0.011468 0.003935 -0.682123 -0.028898 -0.010423 -0.021069 -0.011357 -0.025477 -0.143012 -0.366089 -1.036278 -0.400813 0.000019 -0.001786 -0.013169 -0.009691 -0.024619 0.446527 0.571603 0.772225 1.862087 2.730796 2.851441 2.332622 2.817172 1.390152 0.986156 1.077932 0.622591 0.556838 0.191987 0.189254 0.444991 0.230108 -0.069371
-0.037636 -0.027137 -0.067344 -0.036625 -0.093181 -0.102584 -0.063430 -0.030119 -0.060991 -0.088889 -0.000032 -0.000577 0.000000 -0.000305 -0.000292 -0.002657 -0.006208 -1.282488 -2.732365 -1.200438 -0.012557 -0.000217 0.000880 0.001182 0.003844 -0.014995 -0.066553 -0.042386 -0.106532 -0.071957 -0.532260 -0.033767 -0.691996 -0.763293 -0.501128 -0.100616 -0.308560 -0.823866 -0.528856 0.247866 0.406739 0.601061 1.197268 2.682820 3.603286 2.967439 2.660096 2.643790 1.217893 0.932160 1.049919 0.767650 0.615683 0.087251 0.146306 0.331470 0.128955 -0.056233
-0.006198 -0.059929 -0.031709 -0.011156 -0.022746 -0.210818 -0.193273 -0.154814 -0.067093 -0.077563 -0.036819 -0.001586 -0.000981 -0.012403 -0.007649 -0.001470 -0.268897 -1.026468 -2.725074 -2.118381 -0.070762 -0.009393 -0.000812 0.000284 0.000310 -0.003974 -0.009891 -0.794965 0.516923 0.219936 0.158231 0.016653 -0.599931 -0.765178 -0.603454 -0.252677 -0.302372 -0.469419 -0.216712 0.496240 0.410576 0.936217 1.781494 3.161887 3.588911 3.028685 2.496326 2.109659 1.185527 0.867536 0.952641 0.389507 0.627460 -0.012766 0.166735 0.315545 0.065438 -0.009459
-0.001424 -0.016666 -0.021105 -0.009896 -0.000361 0.001924 -0.092618 -0.079850 -0.347484 -0.316215 -0.018467 -0.001232 -0.001112 -0.023129 -0.026484 -0.051440 -0.207992 -1.636810 -2.432949 -1.759278 -0.320470 -0.019585 -0.000999 -0.001377 -0.000495 -0.001429 -0.001828 0.819838 2.091726 1.001673 0.396070 -0.049918 -0.728717 -1.064998 -0.690843 -0.352116 -0.369743 -0.293971 -0.266789 0.351844 0.180629 0.916699 1.661749 3.195944 3.718884 3.076402 2.405506 1.818806 0.961633 1.108467 0.748468 0.313103 0.219176 -0.025883 0.157774 0.503922 0.099408 0.026501
-0.002140 -0.006732 -0.112160 -0.006736 -0.001404 0.003866 0.002049 -0.037218 -0.243528 -0.452335 -0.250527 -0.001012 -0.000988 -0.002325 -0.209003 -0.038805 -0.175240 -1.316223 -2.168824 -1.624617 -0.472509 -0.005590 -0.020553 -0.006604 -0.020832 -0.014425 -0.045772 1.630249 2.104800 1.083420 0.611291 -0.058024 -0.358322 -0.647884 -0.687073 -0.451938 -0.217412 -0.306197 -0.249436 0.188188 0.163337 0.993108 1.600475 3.952847 3.896122 3.132171 2.354633 1.781050 0.986756 0.899076 0.726897 0.241946 0.142130 0.102139 0.223574 0.508201 0.047489 0.103594
-0.001117 -0.001868 -0.118961 -0.002596 -0.001504 -0.000419 0.001427 -0.009409 -0.126979 -0.524057 -0.362993 -0.007796 -0.014182 -0.001612 -0.189826 -0.016031 -0.388658 -1.102883 -2.429394 -2.445561 -1.166527 -0.116808 -0.375380 -0.009940 -0.213151 -0.176275 0.318717 0.751751 0.893415 0.043314 0.015977 0.339229 0.015396 0.000000 -0.201194 -0.511875 -0.204468 -0.251835 -0.245575 0.106537 0.144207 0.932244 1.986935 4.048000 4.661610 3.617314 2.225845 1.592368 0.866687 0.743562 0.610140 0.172100 0.197211 0.272571 0.204191 0.543362 -0.001708 0.043459
-0.051920 -0.150830 -0.067294 -0.025099 -0.000878 -0.004870 -0.001473 0.000199 0.000364 -0.367041 -0.459090 -0.003259 -0.029470 -0.013014 -0.044330 0.218673 -0.244837 -1.220332 -1.710140 -2.043310 -0.947286 -0.277525 -0.119575 -0.175626 -0.003857 0.098159 0.286045 0.514513 0.476987 0.020152 -0.000718 0.002702 0.000119 -0.006919 -0.002060 -0.059027 -0.076875 -0.168111 -0.235260 0.040920 0.141577 1.141043 2.120697 5.092294 4.915837 3.823567 2.219675 1.715039 0.694998 0.689795 0.438199 0.188428 0.154916 0.367617 0.213261 0.632350 -0.030296 0.017859
-0.096334 -0.124252 -0.190109 -0.012836 -0.017273 -0.006131 -0.003257 -0.000833 -0.000040 -0.284297 -0.298629 -0.155340 -0.195470 0.015764 0.280357 0.383524 -0.085149 -0.983287 -1.749286 -1.544678 -0.825933 -0.438535 0.224754 0.747306 0.251180 -0.065118 -0.023633 0.568361 -0.176547 -0.489224 -0.604898 -0.570904 -0.134729 -0.328695 -0.232710 0.014692 0.090270 -0.075600 -0.286531 0.176678 0.083363 1.183809 2.360212 4.673328 4.527059 2.940862 1.981638 1.325962 0.582032 0.667968 0.536001 0.231411 -0.000339 0.020781 0.015462 0.919589 0.347929 0.354410
-0.022573 -0.302505 -0.440266 -0.023818 -0.037997 -0.002559 -0.032415 -0.006290 -0.001250 -0.126310 -0.386886 -0.651753 0.114531 0.391112 0.577906 0.769293 0.088843 -0.459966 -1.121103 -0.815550 -0.551351 -0.075691 0.501310 0.600438 0.247110 -0.083516 0.046260 0.414494 -0.278385 -0.949591 -1.196228 -0.504497 -0.172688 -1.024626 -0.392520 -0.212395 0.234161 0.012845 -0.173616 0.142992 -0.055148 1.155145 2.608887 4.856619 4.575484 2.919532 1.807781 1.039706 0.403051 0.666827 0.477247 0.303506 -0.000948 0.000069 0.001479 0.018683 0.001506 0.001120
0.000010 -0.262385 -0.311480 -0.247956 -0.009463 -0.009877 -0.078542 -0.002792 -0.001854 -0.047264 -0.170594 -0.622807 0.140041 0.403986 0.761775 0.874035 0.238450 -0.306732 -0.620976 -0.566220 -0.448505 0.126293 0.526675 0.441284 0.513040 0.385523 0.907564 0.566288 0.246947 -0.797278 -0.602653 -0.426918 -0.427519 -0.912998 -0.574926 -0.412546 0.290642 0.183022 -0.126390 0.076992 -0.256040 0.997384 2.401839 4.973303 4.626839 3.927634 2.013655 0.731074 0.114325 0.503673 0.356691 0.229112 -0.050223 -0.016780 -0.000184 0.000493 0.001621 0.001188
-0.006804 -0.110547 -0.366114 -0.311414 -0.139341 -0.108397 -0.125875 -0.008210 -0.002264 -0.015938 -0.002734 -0.328548 0.123148 0.488989 0.740414 1.123703 0.182156 -0.248070 -0.482374 -0.459471 -0.265295 0.168448 0.425577 0.530799 0.132326 0.090860 0.089004 0.063186 0.021348 -0.061896 -0.287984 -0.054579 -0.660035 -0.691749 -0.530878 -0.423008 0.540527 0.298770 -0.050532 0.061819 -0.465307 0.915928 2.535368 5.412374 5.085519 4.131573 1.421286 0.198578 -0.264844 0.293697 0.345906 0.184673 0.114643 0.516678 -0.026034 -0.000424 -0.000967 0.000919
-0.019106 -0.028702 -0.206948 -0.164737 -0.201391 -0.130367 -0.524841 -0.557172 -0.012287 -0.006915 0.102207 -0.185965 0.046698 0.311443 0.560626 1.126627 0.050036 -0.247333 -0.330089 -0.326533 -0.103806 0.180969 0.355358 0.452840 0.166648 0.156623 0.158493 0.141667 0.016675 0.142048 -0.054586 0.064743 -0.589685 -0.509060 -0.270783 -0.161935 1.026827 0.386418 0.149203 0.162292 -0.466773 0.973686 3.328722 5.532918 5.075953 3.646571 0.820805 -0.034517 -0.367966 0.402053 0.034956 0.026800 0.015624 0.772485 0.512958 -0.006557 -0.000486 0.000000
-0.002545 -0.011291 -0.263522 -0.241902 -0.057261 -0.058662 -0.412917 -0.546641 -0.357798 -0.071393 0.067361 -0.057021 -0.007914 0.305238 0.517697 1.287220 -0.063873 -0.237120 -0.047359 -0.136763 0.063566 0.185977 0.206566 0.332862 0.356113 0.030466 0.029142 0.029537 0.064362 0.705766 0.069720 0.194250 -0.297303 -0.124814 -0.095313 0.109141 1.435320 0.045031 0.016794 0.009968 -0.020197 1.544601 3.524182 6.115740 4.618202 3.843344 0.886144 0.281220 0.096570 0.008966 0.005982 0.000326 0.000153 0.053761 0.651397 -0.113639 -0.019887 -0.010011
-0.013863 0.004516 -0.129464 -0.132622 -0.039120 -0.115004 -0.100405 -0.343467 -0.478154 -0.145344 -0.036066 -0.012150 -0.100411 0.383565 0.436574 1.147048 -0.208453 -0.205197 0.100778 0.039830 0.166699 0.026175 0.113945 0.017486 0.017954 0.021345 0.016836 0.022540 0.019380 0.893800 0.793472 0.015397 0.025442 0.310770 0.128142 0.029925 0.011275 0.006337 0.006034 0.000175 0.007519 0.956281 2.553453 4.702754 4.782001 2.574294 0.053437 0.023616 -0.000000 -0.000000 -0.000003 -0.000208 -0.000106 -0.000001 0.130266 -0.163619 0.256345 0.493905
-0.058332 0.001469 0.002787 0.001558 0.000903 -0.162059 0.082845 -0.276691 -0.439656 -0.319257 -0.098577 -0.042541 -0.234485 0.430283 0.359460 1.178042 -0.441656 -0.292749 0.214783 0.198833 0.211501 0.018382 0.000381 0.008894 0.000326 0.000852 0.017020 0.006075 0.006421 0.025448 0.015672 0.001304 0.014458 0.936471 0.035755 0.006383 0.000000 0.000000 0.000000 -0.011274 0.025707 1.416039 3.141968 5.351191 5.076630 3.082060 0.221147 0.118919 -0.040873 -0.011010 -0.007368 -0.007735 -0.012377 -0.136937 -0.336125 -1.170442 0.735456 1.421752
-0.017444 -0.001623 -0.006138 -0.002606 -0.001118 0.000088 0.099724 -0.203090 -0.374940 -0.242134 -0.193208 -0.041187 -0.092823 0.435944 0.365156 1.494566 -0.570717 -0.257960 0.412002 0.444990 0.412439 0.001927 0.000418 -0.000003 -0.000208 0.000724 0.001544 0.000000 0.000000 0.000178 0.000005 -0.000065 0.001935 0.009031 0.013133 0.000512 -0.009776 -0.007076 -0.007448 -0.193443 0.264611 1.718178 3.136546 5.266694 4.890268 2.967135 0.540482 0.196847 0.114150 -0.130452 -0.014896 -0.015480 -0.396482 -0.394500 -0.888152 -1.211983 2.405637 2.932308
-0.000028 -0.001045 -0.001774 -0.039061 -0.107789 -0.000639 -0.000015 -0.061741 -0.062995 -0.190696 -0.228683 -0.119528 0.123315 0.424867 0.474154 1.814581 0.093357 -0.015382 0.027246 0.040402 0.075517 0.006046 0.000009 -0.008749 -0.014182 -0.002830 -0.002467 -0.012736 -0.006438 -0.000347 -0.006003 -0.044696 -0.000401 0.000000 0.000000 -0.000137 -0.027901 -0.057462 -0.051003 -0.124146 0.350518 1.606465 3.116319 4.566072 3.354987 2.562545 0.617215 0.498822 0.247559 -0.210104 -0.273976 -0.196131 -0.653015 -0.661077 -0.672992 -0.250828 0.829883 1.254508
-0.019688 -0.009587 0.007611 0.061781 -0.113978 -0.111362 -0.104958 0.023155 0.421120 -0.123940 -0.265220 -0.091413 0.284612 0.012601 0.005763 0.050836 0.069485 0.014475 0.012191 0.011482 0.020127 0.003920 -0.000626 -0.030843 -0.038250 -0.029791 -0.025327 -0.027948 -0.024457 -0.016213 -0.015534 -0.189552 -0.133886 -0.005460 -0.011833 -0.057208 -0.016403 -0.026185 -0.022127 -0.009982 0.282665 1.368870 2.705470 4.109103 2.829093 1.643341 0.564373 0.509257 0.332180 -0.454540 -0.499370 -0.032876 -0.244900 -0.195320 0.244449 0.104079 0.118965 1.120892
-0.055875 0.005405 0.013748 0.056204 -0.109082 -0.126400 -0.204762 0.006992 0.007849 -0.020373 -0.275410 -0.129973 0.148430 0.000730 0.001651 0.004787 0.001738 0.029972 0.014311 0.012944 0.000222 0.001333 -0.001861 -0.115091 -0.208160 -0.216809 0.097576 -0.006188 -0.026512 -0.155872 -0.177281 0.249805 0.352531 -0.594814 -1.669515 0.200866 -0.010358 -0.018144 -0.017226 0.116354 0.218482 1.319197 2.575795 3.919847 2.464923 1.161457 0.316534 0.332404 0.100864 -0.047328 -0.212643 0.118414 0.362005 0.858922 0.412796 0.015598 0.059218 0.578636
-0.093711 0.005521 0.001055 0.010212 -0.125746 -0.153064 -0.215012 0.000569 0.000394 0.000178 -0.104689 -0.152223 0.081118 0.000845 0.002523 0.018174 0.002609 0.061723 0.003192 -0.001120 -0.000222 -0.002658 -0.001694 -0.054967 -0.232748 -0.105643 0.094978 -0.001590 -0.004061 0.064083 -0.007777 0.309312 0.401568 -0.201565 -1.275681 0.339723 -0.089273 -0.007848 -0.009323 0.285456 0.419584 1.438715 2.311658 3.446766 2.527581 0.966611 0.003226 0.258003 0.051328 0.199778 0.296692 0.206570 0.745865 1.926318 0.457229 0.152741 0.166177 0.394058
-0.089981 -0.016255 -0.016639 -0.011963 -0.152306 -0.186579 -0.237086 -0.000247 -0.000331 -0.000164 -0.042708 -0.224094 -0.013633 0.000380 0.001211 0.005450 0.000743 0.007089 -0.000055 -0.009269 -0.028512 -0.003812 -0.064545 -0.048743 -0.216659 -0.051657 0.000071 0.000000 -0.001465 0.166001 0.006594 0.371059 0.358789 -0.157758 -1.011364 0.290390 0.015018 -0.109575 -0.109736 0.652798 0.656849 1.136637 1.734342 2.506782 1.640371 0.926124 0.006371 0.240193 0.172791 0.347229 0.411085 -0.023112 0.004098 1.047142 0.410297 0.267455 0.273922 0.583825
-0.366576 -0.117610 -0.105272 -0.110581 -0.139110 -0.136256 -0.050501 -0.000554 -0.008612 -0.015831 -0.173988 -0.162990 -0.018442 0.000065 0.000065 0.000000 -0.000250 -0.000010 -0.000000 -0.002634 -0.063170 -0.020231 -0.245862 -0.181512 -0.050968 0.079052 -0.000494 -0.006238 -0.001273 0.175042 0.011463 0.332741 0.310802 -0.151541 -0.517663 0.254041 0.037515 -0.004898 0.018696 0.825477 0.731335 1.152305 1.702614 2.418555 1.654989 0.563222 0.116553 0.103611 0.139271 0.318645 0.695035 0.010910 0.000000 0.021089 0.020965 0.107351 0.281884 0.441050
-0.209619 0.044640 -0.009746 -0.030619 -0.089205 -0.072996 0.011197 -0.004162 -0.360710 0.094162 -0.193355 -0.072112 -0.000003 -0.000124 -0.000556 -0.005378 -0.019972 -0.009265 -0.012851 -0.011962 -0.350039 -0.375324 -0.164086 -0.140182 -0.017281 0.000222 -0.004374 -0.020476 -0.012258 0.189886 0.046016 0.333417 0.179475 -0.036042 -0.380344 0.226356 0.090640 0.048568 0.131684 0.759474 0.741133 1.140268 1.659969 2.365346 1.708654 0.628221 0.228459 0.115037 0.150856 0.326984 0.339157 0.047158 0.005563 0.014234 0.002573 0.001840 0.019897 0.034721
-0.199621 0.051097 0.015959 -0.022827 -0.093143 -0.059086 0.025577 -0.050707 -0.471219 0.052624 -0.254631 -0.040773 0.125221 -0.015162 -0.011166 -0.020071 -0.023858 -0.035174 -0.028128 -0.203015 -0.237487 -0.403595 -0.390558 -0.030240 -0.004261 -0.000222 -0.001536 0.108810 -0.008421 0.149412 0.066114 0.347412 0.252187 0.005634 -0.264000 0.317858 0.103616 0.066684 0.168808 0.852229 0.718678 1.180241 1.576269 2.768625 2.255276 1.038611 0.474381 0.138242 0.174601 0.376792 0.266483 0.120098 0.007168 0.035009 -0.000018 0.000059 0.000391 0.000793
