use_cases/Flooding_chicago/flooding_data/output/hUy_720.asc
ncols 337
nrows 393
xllcorner 428428.000000
yllcorner 4602440.000000
cellsize 26.757400
NODATA_value -9999.000000
[rows 208 to 233 of 393, columns 58 to 115 of 337]
-0.009539 -0.255599 -0.295272 -0.200277 -0.079025 -0.151715 0.000265 0.000178 0.000000 0.000000 -0.035961 -0.026129 -0.286370 -0.058217 -0.065043 -0.033067 -0.028578 -0.032835 -0.142253 -0.524189 -0.099772 0.004728 -0.000655 -0.009509 -0.001753 -0.006026 -0.014398 -0.002162 -0.029523 0.232548 0.012167 -0.176098 -0.124063 -0.107107 -0.000886 0.103126 0.388257 0.286319 -0.007044 0.319692 0.298615 0.006938 0.253618 1.025643 0.470664 0.049029 -0.093646 -0.007269 0.006830 0.017732 0.003811 0.017107 0.005085 0.000814 -0.000028 -0.000350 -0.000367 -0.000718
-0.044220 -0.198690 0.230346 0.043732 0.022520 -0.042671 -0.000022 -0.000347 -0.018639 -0.015168 0.000000 -0.008414 -0.066086 0.185137 0.008202 -0.063975 -0.078798 -0.111708 -0.692393 -0.463193 0.120213 0.145329 0.145004 -0.004619 -0.013963 -0.011570 -0.044411 0.094305 -0.028790 0.205225 0.217858 -0.093891 -0.187570 -0.146989 0.000101 0.217409 0.695240 0.409287 0.005752 0.006135 0.007166 0.003878 0.001785 0.700014 0.592569 0.204838 -0.008039 0.198860 0.063801 0.004576 0.001521 0.000360 0.000360 -0.009839 -0.005213 -0.034118 -0.033456 -0.010913
0.054893 -0.049283 0.228473 0.102252 0.150389 0.052568 -0.000380 -0.004027 -0.070822 -0.036294 -0.000126 0.000222 0.001756 0.262229 0.035943 0.136988 -0.177339 -0.601833 -0.704611 0.012324 0.008225 0.171973 0.154951 0.027906 0.028997 -0.002048 -0.138363 0.134323 -0.044433 0.313411 0.031569 0.062611 -0.148608 -0.068185 0.055161 0.239980 0.329453 0.000705 0.009229 0.005740 0.008890 0.003519 0.001131 0.718904 0.629704 0.257217 0.003077 0.043480 0.028375 0.040811 0.006234 -0.000360 -0.000360 -0.008122 -0.004903 -0.184109 -0.506969 -0.107231
0.017636 0.012441 0.241830 0.140127 0.185356 0.079957 0.006566 -0.071619 -0.056692 -0.003963 -0.000290 -0.000222 0.001612 0.191680 0.048249 0.203313 -0.293550 -0.960369 0.019130 0.006780 0.017051 0.010879 0.135738 0.033718 0.048885 0.001428 0.003064 0.214997 0.007529 0.052249 0.061463 0.162169 0.025591 0.525824 0.075602 0.144797 0.239851 0.001011 0.000423 -0.004749 0.007483 0.048095 -0.025064 1.074340 0.863342 0.173555 0.035230 0.000805 0.002421 0.019229 0.036706 -0.001150 -0.009239 -0.247360 -0.166028 -0.105153 0.051961 -0.412478
0.000360 0.000360 0.294551 0.258119 0.322799 0.134457 0.053911 0.054478 0.132156 -0.001428 -0.001502 -0.014134 0.002350 0.049942 0.057103 0.369304 0.044878 0.021527 0.000468 0.019812 0.008632 0.036830 0.123022 0.042354 0.008268 0.004616 0.074168 0.036432 0.005711 0.002047 0.074700 0.306984 0.102262 0.693281 0.138470 0.069973 0.099804 0.001180 -0.000295 -0.002603 0.121967 0.305854 0.232941 1.274909 0.639246 0.065787 0.000388 0.000478 0.000872 0.000965 0.010135 0.000342 -0.396695 -0.314606 -0.249598 -0.140453 0.031617 0.028171
-0.000360 -0.000360 0.039554 0.050851 0.113743 0.064694 0.141870 0.148012 0.218032 0.133506 0.003162 -0.047020 0.016351 0.003663 0.006319 0.042105 0.044582 0.009158 0.000681 0.029217 0.012341 0.047104 0.019147 0.017294 0.000377 0.006730 0.020217 0.021871 0.000503 0.003544 0.000627 0.518548 0.145104 0.085275 0.589105 0.113542 0.112748 0.003430 0.010629 0.183060 0.568096 0.323382 0.286315 0.868077 0.594202 0.002336 0.000584 0.000113 -0.000014 -0.000320 0.000000 0.000000 0.000000 -0.360029 -0.327845 0.000590 0.001574 0.013912
-0.008228 -0.013853 0.000076 0.001768 0.006710 0.065378 0.008134 0.014520 0.268652 0.226187 0.048059 0.027280 0.016511 0.000000 0.000000 0.000548 0.002027 0.000433 0.000710 0.030694 0.001800 0.010763 0.000806 0.000035 -0.000142 -0.000020 -0.000001 -0.000004 -0.000149 -0.000005 -0.000174 0.688174 0.007694 0.010002 0.085156 0.064817 0.053086 0.010991 0.055569 0.348902 0.515849 0.397261 0.344992 0.799598 0.692665 0.617870 0.007071 -0.001040 -0.015275 -0.022937 -0.006458 -0.005975 -0.270292 -0.292926 -0.278536 0.000801 0.000900 0.000222
-0.031866 -0.112647 0.001611 0.000981 0.000000 0.011775 0.001852 0.008037 0.085573 0.144499 0.007550 0.005419 0.010168 -0.000576 -0.004947 -0.001466 -0.002330 -0.000329 -0.000527 0.000582 0.000391 0.000000 -0.000167 -0.004342 -0.073558 0.004654 0.007269 0.001144 0.012219 0.027778 0.168379 0.485491 0.021526 0.026482 0.052369 0.046412 0.037173 0.039581 0.024394 0.090636 0.083399 0.045119 0.409338 0.559257 0.734877 0.592444 0.978008 0.048135 -0.083952 -0.196102 -0.178420 -0.163293 -0.249486 -0.145375 -0.207261 0.000458 0.000172 -0.000222
0.011336 0.002816 0.004999 -0.000141 0.002307 0.006914 0.002171 0.000703 0.000016 0.123742 0.000836 0.000080 -0.000012 -0.000570 -0.001649 -0.084536 -0.138383 -0.014419 -0.006858 -0.001026 -0.001919 -0.006437 -0.000976 -0.049837 0.058047 0.014113 0.009911 -0.000537 0.024177 0.070386 0.402239 0.306388 0.052807 0.064998 0.024241 0.029254 0.040296 0.005863 0.010392 0.042179 0.048451 0.010168 0.595445 0.839346 0.358093 0.631211 1.471761 1.264707 0.078919 -0.153793 -0.217471 -0.103127 -0.211906 0.017573 0.000636 0.000203 -0.001813 -0.024852
0.000222 -0.001810 0.003326 -0.048929 0.000053 0.000955 0.006157 0.001300 0.100229 0.150659 0.006038 -0.000737 -0.008980 -0.007173 0.002374 -0.042127 -0.197640 -0.054387 -0.002715 -0.000812 -0.023324 -0.026872 -0.000643 0.026091 0.077733 0.000764 0.001027 0.016405 0.054080 0.168825 0.015996 0.036432 0.124545 0.033955 0.014220 0.010098 0.016436 0.000645 0.000821 0.009354 0.013181 0.029211 0.185605 0.139664 0.028859 0.039541 0.489499 0.841178 0.520649 0.372272 -0.057522 0.010931 0.000276 0.000180 -0.000908 -0.003465 -0.024325 -0.081751
-0.000222 -0.126304 0.099987 -0.515005 -0.004812 -0.000354 0.001372 0.003126 0.107742 0.013501 0.013769 -0.070643 -0.088457 -0.095665 0.009995 -0.046539 -0.156135 -0.006202 -0.001803 -0.018074 -0.169024 -0.002754 0.000832 0.000447 0.131789 0.000129 0.001420 0.040070 0.148408 0.018165 0.000471 0.041185 0.031039 0.032179 0.000381 0.000780 0.000848 0.000314 0.002328 0.043556 0.044006 0.016855 0.054449 0.029647 0.061014 0.088226 0.124413 0.218816 0.311053 0.380123 0.073913 0.040804 -0.000459 -0.000791 -0.092637 -0.139180 -0.163067 -0.485776
-0.009577 -0.015986 0.574436 0.124019 0.126829 0.002944 0.000408 0.002034 0.007135 0.023983 0.014035 -0.039928 -0.032526 -0.026334 0.011287 -0.055695 -0.137189 0.000735 0.000231 -0.010751 -0.125268 -0.000013 -0.000308 -0.000295 0.000201 -0.061502 0.001104 0.004924 0.035781 0.009485 0.000691 0.063336 0.000026 0.000538 -0.000387 -0.000804 -0.000853 -0.000610 0.005936 0.018905 0.012273 0.000840 0.000528 0.021352 0.063455 0.103548 0.191058 0.073295 0.148013 0.303789 0.179349 0.073718 0.018589 -0.004052 -0.125542 -0.170638 -0.134384 -0.534814
0.064481 0.276045 0.737845 0.874818 0.310789 0.020869 -0.001038 -0.001654 0.004562 0.056995 0.007690 -0.040343 -0.034305 -0.010772 0.007622 -0.077222 -0.152293 0.000050 0.000772 -0.003073 -0.156400 -0.007481 -0.000771 -0.004481 -0.000746 -0.072108 -0.000317 0.002040 0.009008 0.000989 0.000652 0.048816 -0.018732 -0.001063 -0.011612 -0.010418 -0.021098 -0.013691 -0.000699 -0.000024 -0.000001 -0.000100 0.000203 0.000013 0.050481 0.154048 0.061671 0.140457 0.188891 0.458566 0.074208 0.097968 0.028383 0.001292 -0.117385 0.000881 -0.179034 0.005283
0.030156 0.096404 0.283721 0.346998 0.353989 0.075066 -0.005831 -0.002755 -0.000224 0.005800 0.000789 -0.031001 -0.041413 0.000208 0.000003 -0.061383 -0.045690 -0.000186 0.000000 0.000072 -0.113096 -0.141331 -0.089918 -0.003537 -0.171177 -0.074263 0.120247 -0.000000 -0.000003 -0.000071 -0.000351 0.003985 -0.001787 -0.000898 -0.028431 -0.024020 -0.059152 -0.031785 -0.041495 -0.026059 -0.019230 -0.015806 -0.000171 -0.027499 0.006961 0.026804 0.005649 0.024703 0.052287 0.535054 0.114476 0.256875 0.011117 -0.012205 -0.004353 0.018747 -0.081256 0.001507
0.065791 0.013558 0.099270 0.262755 0.261053 0.148086 0.002938 0.000062 0.000140 0.000222 0.000047 -0.017351 -0.031208 -0.000326 -0.045066 -0.044179 -0.034420 -0.047264 -0.007140 -0.000526 -0.054264 -0.467414 -0.468049 0.297714 -0.114657 0.028521 0.173465 0.013967 0.004703 -0.001015 -0.000838 -0.044483 0.014769 -0.000516 -0.003963 -0.050237 -0.026955 -0.010550 -0.569002 0.024667 -0.025507 -0.491004 0.060327 0.034901 0.012826 0.002601 0.009921 0.000000 0.096344 0.096428 0.305500 0.214054 0.016114 -0.059456 0.004165 0.033373 0.042485 0.007925
0.020439 0.004698 0.002528 0.383509 0.344670 0.175376 0.031433 -0.000062 -0.000140 -0.000222 -0.000195 -0.338934 -0.242917 -0.286728 -0.402001 -0.035492 0.055807 -0.039883 0.053732 -0.075759 0.003436 -0.259845 -0.330440 0.034577 0.025553 0.037191 0.070664 0.045413 0.014667 -0.003231 -0.011482 -0.046040 0.000000 0.002051 -0.003638 -0.017510 -0.016720 -0.006379 -0.419716 0.077801 0.022016 -0.359940 0.201528 0.321946 0.031795 0.000021 0.002187 0.014188 0.072266 0.098424 0.246157 0.209089 0.057169 -0.064710 0.001032 0.006715 0.115444 0.031439
0.000487 0.000000 0.005969 0.373778 0.326424 0.047767 0.085879 0.086229 -0.008512 -0.012223 -0.010183 -0.370159 -0.200936 -0.258779 0.003062 0.003750 0.034545 0.074603 0.216289 -0.139607 0.142538 -0.055160 0.026183 0.000662 0.000222 0.036262 0.003911 0.011547 0.070568 -0.002922 -0.008108 -0.029268 -0.001088 0.003512 -0.001646 -0.009006 -0.209184 -0.068495 -0.309979 0.049078 -0.004394 -0.340883 0.197810 0.330426 0.025947 0.008569 0.031104 0.021772 0.074168 0.096612 0.251262 0.257856 0.168188 0.052708 0.000108 0.000498 0.000946 0.044879
0.000598 0.009469 0.025624 0.340835 0.294579 0.060488 0.057168 0.039880 -0.117941 -0.185737 -0.218089 -0.315902 -0.079659 -0.209838 0.015540 0.015852 -0.028582 0.197104 0.406477 -0.189279 0.100148 0.035687 0.018414 0.001826 -0.000222 -0.002847 0.001099 0.009941 0.072551 0.011695 0.000408 -0.012458 0.001821 -0.000730 -0.001364 -0.001104 -0.152492 -0.178814 -0.115803 0.003521 -0.043523 -0.159769 0.192789 0.178659 0.001352 0.035626 0.115675 0.039595 0.086437 0.107046 0.103988 0.154588 0.174277 0.183325 -0.000282 -0.000247 0.000002 0.002413
0.183359 0.017635 0.048931 0.067716 0.073156 0.054051 0.002195 -0.019553 -0.028104 -0.149585 0.016688 0.011290 0.029412 0.024656 0.008396 0.006941 0.010332 0.039643 0.120229 0.008907 0.022931 0.008162 0.053702 -0.000690 -0.012915 -0.011177 -0.000815 0.000326 0.019362 0.033002 -0.000099 0.000649 0.001452 -0.000678 0.016716 0.022037 -0.054704 -0.180848 -0.103444 -0.043457 -0.085043 -0.179748 0.003571 0.016267 -0.003618 0.010696 0.069339 0.045888 0.102095 0.438707 0.124956 0.176139 0.187496 0.187335 0.083124 -0.040123 0.017492 0.000441
0.284918 0.026349 0.057899 0.088003 0.091828 0.052590 -0.027017 -0.022313 0.349643 0.017527 0.038471 0.022137 0.014712 0.021048 0.000222 0.000103 0.000316 0.000926 0.046254 0.001708 0.010226 0.000744 0.000491 -0.039408 -0.004727 0.000297 -0.000003 -0.000208 -0.012100 0.019297 0.009598 -0.000408 0.001597 0.001420 0.009952 0.004876 -0.013743 -0.142561 -0.276737 -0.049100 -0.101457 -0.191851 -0.000487 0.016979 0.068737 0.006241 0.002721 0.003704 0.110621 0.174002 0.134872 0.186122 0.173540 0.136692 0.081472 0.129443 0.058651 -0.001430
0.389332 0.038855 0.062777 0.094142 0.093051 0.145294 -0.043754 0.006805 0.033857 0.051417 0.085821 0.067352 0.005337 0.008537 -0.000222 -0.000103 -0.000277 -0.000527 0.000715 -0.000038 0.000000 -0.000088 0.000552 -0.039781 -0.000061 -0.002332 -0.030474 -0.051318 -0.027763 0.008851 0.011155 0.004970 0.001211 0.001061 0.000054 0.000002 0.000174 -0.035972 -0.198747 -0.065308 -0.186855 -0.206073 -0.018567 0.041170 0.024375 0.017707 0.005569 0.005937 0.000360 0.003699 0.134831 0.192690 0.161836 0.094187 0.065968 0.084061 0.102437 0.225834
0.423232 0.062316 0.055075 0.177244 0.227718 0.166271 -0.002406 0.011973 0.010771 0.020096 0.060760 0.037760 0.000000 0.000000 -0.000377 0.000040 0.033597 -0.460912 -0.001075 -0.001631 -0.023048 -0.046995 0.080243 -0.019369 -0.000534 -0.038768 -0.213052 -0.080031 -0.015629 0.000392 0.000813 0.001000 0.000806 -0.000299 -0.011557 -0.005328 -0.000280 0.195232 -0.067652 -0.001387 -0.168876 -0.231701 -0.018795 0.011643 0.003713 0.006796 0.006799 0.000658 -0.000156 0.014510 0.006550 0.179787 0.156736 0.068921 0.000001 0.000033 0.001145 0.237443
0.098765 0.088840 0.049375 -0.016098 0.261341 0.311947 0.115665 0.040220 0.000128 0.002492 0.025468 0.019929 -0.059045 -0.006984 -0.001962 0.000348 0.051611 -0.164164 -0.000744 -0.000439 -0.000571 -0.080388 0.194224 0.036692 0.193126 0.022468 -0.037435 -0.373438 -0.004374 -0.000397 -0.000842 -0.001145 -0.002144 -0.000861 -0.025012 -0.014472 0.058920 0.100543 -0.149804 -0.096590 -0.211526 -0.145324 0.000011 0.000310 0.004625 0.007825 0.000543 0.000075 0.003831 0.014912 0.008517 0.138753 0.228550 0.012442 0.019254 0.000667 0.001909 0.002405
0.401889 0.183363 0.068891 -0.014473 0.280471 0.331966 0.145686 0.086351 0.012961 0.000190 0.000543 0.043248 0.011064 -0.063794 -0.001537 -0.000635 -0.000024 -0.159950 -0.000551 0.000812 0.024558 -0.109722 0.188554 0.029728 0.189087 0.133134 0.015012 -0.234660 -0.001647 -0.003211 -0.008964 -0.013134 -0.001819 -0.001276 -0.003844 -0.000864 0.063715 0.000701 -0.151650 -0.100119 -0.127170 -0.084091 -0.000520 -0.000008 0.005588 0.005311 -0.000305 -0.000611 0.009454 0.013641 0.007890 0.123700 0.240325 0.006892 0.091691 0.001841 0.002511 0.002311
0.216060 0.178323 0.077786 0.018299 0.030664 0.061259 0.044637 0.089447 0.050098 0.000267 0.001020 0.029858 0.020503 -0.017000 -0.009734 -0.008701 -0.003229 -0.144190 -0.079916 0.000203 0.001214 0.011163 0.014072 0.002257 0.000981 0.007606 0.014605 0.014020 0.003178 -0.003001 -0.009036 -0.010417 -0.022067 -0.000808 -0.001489 -0.001088 0.000026 -0.000094 -0.147203 -0.068372 -0.103360 -0.115456 0.003613 0.002857 0.024260 0.004683 -0.000573 -0.081337 0.012495 0.013821 0.007424 0.021824 0.417105 0.011724 0.021676 0.001654 0.002777 -0.002404
0.168930 0.164872 0.151854 0.117622 0.009711 0.006713 0.001438 0.124843 0.074932 0.000435 0.001557 0.010377 0.009720 0.000945 -0.006759 -0.011758 -0.004726 -0.114624 -0.078645 -0.000659 -0.000772 0.000000 0.000000 -0.000149 -0.000032 -0.000186 0.005580 0.005902 0.000060 -0.003022 -0.004580 -0.042458 -0.054438 -0.006485 -0.001519 -0.003656 -0.001765 -0.046677 -0.159109 -0.238321 -0.220829 -0.028342 0.000671 0.000664 0.006276 0.001481 -0.003653 -0.009426 0.003559 -0.004094 0.000208 0.000003 0.027678 0.000565 0.000634 0.000036 0.000000 -0.000867
