use_cases/Flooding_chicago/flooding_data/output/hUy_2040.asc
ncols 337
nrows 393
xllcorner 428428.000000
yllcorner 4602440.000000
cellsize 26.757400
NODATA_value -9999.000000
[rows 130 to 155 of 393, columns 232 to 289 of 337]
0.001511 0.000104 -0.000515 -0.001495 0.000000 -0.000072 0.009230 0.031494 0.018271 0.016850 0.077838 2.280527 1.685279 2.389768 0.468040 0.243797 0.072116 0.047075 0.059728 0.073190 0.091469 0.103522 0.153638 0.135789 0.054197 0.063254 0.014072 0.023246 0.001306 0.001306 0.656333 0.241779 0.181944 -0.000485 -0.000619 -0.024476 -0.005111 0.003957 0.001692 0.013137 0.548383 3.432219 4.154226 -0.001411 -0.004354 -0.042759 0.081195 0.102081 0.037648 0.000971 0.006566 0.001070 -9999.000000 -9999.000000 -9999.000000 -9999.000000 -9999.000000 -9999.000000
0.006287 -0.001382 -0.018020 -0.026707 -0.006416 -0.000796 0.000583 0.000716 0.000375 0.000312 0.084143 3.357769 1.659468 1.109793 0.694623 0.144375 0.032851 0.121663 0.115277 0.143297 0.173221 0.080053 0.093470 0.164384 0.046989 0.014654 0.006735 0.014547 0.001852 0.001852 0.053803 0.041578 0.047288 0.001045 -0.002954 -0.123166 -0.003138 0.005370 0.000346 0.005797 0.037822 2.977395 5.093578 -0.028705 -0.016683 0.000202 0.000736 0.032579 0.009299 0.000360 0.000360 0.000297 -9999.000000 -9999.000000 -9999.000000 -9999.000000 -9999.000000 -9999.000000
-0.003597 -0.009177 -0.053228 -0.067779 -0.014778 -0.011377 -0.001517 -0.000935 -0.000415 0.000451 0.204545 4.066173 1.362099 0.679746 0.260854 0.146743 0.120158 0.021913 0.077978 0.098651 0.071790 0.094694 0.062922 0.172467 0.195403 0.011484 0.000128 0.000130 0.000360 0.000360 0.018595 0.018941 0.028342 0.001631 -0.008496 -0.145489 -0.000999 0.000180 -0.000180 0.000098 0.070341 2.480987 4.070416 1.613300 -0.026166 -0.000103 0.000066 0.000860 0.001064 -0.000360 -0.000360 -0.000911 -9999.000000 -9999.000000 -9999.000000 -9999.000000 -9999.000000 -9999.000000
-0.006704 -0.005933 -0.302902 -0.162662 -0.025977 -0.032917 -0.005437 -0.002541 -0.005298 -0.000956 0.605770 3.107918 2.085928 0.615655 0.001368 0.052062 0.084012 0.028687 0.032440 0.050068 0.052140 0.101463 0.036909 0.085923 0.273632 0.062349 -0.000132 -0.000130 -0.000360 -0.000360 0.000819 0.008544 0.010896 0.016056 0.000627 -0.214462 -0.000605 -0.000346 -0.013759 -0.000941 0.243579 1.374066 3.138788 2.542668 -0.035328 -0.012016 -0.000367 0.000443 0.001531 -0.001612 -0.007501 -0.005196 0.001234 -9999.000000 -9999.000000 -9999.000000 -9999.000000 -9999.000000
-0.092723 0.133328 0.091305 -0.003307 -0.161897 -0.008999 -0.001723 -0.000122 0.000234 0.002506 0.977809 3.967579 0.964370 0.782748 0.005085 0.109383 0.035345 0.022224 0.017877 0.013868 0.039915 0.083587 0.013016 0.005277 0.155610 0.592258 0.097047 -0.002168 -0.012633 -0.013707 -0.000197 0.000222 0.000136 0.007490 0.007230 -0.203005 -0.155830 -0.165138 -0.482237 1.443377 1.184908 1.830894 1.727211 1.346355 0.079988 0.000690 0.000426 0.000726 0.000335 -0.000514 -0.091090 -0.014196 -0.001689 -9999.000000 -9999.000000 -9999.000000 -9999.000000 -9999.000000
0.098498 0.229330 0.175258 -0.001240 -0.054961 -0.000922 0.000555 0.000396 0.019014 0.020417 1.458761 3.146774 1.373215 0.955358 0.023940 0.042730 0.031134 0.017623 0.011933 0.011323 0.030987 0.027103 0.004208 0.000232 0.000003 0.161698 0.159529 -0.004028 -0.045879 -0.029866 -0.000260 -0.000222 -0.000105 0.000086 0.000255 0.000220 -0.002905 0.681787 1.763205 2.249421 1.277037 1.982971 0.444080 0.019450 0.016847 0.027076 0.000321 0.000166 0.000158 0.000222 0.000005 -0.004862 -0.002580 0.000296 -9999.000000 -9999.000000 -9999.000000 -9999.000000
0.188616 0.274561 0.253074 0.089227 -0.000000 -0.000013 -0.000401 -0.000330 0.067820 0.058856 1.086888 3.929542 0.622324 0.351038 0.012715 0.015237 0.020162 0.007155 0.000765 0.010488 0.001106 0.000448 0.000018 -0.000100 0.034114 0.370933 0.061707 -0.164341 -0.221809 -0.008949 -0.009180 -0.008447 -0.013522 -0.000867 -0.000064 0.000038 0.577255 1.700872 1.929597 1.507340 0.489333 0.539045 0.060093 0.000286 0.000768 0.009987 0.000218 -0.000024 -0.000300 -0.000222 -0.000446 -0.006481 -0.038230 -0.003404 -9999.000000 -9999.000000 -9999.000000 -9999.000000
0.205990 0.399716 0.347916 0.114765 -0.112041 -0.123684 -0.005930 -0.114487 0.797965 0.683393 1.313243 3.786733 0.677682 0.031800 0.000499 0.000347 0.000107 -0.000001 -0.000090 0.000000 -0.000791 -0.000591 -0.007385 -0.009524 0.636721 0.490814 -0.189368 -0.418169 0.000160 -0.005756 -0.007265 -0.029821 -0.035883 -0.000795 -0.000503 -0.000169 0.821591 2.301112 1.017035 0.832150 0.118064 0.205501 0.175931 0.000010 -0.000307 -0.000044 -0.000558 -0.000367 -0.001309 -0.013401 -0.001308 -0.003242 -0.069593 -0.019295 -9999.000000 -9999.000000 -9999.000000 -9999.000000
0.500139 0.774682 0.625483 0.159750 -0.320675 0.041311 -0.315596 0.376236 1.150060 0.957385 1.884036 3.049556 0.051736 0.033521 -0.000456 -0.000315 -0.000243 -0.009583 -0.007952 -0.014340 -0.013359 -0.008653 -0.033664 -0.131972 0.879285 0.527088 -0.436758 -0.454695 -0.001112 -0.003058 -0.029908 -0.085468 -0.034101 -0.022486 -0.018335 -0.001639 0.790696 2.298918 1.132862 0.134007 0.164807 0.271569 0.501016 -0.000323 -0.000549 -0.011663 -0.002071 -0.013929 -0.015658 -0.030967 -0.011684 -0.015489 -0.072651 -0.045547 -0.004722 -9999.000000 -9999.000000 -9999.000000
0.925234 1.194798 0.871336 0.131216 -0.599248 0.252851 0.255887 0.616081 1.286239 0.814052 1.801884 2.026953 0.052372 0.026816 0.082529 0.568784 0.897315 -0.062743 -0.017527 -0.031480 -0.026746 -0.026457 0.212148 0.713952 1.310243 0.566261 -0.422393 -0.520291 -0.059016 0.025036 0.013245 -0.028315 -0.111671 -0.245435 -0.311304 -0.244814 0.947200 1.811802 1.144747 0.125596 0.146222 0.800669 0.725369 -0.452200 -0.082629 -0.035438 -0.014801 -0.034986 -0.014477 -0.048419 -0.031402 -0.024051 -0.074565 -0.038821 0.110301 -9999.000000 -9999.000000 -9999.000000
1.429525 1.739730 1.004437 0.207265 -1.023811 0.464815 0.468929 0.588506 1.014431 0.539772 1.587361 1.473384 0.008751 0.012199 -0.025080 0.017771 0.944478 0.908777 -0.132668 -0.006958 -0.006514 -0.357024 0.430657 0.967169 1.443588 0.803134 -0.347071 -0.297148 0.114954 0.199105 0.216702 0.128406 -0.146980 -0.111602 -0.362466 -0.630402 0.606067 1.380267 1.825399 0.513092 0.621077 1.211695 0.692850 -0.942916 0.196132 -0.029326 -0.150104 -0.010118 -0.023255 -0.078284 -0.058356 -0.030323 0.050284 0.076993 0.194155 -9999.000000 -9999.000000 -9999.000000
1.654782 1.686468 1.108078 0.374160 -0.476928 0.179642 1.890833 1.226798 1.267041 0.667008 1.588015 1.229501 0.122453 0.032354 0.027846 0.011847 0.001304 1.017015 0.624557 -0.016999 -0.047845 -0.040049 0.552935 1.189976 1.698463 1.240378 -0.189035 -0.185891 0.102078 0.110379 0.075385 0.034033 -0.262619 0.226745 0.012043 -0.642076 0.379695 0.880336 1.229320 0.227613 0.302070 1.598166 1.348336 -0.355104 0.242970 -0.007896 0.000199 0.000222 -0.019126 -0.282722 -0.002975 -0.317266 0.133079 0.115438 0.175163 -9999.000000 -9999.000000 -9999.000000
1.522265 1.836144 1.388514 0.045571 -1.493991 0.218811 0.012949 0.006295 0.024715 0.117419 0.133222 0.038761 0.070770 0.028555 0.025682 0.005205 0.000779 0.158670 0.488034 0.303052 0.166153 0.112719 0.858906 1.248444 1.790523 0.948696 -0.189217 0.023274 0.000000 0.000000 0.000000 0.000000 0.000000 0.773376 0.445942 -0.469058 1.040360 0.050751 0.015767 0.005679 0.014887 0.714684 0.866903 0.045063 0.029292 -0.000022 -0.000511 -0.000222 -0.001706 0.715676 0.362760 0.100730 0.129914 0.001411 0.014131 -9999.000000 -9999.000000 -9999.000000
1.166514 1.352629 1.199948 -0.418213 -1.824103 0.023446 0.000014 0.000624 0.007540 0.087662 0.068283 0.028585 0.041035 0.024316 0.021230 0.001052 0.000028 0.000275 0.271997 0.454502 0.255683 0.146431 0.830931 1.269592 1.817779 1.098119 -0.240147 0.109640 0.044517 0.027904 0.006252 0.034102 0.183690 0.237070 0.609349 -0.291686 0.052724 0.002786 0.000461 0.001171 0.000781 0.941933 0.003380 0.030164 0.004731 -0.046828 -0.006378 -0.003946 0.665423 0.724915 0.738660 0.437452 0.042677 0.002085 0.001621 -9999.000000 -9999.000000 -9999.000000
0.918077 1.065222 0.636459 -0.335942 -0.436637 0.012531 0.000178 0.000940 0.021136 0.040541 0.010336 0.016722 0.011133 0.015741 0.015898 0.001168 -0.010928 -0.000315 0.104847 0.424520 0.280312 0.207367 0.882603 1.452650 2.001349 1.136270 -0.318778 0.158892 0.106914 0.058774 0.020345 0.011751 0.067576 0.039537 0.498089 0.041898 0.045522 0.010683 -0.000339 -0.000749 0.000040 1.061240 0.012393 0.008164 0.004807 0.041690 0.067191 0.060201 0.245299 0.158372 0.008645 0.027405 0.066364 0.004320 0.002557 -9999.000000 -9999.000000 -9999.000000
0.607035 0.685826 0.244915 -0.466187 0.047449 0.002291 0.001220 0.000674 0.001228 0.000546 0.000172 0.000066 0.000160 0.000340 0.007457 0.000425 -0.043439 -0.004757 0.203168 0.414569 0.280281 0.269475 0.958490 1.285070 1.811871 1.135933 -0.280180 0.018522 0.029637 0.038191 0.045246 0.000222 0.039422 0.023322 0.193625 0.027361 0.037621 0.049173 0.015385 -0.000969 -0.126528 1.305197 0.327826 0.017886 0.007124 0.042769 0.036286 0.047997 0.053281 0.018420 0.004586 0.012559 0.006551 0.003118 0.000397 -9999.000000 -9999.000000 -9999.000000
0.311060 0.414825 -0.138255 -0.448864 0.004454 0.006040 0.004727 -0.000828 -0.001053 -0.000422 0.000004 -0.000064 -0.000137 0.000000 0.000197 0.000235 -0.129866 -0.114099 0.105309 0.372374 0.239875 0.328872 1.032946 1.348160 1.895890 0.870435 -0.087550 0.000495 0.001191 0.055470 0.057281 -0.000222 0.070244 0.044704 0.093429 0.017262 0.012934 0.012003 0.055937 -0.429009 -0.138215 1.290107 0.625913 0.158387 0.005189 0.008191 0.014496 0.020403 0.031879 0.009570 0.023759 0.001714 0.000259 0.000127 -0.000830 -9999.000000 -9999.000000 -9999.000000
-0.002712 0.058490 -0.313643 -0.039477 0.023094 0.008519 0.016503 -0.000947 -0.039651 -0.043897 -0.001667 -0.013236 -0.007584 -0.000340 -0.000061 0.000128 -0.027146 -0.134986 0.017368 0.338467 0.255937 0.386533 1.335228 1.755919 1.915735 0.918458 -0.036585 -0.000176 0.002168 0.093189 0.099571 0.038511 0.521710 0.274597 0.011647 0.008526 0.000744 0.005450 0.006121 -0.420387 -0.094624 0.992315 0.529867 0.079825 0.000818 0.000023 0.000478 0.000730 0.008918 0.007433 0.009243 0.000086 -0.000121 -0.000146 -9999.000000 -9999.000000 -9999.000000 -9999.000000
-0.246592 -0.180199 -0.502309 0.014199 0.081208 0.019245 0.014869 -0.025849 0.040821 0.046104 -0.000612 -0.014969 -0.019095 -0.006948 -0.000846 0.000032 -0.000576 0.006512 -0.007621 0.283851 0.259878 0.391502 1.259490 1.704605 1.929387 0.946505 0.000086 0.018550 0.001907 0.004722 0.007613 0.096530 0.138354 0.061112 0.000815 -0.000010 -0.000250 0.000000 0.000059 0.000501 -0.099813 0.682943 0.291470 -0.133466 0.502987 -0.005137 -0.000129 -0.000080 0.000000 0.000000 0.000000 -0.000412 -0.000910 -9999.000000 -9999.000000 -9999.000000 -9999.000000 -9999.000000
-0.332121 -0.260995 -0.642864 0.092742 0.083016 0.062363 0.059935 -0.043293 0.017162 0.038287 0.002308 -0.000649 -0.003215 -0.014760 -0.002045 -0.000213 0.003193 0.100078 0.028032 0.095880 0.093351 0.148112 1.262593 2.111562 1.921845 0.943447 0.012678 0.011930 0.004050 0.000657 0.000887 0.020048 0.010044 0.007254 -0.000506 -0.007478 -0.012077 -0.013123 -0.000730 -0.001282 -0.138116 0.659262 0.272924 -0.093733 0.466705 0.334413 0.002445 -0.008305 -0.005878 -0.005878 -0.001821 -9999.000000 -9999.000000 -9999.000000 -9999.000000 -9999.000000 -9999.000000 -9999.000000
-0.338983 -0.353523 -0.624027 0.024483 0.032321 0.010520 0.008520 0.000488 0.000019 0.000389 -0.000007 -0.000196 -0.003518 -0.032090 -0.001038 -0.000463 0.028116 0.016895 -0.001114 0.108256 0.100265 0.337437 1.448412 2.258244 2.136636 0.831688 0.000225 -0.000000 -0.000012 -0.000305 -0.000284 -0.000012 0.014491 0.007417 -0.001928 -0.382719 0.161454 -0.332367 -0.018175 0.434485 0.084640 0.630438 0.174790 -0.014165 0.342499 0.100592 -0.003145 -0.124544 -0.007948 -0.007948 -9999.000000 -9999.000000 -9999.000000 -9999.000000 -9999.000000 -9999.000000 -9999.000000 -9999.000000
-0.409976 -0.230701 -0.414310 0.011126 0.018141 0.007008 0.000570 -0.000058 -0.024037 -0.001291 -0.014667 -0.019995 -0.026286 -0.055723 -0.007664 -0.001136 0.014028 0.000673 -0.029923 0.242841 0.266084 0.471594 1.454924 2.246304 2.032896 1.040262 -0.000814 -0.011527 -0.021632 -0.009449 -0.000814 -0.004120 0.013073 0.006053 0.174721 -0.188140 0.179742 -0.080660 0.004054 0.142063 0.175816 0.196812 0.059433 0.098928 0.046655 0.013194 0.000318 0.000008 -9999.000000 -9999.000000 -9999.000000 -9999.000000 -9999.000000 -9999.000000 -9999.000000 -9999.000000 -9999.000000 -9999.000000
-0.557587 -0.289290 -0.212270 0.018335 0.006923 0.000536 0.000299 -0.000319 -0.056262 -0.065972 -0.023226 -0.039975 -0.058518 -0.056930 -0.014692 -0.008824 -0.000300 -0.006430 0.059048 0.248747 0.318568 0.830223 1.522013 1.991839 1.758934 0.819262 0.189706 -0.013932 -0.410798 -0.043694 0.000241 0.001766 0.017881 0.006107 0.020132 0.058995 0.173256 0.001027 0.001371 0.000494 0.428905 0.011259 0.002382 0.024107 0.002773 0.007631 -9999.000000 -9999.000000 -9999.000000 -9999.000000 -9999.000000 -9999.000000 -9999.000000 -9999.000000 -9999.000000 -9999.000000 -9999.000000 -9999.000000
-0.540816 -0.244215 0.266435 0.006814 -0.000015 -0.000442 -0.000549 0.000179 -0.006718 -0.225966 -0.028991 -0.057178 -0.091457 -0.015285 -0.029456 -0.018133 -0.009199 0.034097 0.385270 0.472893 0.476781 1.050463 1.683485 2.167501 1.681483 0.767539 0.277545 0.099179 0.141971 -0.046892 0.002078 0.008931 0.022945 0.000393 0.000569 0.001492 0.111477 0.000953 -0.000320 -0.000312 0.049981 0.014438 0.000446 0.001321 0.004048 0.000346 -9999.000000 -9999.000000 -9999.000000 -9999.000000 -9999.000000 -9999.000000 -9999.000000 -9999.000000 -9999.000000 -9999.000000 -9999.000000 -9999.000000
-0.545439 0.149598 0.025477 -0.000168 -0.010099 -0.011788 -0.007988 0.000318 0.015177 -0.404611 -0.199115 -0.066820 -0.132063 -0.018128 -0.037810 -0.022197 -0.018313 0.207049 0.334488 0.464786 0.575940 1.172227 1.641853 1.103330 1.130857 0.292244 0.271533 0.088909 0.333805 -0.005850 0.002519 0.011157 0.028878 -0.000331 -0.000247 0.004423 0.136130 0.001467 -0.001154 -0.118715 0.045875 0.002302 0.000108 0.000277 0.000180 -0.000180 -9999.000000 -9999.000000 -9999.000000 -9999.000000 -9999.000000 -9999.000000 -9999.000000 -9999.000000 -9999.000000 -9999.000000 -9999.000000 -9999.000000
-0.211346 0.007421 0.013960 -0.000421 -0.046016 -0.041060 -0.034158 0.000217 0.011287 -0.163083 -0.297158 -0.443804 -0.248374 0.097225 0.083093 -0.151627 -0.003528 0.364550 0.483296 0.398215 0.581259 1.834126 1.154932 1.257651 1.272980 0.363703 0.371849 0.099503 0.549124 -0.002215 0.000281 0.008167 0.241226 0.009265 -0.000554 0.030670 0.035839 0.002669 -0.010635 -0.214873 0.020037 0.003482 0.000359 -0.000063 -0.000346 -9999.000000 -9999.000000 -9999.000000 -9999.000000 -9999.000000 -9999.000000 -9999.000000 -9999.000000 -9999.000000 -9999.000000 -9999.000000 -9999.000000 -9999.000000
