use_cases/Flooding_chicago/flooding_data/output/hUy_3240.asc
ncols 337
nrows 393
xllcorner 428428.000000
yllcorner 4602440.000000
cellsize 26.757400
NODATA_value -9999.000000
[rows 260 to 285 of 393, columns 58 to 115 of 337]
0.439494 0.418485 0.517423 0.006763 0.018863 0.055919 0.539864 0.419502 1.589480 0.579672 0.032789 0.018031 0.010607 0.010035 0.773205 0.508001 0.007516 0.000135 -0.000484 -0.050651 -0.008873 -0.005770 -0.000519 0.000004 0.005272 0.028895 -0.004130 -0.012412 0.133086 -0.051098 0.102289 0.484292 2.057793 3.417425 3.164271 2.009561 1.964006 1.476253 1.590336 1.443471 1.483311 1.457205 1.203584 1.235224 0.873503 0.952475 0.203841 -0.016202 0.269582 0.380059 0.202893 0.005926 0.394794 0.607526 0.437879 0.027761 0.006247 0.098626
0.125406 0.037113 0.029867 0.013660 0.015085 0.028366 0.267428 0.052308 0.081416 0.088170 0.016537 0.005982 0.000326 0.000229 0.406106 0.444359 0.000051 -0.001455 -0.021373 -0.019841 -0.036351 -0.021654 -0.011860 -0.000689 0.000080 0.006974 -0.002729 -0.000031 0.432164 0.128868 0.285416 0.696215 2.185045 3.283762 2.107621 1.841050 1.849125 0.881155 0.888141 0.827838 0.818912 1.381988 1.186907 1.221707 1.323035 0.916838 0.617643 0.081760 0.421502 0.348831 0.286825 0.002984 0.322973 0.504337 0.317720 -0.005920 -0.031268 0.004661
0.195560 0.070892 0.050911 0.052174 0.034796 0.068067 0.111236 0.035219 0.019553 0.033148 0.005331 -0.000003 -0.000208 -0.000107 0.466847 0.551161 -0.001233 -0.016048 -0.050044 -0.005944 -0.055918 -0.029122 -0.054937 -0.005691 -0.000381 0.000121 -0.000859 0.346365 0.808773 0.192021 0.330311 1.145772 2.927421 3.184120 1.921548 1.431867 1.439931 0.424303 0.810237 0.752978 0.693841 1.180310 1.125836 1.182351 1.432572 0.929417 0.635775 0.295112 0.502695 0.448917 0.313590 0.039085 0.318821 0.460722 0.310479 0.009149 0.034784 0.003030
0.094399 0.135642 0.118511 0.031826 0.088413 0.133160 0.085895 0.017939 0.035884 0.008680 0.014512 0.014827 0.002710 -0.031283 0.488914 0.891641 0.089757 -0.082709 -0.096956 0.016743 -0.062945 -0.055093 -0.101323 -0.103734 -0.038961 -0.003000 -0.022896 1.060891 0.867412 0.268916 1.063572 1.722639 3.005377 3.177060 1.952711 0.506389 0.583395 0.007492 0.472658 0.720509 0.593096 1.096006 1.181415 1.249023 1.552105 1.289761 0.857504 0.339860 0.626518 0.783295 0.467758 0.206999 0.709620 0.479156 0.207806 0.022772 0.082252 0.077490
0.178394 0.256995 0.009203 0.007457 0.009316 0.020702 0.197520 0.035686 0.048248 0.030056 0.014042 0.029685 0.011012 0.050298 0.351691 0.900136 0.256727 -0.023119 0.073872 0.074991 0.074618 0.102409 -0.011884 -0.186952 -0.107623 -0.022445 0.283993 1.667978 0.956517 0.469175 1.221960 1.840439 2.783237 2.920618 1.292049 0.401648 0.606651 0.014990 0.009839 0.519017 0.669141 1.014186 0.924591 0.897781 1.456608 1.553255 0.831343 0.512800 0.747510 0.924142 0.498001 0.371920 0.452554 0.612037 0.236871 0.193837 0.186170 0.228121
0.110152 0.328789 0.000111 0.000219 0.000977 0.009271 0.091753 0.065516 0.094193 0.007823 0.005030 0.076442 0.040079 0.283717 0.411935 0.857268 0.072339 0.004581 0.008197 0.004669 0.011896 0.012154 -0.008075 -0.091461 -0.141730 0.135042 0.746422 1.964649 1.193745 0.399413 1.440053 1.610867 1.807769 1.874121 0.528074 0.390315 0.633729 0.735022 0.009802 0.020579 0.017963 0.547773 1.078423 0.929583 1.374977 1.558849 1.375139 0.508634 0.629955 0.797239 0.712531 0.459684 0.550658 0.495786 0.294243 0.008164 0.008923 0.010580
0.010913 0.435205 -0.000089 -0.000031 0.001899 0.003137 0.020896 0.141114 0.034735 0.001110 0.010022 0.016002 0.105933 0.115061 0.229451 0.163581 0.026826 0.012803 0.000190 0.000077 0.000000 0.004467 0.000156 0.049556 -0.145088 0.621994 0.728316 0.859573 1.110352 0.325618 1.791444 2.187982 1.733287 1.824810 0.008989 0.014722 0.615075 0.949675 0.017939 0.000000 0.000000 0.576484 0.635795 0.461446 1.101563 1.375969 1.545731 0.569488 0.617342 0.767548 0.820835 0.863709 0.953393 1.020396 0.467476 0.013174 0.008738 0.010635
0.010005 0.394382 0.198877 0.000578 0.002275 0.006603 0.010865 0.037421 0.030232 0.001837 0.004422 0.003426 0.038566 0.003426 0.300736 0.026911 0.053776 0.029678 -0.000036 -0.000542 -0.007444 -0.000259 -0.000108 0.251991 0.267168 0.409006 0.076357 0.444429 0.849730 0.156930 1.915693 2.039202 2.105973 2.375726 0.289514 0.034616 0.049992 1.140949 0.048348 0.006953 -0.036624 0.610036 0.582747 0.403892 0.443646 0.840925 0.949887 0.536715 0.500891 0.809533 0.915566 1.055340 1.252581 1.721120 0.889625 0.099077 0.034542 0.066651
0.010386 0.078258 0.189710 0.003484 0.001642 0.006848 0.001323 0.000992 0.000460 0.000018 0.003794 0.004918 0.012744 0.002478 0.283627 0.049236 0.068369 0.051920 -0.000442 -0.005361 -0.016929 -0.008579 0.137988 0.473342 0.428266 0.016597 0.018565 0.055406 0.444873 -0.005941 1.707014 2.074150 2.035973 2.285015 0.571259 0.045823 0.083343 1.072689 0.302880 0.008660 0.223581 0.627741 0.563063 0.036919 0.408857 0.334242 0.849995 0.495993 0.177415 0.561488 0.705726 1.171416 1.172344 1.922104 0.834987 0.192045 0.057431 0.115890
0.047557 0.006265 0.149473 0.002944 0.000421 0.000803 0.000851 -0.000651 -0.000562 -0.026273 -0.003797 0.000360 0.000360 0.001138 0.077425 0.060429 0.143770 0.162375 -0.094009 -0.008368 -0.026481 -0.031609 0.344078 0.421048 0.200808 0.012493 0.017299 0.034185 0.043728 -0.317953 1.588716 2.138895 1.485181 2.303484 1.003810 0.290077 0.595580 1.078140 0.430353 0.129494 0.272906 0.680551 0.077429 0.086513 0.061132 0.296723 0.824043 0.364267 -0.004631 0.439735 0.658110 1.164924 1.561580 1.954881 0.885588 0.251643 0.078543 0.143578
0.045604 0.016345 0.057360 0.009426 0.001655 0.000464 -0.000581 -0.007000 -0.015283 -0.258192 -0.001680 -0.000360 -0.000360 0.002905 0.002295 0.038750 0.144842 0.168660 0.010169 -0.111149 0.000222 0.006959 0.430126 0.223157 0.012385 0.005903 0.012681 0.020021 0.019510 -0.414736 1.394582 2.067765 1.327348 2.080888 1.524310 0.331925 0.740072 1.234040 0.663007 0.123365 0.259657 0.079444 0.132813 0.135645 0.098357 0.376683 0.776326 0.286038 -0.176987 0.293976 0.545630 1.129287 1.761619 2.469472 0.983298 0.323637 0.091093 0.167180
0.014164 0.005204 0.004683 0.004307 0.003446 -0.000153 -0.000498 -0.002546 -0.031780 -0.253987 -0.007674 -0.001921 -0.004446 -0.001975 0.000387 0.021687 0.119970 0.119607 0.006990 -0.040685 -0.000222 0.000134 0.413010 0.007843 0.000510 0.001524 0.000816 0.007045 0.022526 -0.274600 0.846203 1.830666 1.434713 1.799958 1.696604 0.683458 0.991642 1.445787 0.908573 0.168318 0.025942 0.000000 0.189117 0.186092 0.149710 0.137038 0.128838 0.065339 -0.172637 0.408799 0.692440 1.419814 1.999426 2.271857 1.296837 0.543095 0.175486 0.210534
0.000222 0.003258 0.000467 -0.001069 -0.004178 -0.000740 -0.000829 -0.000890 -0.056555 -0.227334 -0.007267 -0.001561 -0.004580 -0.003984 -0.002908 0.059742 0.120660 0.089599 0.006375 -0.026585 -0.002819 0.031670 0.407516 0.024633 -0.000275 0.000471 0.000035 0.000190 0.011329 0.008067 0.081096 1.078687 1.295987 1.830076 1.728676 1.650903 1.848394 2.872063 1.222403 0.108063 0.000465 0.129037 0.194457 0.206373 0.149391 0.148299 0.153078 0.000802 0.001192 0.088788 0.168741 1.032542 1.230768 2.790956 1.027080 0.384420 0.012193 0.077884
-0.000222 -0.004600 -0.004708 -0.005292 -0.006748 -0.000882 -0.000900 -0.000623 -0.111959 -0.260670 -0.007736 -0.000563 -0.001564 -0.006586 -0.007719 0.138213 0.085682 0.117733 0.108144 -0.004036 0.008064 0.269412 0.356823 0.076044 0.125143 -0.000455 -0.000778 -0.000210 0.000280 0.000519 0.010029 0.043867 0.689517 1.490719 0.943133 1.465749 2.091029 3.330431 1.674389 0.223279 0.000681 0.184724 0.794997 0.648691 0.114388 0.108090 0.111870 0.000034 0.000355 0.002394 0.304500 1.256441 1.285977 1.925150 1.199142 0.076369 0.008789 0.000000
-0.003516 -0.003766 -0.036327 -0.030910 -0.030735 -0.028747 -0.007900 -0.001273 -0.160683 -0.292076 -0.007108 0.000395 0.001663 0.002859 0.001651 0.076490 0.087569 0.000614 0.000473 0.000016 0.034625 0.331098 0.035632 0.006646 0.009706 0.000244 -0.000929 -0.002706 -0.000433 0.000198 0.000005 0.020774 0.091347 1.378859 0.554890 1.013019 1.500494 3.610546 3.163325 1.192531 0.001722 0.264960 0.270884 0.167607 0.088314 0.077580 0.077787 -0.000788 -0.001171 0.222967 1.171858 1.820191 1.297808 1.855380 0.319961 0.001006 0.001237 0.011449
-0.002825 -0.017661 -0.023690 -0.161920 -0.179746 -0.073699 -0.084896 -0.038790 -0.235876 -0.340134 -0.004164 0.000480 -0.000342 0.001284 0.000213 0.000013 -0.000006 -0.000453 -0.000517 -0.114815 0.061800 0.056560 0.000000 0.000000 0.000000 -0.000182 -0.000376 -0.001183 -0.010007 -0.000921 0.009190 0.062701 0.072657 0.349276 0.008426 0.152690 1.655896 3.306921 3.641878 2.409239 0.213811 0.310477 0.297436 0.172174 0.003707 0.004858 0.001967 0.062716 0.093511 0.938026 1.231248 1.675882 1.026851 1.748726 0.343260 0.000941 0.000668 0.000351
-0.001850 -0.042542 -0.008594 -0.126400 -0.136537 -0.187822 -0.089794 -0.044332 -0.105602 -0.114492 0.000210 -0.001203 -0.003366 -0.002659 -0.001532 -0.058009 -0.016050 -0.002990 0.062919 -0.030910 0.035451 0.051845 -0.024256 -0.006465 -0.008877 -0.001168 0.003126 -0.014320 -0.025131 0.000226 0.006442 0.078775 0.203698 0.087955 0.005120 0.010888 0.295313 3.570602 4.397030 2.857558 0.522031 0.304942 0.280987 0.003998 0.006498 0.008127 0.002312 0.059528 0.118802 1.056708 1.319461 0.424396 0.403974 1.742973 0.370176 0.000089 -0.001284 -0.000468
-0.019468 -0.004772 -0.102026 -0.115830 -0.119191 -0.101856 -0.027553 -0.026353 -0.070697 -0.075846 -0.000673 -0.002419 -0.003310 -0.002352 -0.177957 -0.045964 -0.012224 -0.000528 0.086416 0.001165 0.014996 0.027248 -0.015320 -0.101716 -0.089185 -0.007748 0.001325 -0.018186 0.003375 0.012572 0.006918 0.048728 0.150882 0.144103 0.000360 0.000360 0.000589 3.021240 3.817185 2.672502 0.725981 0.646417 0.251237 0.005375 0.004189 0.007927 0.000346 0.053763 0.143669 1.113596 1.237893 0.781371 0.812679 1.533974 0.348408 -0.000494 0.047190 0.027394
-0.037355 -0.022831 -0.672967 -0.284985 -0.251405 -0.064265 -0.038339 -0.038407 -0.023498 -0.152466 -0.009967 -0.018229 -0.007075 -0.012582 -0.230843 -0.019924 0.000684 0.002030 0.110227 0.023582 0.009315 0.001491 0.000597 -0.046100 -0.032601 -0.002551 -0.001781 -0.008187 0.005285 0.002969 0.003431 0.001957 0.001932 0.015630 -0.000360 -0.000360 0.000889 2.197470 3.613107 3.171656 0.935012 0.677377 0.282417 0.004312 -0.002344 0.000180 -0.000180 0.000284 0.206537 0.990242 1.457618 0.961293 0.861865 1.696925 0.449946 -0.063814 0.043511 0.025301
-0.035441 -0.395906 -0.547508 -0.220037 -0.162891 -0.034713 -0.037051 -0.095305 -0.118411 -0.221088 -0.092256 -0.030733 -0.003228 -0.193642 -0.234535 -0.005194 -0.000053 0.002685 0.005575 0.005106 0.003401 0.000807 -0.000176 -0.040118 -0.037029 0.000000 -0.002134 0.043030 0.001139 -0.001541 -0.002730 -0.001741 -0.001565 0.000000 -0.009503 -0.005731 0.150431 2.013534 2.709095 2.826077 1.098555 0.804131 0.276711 0.084143 -0.001356 -0.000346 -0.021522 -0.001690 0.277258 0.829108 1.183920 0.831079 0.797995 1.659899 0.545372 0.020205 0.066388 0.043754
-0.013367 -0.330524 -0.703112 -0.218625 -0.001202 -0.019658 -0.026781 -0.032793 -0.455862 -0.089021 0.016811 0.021819 -0.001029 -0.216841 -0.199533 -0.002396 0.003132 0.001744 0.007768 0.005759 0.001685 -0.000875 -0.017854 -0.039538 -0.038405 -0.011520 -0.001050 0.001912 -0.003117 -0.003766 -0.019692 -0.087129 -0.082297 -0.003663 -0.021168 -0.348190 0.416870 2.541519 2.813213 3.201907 1.535399 1.106808 0.779447 0.507965 -0.014070 -0.006100 -0.124942 0.051443 0.244603 0.768019 1.135379 0.663957 0.835058 1.717085 0.530929 0.068189 0.087335 0.067699
-0.006796 -0.358863 -0.929666 -0.000115 -0.002164 -0.010349 -0.011432 -0.356383 -0.403846 -0.189645 0.017365 0.023815 -0.067055 -0.207830 -0.492888 0.110140 0.033904 0.002389 0.182873 0.027706 -0.000249 -0.002811 -0.026411 -0.037607 -0.031490 -0.012013 -0.007252 0.000966 0.002111 -0.000430 -0.009601 -0.157544 -0.662496 -0.428846 -0.434494 0.167884 0.410089 1.724190 1.832829 2.071482 1.513419 1.207456 0.960430 0.867393 0.303281 -0.474000 0.009153 0.089160 0.435706 1.028778 1.081990 0.663209 0.657025 1.328943 0.558187 0.133997 0.197124 0.081038
-0.003101 -0.000138 -0.777261 -0.284930 -0.202439 -0.108433 -0.147916 -0.340533 -0.364173 0.002521 0.011558 0.004636 -0.067999 -0.172403 -0.033362 0.006087 0.009303 0.000934 0.031848 -0.003879 -0.002121 -0.000130 -0.032576 -0.028977 -0.021041 -0.007820 -0.005627 0.000006 0.000551 0.002214 -0.001357 -0.050728 -0.521495 -0.133269 -0.046140 0.212963 0.409392 1.578357 1.722231 1.109664 1.417039 1.214978 1.172491 1.338702 0.635387 -0.162335 0.215707 0.284269 0.586659 0.933298 1.024105 0.702088 0.541407 1.345069 0.537538 0.223879 0.117013 0.107440
-0.001136 -0.024344 -0.976312 -1.028125 -0.786115 -0.079188 -0.096588 -1.247475 -0.167270 -0.002062 0.000393 0.000569 -0.108358 -0.152530 0.000259 0.000640 0.000787 0.001006 0.000044 -0.004512 -0.002496 -0.026089 -0.017228 0.144157 0.000472 -0.165764 -0.003110 -0.001320 -0.001707 0.001631 0.001887 0.021342 -0.370588 -0.002889 0.133254 0.230882 0.443557 1.711394 1.517169 0.989711 0.317254 0.730543 1.063951 1.429730 0.856341 -0.023084 0.347064 0.410273 0.723480 0.909566 0.978171 0.508029 0.174935 0.945359 0.706577 0.477094 0.122612 0.096337
0.004275 -0.019906 -0.581354 -0.957269 -0.434327 -0.431813 -0.440132 -1.007640 -0.007384 -0.000009 -0.000331 -0.000247 -0.132545 -0.099329 0.000185 0.000378 0.000355 -0.000318 -0.000814 -0.009855 -0.039297 -0.073910 -0.006308 0.008154 0.027618 -0.139023 -0.109819 -0.019458 -0.018723 -0.002630 0.004941 0.018431 -0.300910 0.115556 0.229621 0.159329 0.289950 1.469499 1.281880 1.254424 0.331529 0.718851 0.630729 1.100699 0.853197 0.037618 0.349798 0.497551 0.678862 0.854336 0.902037 0.478164 0.264297 0.801057 0.591156 0.481677 0.233538 0.055346
0.012767 -0.076493 -0.858971 -0.846830 -0.603047 -0.469232 -0.440980 -0.714018 0.112118 -0.005632 -0.010186 -0.000554 -0.063375 -0.294901 -0.000083 -0.000419 -0.000569 -0.000760 -0.000890 -0.018342 -0.179449 -0.011287 -0.000920 0.000326 0.007213 0.000257 -0.247864 -0.110404 -0.033965 -0.043652 -0.007782 0.056966 0.059253 0.465453 0.441380 0.030951 0.337003 1.243248 1.291689 1.310803 0.782541 0.725408 0.827333 1.058560 0.623863 0.070415 0.361785 0.477537 0.671991 0.796637 0.828279 0.438009 0.238300 0.726874 0.581409 0.525580 0.348191 0.061371
