use_cases/Flooding_chicago/flooding_data/output/hUy_1980.asc
ncols 337
nrows 393
xllcorner 428428.000000
yllcorner 4602440.000000
cellsize 26.757400
NODATA_value -9999.000000
[rows 156 to 181 of 393, columns 174 to 231 of 337]
1.067049 0.580983 0.228738 0.132875 0.168820 0.797304 0.472731 0.284537 0.092525 0.069841 0.631565 0.631624 0.510351 0.009747 0.015185 0.000886 0.040214 0.068978 0.020619 0.000372 0.000222 0.000103 0.779591 3.286272 4.110193 1.063090 0.020149 0.037251 0.045266 0.010604 0.001028 0.001447 0.014818 0.005878 0.005878 0.000199 0.000063 0.065204 0.271092 0.174690 0.161113 0.017330 0.963348 1.736623 1.793872 0.603182 0.003715 0.000051 0.001960 0.015203 0.016841 0.004840 0.007960 0.038299 0.068535 0.036688 0.051202 0.217001
1.407874 0.635055 0.202319 0.100904 0.147029 0.948074 0.683279 0.243369 -0.101494 0.064365 0.680950 0.666488 0.006214 0.461143 0.017105 0.000558 0.007406 0.030773 0.006665 0.000296 -0.000222 -0.000103 1.268685 4.135847 4.532422 0.007850 0.009283 0.015794 0.016200 0.001347 -0.000293 -0.000214 0.000000 0.000000 0.000000 -0.000070 -0.000064 0.125541 0.152688 0.089401 0.078268 1.311372 0.929590 1.770907 2.744750 2.869433 1.159207 0.000488 0.001073 0.003328 0.004979 0.019428 0.042211 0.023610 0.017920 0.008653 0.049895 0.328564
2.509108 0.058149 0.045294 0.078130 1.138490 0.328168 0.849708 0.543044 -0.024614 0.026053 0.899261 1.194564 0.023654 0.190208 0.076822 0.031497 0.016023 0.005228 0.000236 -0.001021 -0.001488 -0.001261 1.431115 3.894451 3.805549 0.000000 0.000000 0.000000 0.000067 -0.000082 -0.018995 -0.017889 -0.000912 -0.007126 -0.007164 -0.006508 0.044975 0.536876 0.193282 0.149650 0.140677 0.523495 0.171579 0.149351 0.285615 3.255062 2.310612 0.002993 0.002125 0.014818 0.021715 0.023318 0.031189 0.002722 0.000112 0.000187 0.037915 0.121129
1.426200 0.065073 0.185869 0.130365 0.104876 0.182133 0.230947 0.871535 0.046436 0.010865 0.030480 2.427121 0.666060 0.159931 0.142438 0.141352 0.029300 0.033115 -0.000554 -0.001791 -0.001276 -0.001372 1.748491 4.099429 2.601576 -0.007075 -0.009243 -0.005350 -0.000464 -0.000305 -0.014468 -0.025448 -0.001630 -0.018883 -0.014489 -0.016955 0.144195 0.505236 0.329983 0.190714 0.097112 0.234629 0.080618 0.048777 0.076419 2.797745 1.443803 0.027013 0.012705 0.008546 0.011871 0.013661 0.017314 0.001374 -0.015224 -0.001836 0.038598 0.036182
0.658293 0.039679 0.059260 0.068656 0.040064 0.298742 0.245457 0.112158 0.040072 0.008787 0.026281 0.293485 0.537044 0.171909 0.150457 0.140844 0.021145 0.022367 0.168701 0.010773 -0.050888 -0.007641 1.720154 3.901925 2.950267 -0.341264 -0.021424 -0.017251 -0.006827 -0.009953 -0.021188 -0.084876 -0.042761 -0.037631 -0.021670 -0.028105 0.363468 0.592535 0.286638 0.609419 0.117689 0.027526 0.005982 0.115729 0.252520 3.791209 1.649860 0.027480 0.005266 0.000172 0.000396 0.000555 0.008192 0.000291 -0.125044 -0.095690 0.050016 0.050172
0.636271 0.042520 0.048432 0.035974 0.069889 0.251660 0.161624 0.162748 0.034162 0.004268 0.017790 0.097334 0.623046 0.206802 0.152549 0.110066 0.019329 0.023173 0.034884 0.029503 0.698942 0.472022 2.316280 4.963910 3.292971 -0.037392 -1.711252 -0.290475 -0.018024 -0.026819 -0.011961 -0.131950 -0.075265 -0.040990 -0.034261 -0.127884 2.074267 0.824528 0.356253 0.332608 0.215714 0.023473 0.000434 0.359081 0.747714 3.069057 0.145272 0.007330 -0.000002 -0.000132 -0.000330 -0.000401 -0.000013 -0.000105 0.691422 -0.036717 -0.323536 -0.005588
0.611515 0.040984 0.040198 0.029671 0.093362 0.104661 0.191068 0.179116 0.041215 0.000726 0.006453 0.095597 0.224957 0.228782 0.080689 0.036256 0.015346 0.016364 0.019079 0.036346 0.029359 0.056222 3.136469 5.007168 2.714126 -0.842844 -1.231219 0.054174 -0.317297 -0.248357 0.013810 -0.172562 -0.127045 -0.070837 -0.166161 0.582302 1.054575 0.042415 0.043041 0.034037 0.005907 -0.001161 0.059888 0.824193 1.038572 2.002313 0.011785 -0.000307 -0.008844 -0.023905 -0.007649 -0.010911 -0.007095 -0.005456 1.498081 -0.432926 -1.027368 -0.029486
0.790961 0.010119 0.037759 0.007246 0.098439 0.073955 0.174434 0.149544 0.049876 0.001264 0.000046 0.000001 0.564332 0.612500 0.000009 0.000257 0.000450 0.000310 0.014646 0.008771 0.010130 0.014084 1.516290 4.671926 2.921447 -0.138202 -0.751904 0.286285 0.118253 -0.227085 0.021380 -0.073462 -0.036535 -0.011023 0.231725 0.724369 1.127053 0.014501 0.026924 0.009723 0.000668 0.000112 0.238270 1.461900 1.625569 0.499851 0.018126 0.000583 -0.039329 -0.071378 -0.018348 -0.024270 -0.015830 -0.030378 1.932788 -0.110041 -0.797712 -0.356594
0.502449 0.004500 0.022564 0.006153 0.082853 0.093888 0.077417 0.116097 0.047248 0.002570 0.000575 -0.003375 0.484266 0.583626 0.252465 -0.000616 -0.064121 -0.000421 0.000012 0.000843 0.000528 0.000189 1.127568 4.483751 3.335707 0.178486 -0.421098 0.442984 0.324399 -0.164054 0.024782 -0.035012 0.007836 0.016860 0.569449 0.413118 0.295794 0.000345 0.007247 0.000326 0.000114 -0.000053 0.569273 2.079936 0.815168 0.128723 0.059176 0.010027 -0.148017 -0.052942 -0.531928 -0.023308 -0.028126 -0.167271 3.064316 -0.162115 -0.708158 -0.336873
0.653979 0.038064 0.007134 0.020878 0.048600 0.063848 0.064246 0.077477 0.008754 0.003490 0.001914 0.003533 0.066964 0.441091 0.478440 0.167440 0.000280 0.055827 -0.114129 0.000045 0.000647 -0.000079 0.687207 3.672141 3.075374 0.256115 0.048539 0.683930 0.547291 -0.037518 -0.002089 -0.009893 0.096897 0.082605 0.060919 0.639790 0.291559 0.000652 -0.000003 -0.000208 -0.000181 0.564393 1.038149 1.159246 0.582861 0.307975 0.007367 0.033809 0.027649 0.192406 -0.840593 -0.098071 -0.052350 0.025600 3.191716 0.073729 -0.627819 -0.341765
0.324627 0.019787 0.025215 0.061444 0.016731 0.015885 0.144626 0.025171 0.024197 0.006320 0.002153 0.007428 0.024146 0.290748 0.680226 0.407720 0.123027 0.206579 -0.121086 -0.000854 0.001362 -0.000653 0.169029 4.096374 2.510530 0.206233 0.280861 0.408874 0.741917 -0.040271 -0.006126 0.004947 0.007712 0.013450 0.021993 0.279094 0.611057 0.001415 -0.007151 -0.006566 -0.006645 0.736797 1.694026 1.339146 0.030061 0.023100 0.006244 0.042021 0.014959 0.371235 -0.174697 0.014280 0.067067 0.314702 3.325010 -0.097872 -0.257099 -0.317619
0.002012 0.002421 0.016458 0.035794 0.013253 0.018732 0.078389 0.086198 0.066760 0.011987 0.003358 0.046465 0.321370 0.462420 0.015413 0.014686 0.032659 0.542019 -0.093511 -0.000690 0.006677 -0.000293 -0.232966 4.615964 2.834388 0.357090 0.701361 0.280853 0.936724 0.095754 0.076796 0.029640 0.001536 0.006678 0.010954 0.002538 0.656252 0.303256 -0.014620 0.124816 0.051937 0.934608 1.726784 1.289844 0.001948 0.000000 0.017642 0.024443 0.011347 0.011140 -0.079924 0.068121 0.149248 1.020218 3.454768 0.083305 0.588330 -0.122061
0.007160 0.020203 0.020819 0.032760 0.009692 0.016881 0.102636 0.049941 0.022402 0.038177 0.021118 0.078516 0.079107 0.024605 0.008878 0.007729 0.012143 0.024139 0.013642 0.005958 0.038100 0.971259 0.504720 5.465034 3.722109 0.199797 0.013186 0.251786 0.035787 0.089491 0.082622 0.022280 0.001263 0.000000 0.000000 0.020953 0.610444 0.969479 0.789507 0.219502 0.173363 0.453194 0.612224 0.520229 0.005343 0.006215 0.020973 0.001200 0.000980 0.000523 0.008993 0.115985 0.243647 0.474156 1.173818 0.019635 0.013306 0.131898
0.014625 0.011594 0.017907 0.026554 0.007652 0.015531 0.097113 0.010667 0.008727 0.016963 0.008740 0.027622 0.024392 0.013006 0.001269 0.000581 0.000369 0.000369 0.012638 0.000664 0.006518 0.599862 1.032347 4.513983 1.350877 0.027651 0.011698 0.099034 0.020285 0.032357 0.068260 0.031874 0.002986 -0.015218 0.209111 2.206859 2.180664 1.145601 0.640088 0.015968 0.011875 0.922624 0.673032 0.482230 0.005464 0.008646 0.018772 0.001948 0.000935 0.000138 0.000445 0.022924 0.027458 0.030257 1.453117 0.047392 0.000435 0.014801
0.036427 0.000560 0.006399 0.010089 0.000791 0.008770 0.040187 0.000289 0.000000 0.000000 0.000144 0.000145 0.000010 0.000000 -0.000189 -0.000271 -0.000029 -0.000006 -0.000001 -0.000031 -0.000001 0.772656 1.347679 2.537246 1.806093 0.009119 0.009735 0.058684 0.016903 0.014874 0.049629 0.078517 0.256725 0.058487 0.255360 0.732350 1.009812 0.904347 0.068995 0.007317 0.000312 0.565558 1.179860 0.424112 0.008831 0.002847 0.004367 0.001065 -0.000126 -0.000477 0.000162 0.000029 0.000412 0.066634 1.257944 0.509754 -0.000025 0.000003
0.010524 0.000294 0.000100 0.000015 0.000365 0.000514 0.002417 0.000426 -0.024035 -0.008488 -0.000455 -0.000138 -0.005514 -0.014544 -0.042810 -0.006047 -0.000575 -0.000373 -0.037290 -0.046885 -0.018112 1.163868 1.453749 1.473929 1.395888 0.014368 0.001353 0.011609 0.011892 0.008449 0.049296 0.247604 0.456703 1.335053 0.504817 0.452303 0.249755 0.095434 0.040712 0.026160 0.040267 0.319659 0.925615 0.431282 0.025786 0.006508 0.006978 -0.001100 -0.000924 -0.017638 -0.119156 -0.001508 -0.000533 0.106676 1.039710 0.550499 -0.015345 -0.015780
0.040156 0.001030 -0.000202 -0.008621 -0.000832 -0.000372 -0.000644 -0.000695 -0.042918 -0.017376 -0.019042 -0.018343 -0.042541 -0.411041 -0.047757 -0.008979 -0.001772 -0.012900 0.139618 0.117504 1.085482 1.990864 2.236590 2.292507 1.005358 0.008325 0.000288 0.000059 0.000000 0.000000 0.164265 0.558077 0.910325 1.127003 0.024664 0.018277 0.011700 0.000822 0.000804 0.064830 0.106310 0.566852 0.852143 0.449214 0.089363 0.023760 0.021940 -0.028530 -0.015031 -0.584656 0.039482 0.311599 -0.000783 0.164241 1.198986 0.734703 0.485430 0.451397
0.101353 0.013290 -0.011509 -0.023651 -0.007252 -0.000594 -0.000839 -0.005702 -0.046293 -0.040063 -0.104604 -0.368569 0.620725 -0.282414 -0.701744 -0.013084 -0.001997 0.222996 0.293934 0.363797 1.663677 2.236798 1.998474 1.048318 0.564454 0.007004 0.000161 -0.000564 -0.022505 -0.014093 0.441120 0.713032 0.597318 0.023880 0.019645 0.002332 0.000086 -0.000048 0.001383 0.222502 0.293804 0.857977 0.839344 0.771198 0.101874 0.034981 0.017302 -0.080894 -0.110325 -0.191230 0.277127 0.411823 0.112672 0.168711 0.322170 0.320105 0.259320 0.782311
0.065052 0.006789 -0.157399 -0.025033 -0.017111 -0.005813 -0.017237 -0.016187 -0.045527 -0.048636 1.200650 0.951057 1.354753 -0.314281 -0.571237 -0.323835 -0.256137 0.105824 0.866049 1.149549 2.093074 1.704762 1.369029 0.189516 0.003883 0.003886 -0.000357 0.369629 -0.104511 0.190143 0.574677 0.491127 0.057508 0.017079 0.014908 0.009977 0.018447 0.012622 0.001637 0.544306 0.355386 0.254962 0.173579 0.055112 0.124451 0.035770 0.012816 0.115345 0.690014 0.824449 0.921033 0.764346 0.378373 0.011550 0.009545 0.011220 0.001924 1.263624
0.017283 0.001968 -0.086766 -0.005460 -0.026339 -0.016095 -0.036150 -0.035825 -0.154600 1.072842 2.033244 0.928453 1.593758 -0.330124 -0.415130 -0.287363 -0.652676 -0.127762 1.089435 1.218287 1.829910 0.029173 0.019666 0.002442 0.006846 0.002759 0.046545 0.696750 0.230373 0.305094 0.706846 0.368243 0.021427 0.016628 0.005486 0.006024 0.006720 0.057659 0.859750 0.953898 0.071451 0.041746 0.045761 0.018811 0.076207 0.035340 0.048726 0.060477 0.102694 0.017499 0.019934 0.022886 0.018454 0.001738 0.001264 0.000493 0.003018 1.829922
0.000235 -0.000108 -0.050104 -0.056569 -0.050083 -0.042425 -1.925641 0.508415 0.962061 2.251294 1.372764 0.003929 0.010079 0.138367 0.017505 0.157573 0.188039 -0.116715 1.011440 0.877442 1.072709 0.000000 0.000000 -0.000038 0.206003 -0.030436 0.477373 1.082922 0.242960 0.206707 0.317161 0.023965 0.012766 0.006076 0.000000 0.000090 0.003794 0.084350 0.516781 0.174369 0.099651 0.016032 0.003525 0.054585 0.039724 0.058387 0.016446 0.033949 0.033472 0.007670 0.000662 0.000192 0.000098 -0.000194 -0.000501 -0.000334 0.350755 2.291324
-0.000069 -0.009312 -0.005597 -0.048461 -0.076116 -0.376979 -1.291493 0.796010 1.322107 1.980515 0.120430 0.000000 0.000000 0.000000 1.228737 0.730409 0.648104 0.854906 0.987878 0.533699 0.247280 -0.011920 -0.018446 -0.084399 0.649878 0.218679 0.517366 1.122944 0.024903 0.013032 0.230480 0.004220 0.007568 -0.000170 -0.005912 -0.000274 -0.000006 0.000146 0.601462 0.001170 0.010831 0.009657 0.015478 0.105574 0.069023 0.000568 0.015915 0.006387 0.000592 0.000164 -0.000035 -0.000094 -0.000069 -0.059605 -0.076768 -0.051329 1.638059 1.931314
0.029828 -0.034773 0.033386 0.040296 -0.079607 -0.641832 -1.069929 0.628606 1.434439 2.167548 0.386052 -0.256383 -0.232860 -0.010407 1.762086 0.935934 0.102515 0.014770 0.010756 0.000886 0.001138 -0.020087 -0.088435 0.050657 0.890465 0.334940 0.472203 0.707858 -0.226639 -0.213843 0.012924 0.000091 -0.000330 -0.010632 -0.013850 -0.008869 -0.008589 -0.000302 0.697938 -0.000046 0.000607 0.001496 0.008821 0.016122 0.136387 0.000852 0.000360 0.000360 -0.000058 -0.000101 -0.008177 -0.007254 -0.007955 0.239209 0.887642 0.739290 1.550594 2.105105
0.008417 0.003565 0.047795 0.015016 0.042897 -0.591425 -0.589019 0.602190 1.293098 2.167690 0.385305 0.005969 0.145374 0.646095 0.881060 0.088745 0.048600 0.006975 0.000577 -0.000065 0.001254 0.047045 0.120298 0.043521 0.959095 0.365207 0.369255 0.527196 -0.414944 -0.052770 0.000664 -0.000145 -0.000483 -0.022395 -0.010919 -0.014880 -0.019323 0.146118 0.912754 -0.190605 -0.000189 0.000445 0.000222 0.008416 0.036908 0.000322 -0.000360 -0.000360 -0.007280 -0.006327 -0.027460 -0.019273 -0.023020 0.730731 2.140228 1.561577 1.746012 2.163755
0.000671 0.028120 0.034140 0.003875 0.013446 -0.387085 -0.501761 0.533642 1.297745 1.863387 0.476037 -0.075470 0.159679 0.754918 0.000134 0.000330 0.000401 0.000013 -0.000072 -0.026242 0.002435 0.039945 0.251750 0.016753 1.005449 0.381307 0.395965 0.428221 -0.584730 0.220680 0.001448 -0.001868 -0.004128 -0.019082 -0.022900 -0.054391 -0.006249 0.138865 0.554264 -0.090618 0.000009 -0.000439 -0.000222 0.000066 0.000128 -0.000424 -0.014314 -0.009512 -0.021976 -0.013748 -0.004000 0.001485 0.044173 1.353699 2.270922 2.984651 4.298831 2.788394
0.001379 0.018213 0.003864 0.000840 0.000889 0.001986 -0.079259 0.405588 1.384731 1.908258 0.544885 -0.194711 0.062713 1.279984 -0.000227 -0.000396 -0.000555 -0.010354 -0.006493 -0.348781 -0.049618 -0.176972 0.491362 0.081336 1.269096 0.534270 0.585713 0.631433 -0.500936 0.045612 0.000831 -0.002622 -0.003894 -0.004978 -0.003347 -0.007155 -0.096065 0.042716 0.336114 0.054859 0.002945 -0.008591 -0.006627 -0.000539 -0.000303 -0.002919 -0.051287 -0.023545 -0.029631 -0.002145 0.010313 0.002171 0.050584 1.408631 3.055346 2.961564 3.688996 2.194044
