use_cases/Flooding_chicago/flooding_data/output/hUy_660.asc
ncols 337
nrows 393
xllcorner 428428.000000
yllcorner 4602440.000000
cellsize 26.757400
NODATA_value -9999.000000
[rows 156 to 181 of 393, columns 232 to 289 of 337]
0.028327 0.000536 0.005633 -0.000413 -0.019780 -0.015645 -0.012612 -0.004792 0.000222 0.000164 -0.125665 -0.208849 -0.076158 -0.092475 -0.104505 0.000000 0.060704 0.092676 0.065580 0.039074 0.014976 0.011902 -0.022493 -0.114950 -0.003095 -0.025323 -0.005961 0.004881 0.033186 0.001336 -0.002668 0.007930 0.077861 0.017106 0.007850 0.006604 0.009680 0.000388 -0.000843 0.234746 -0.306142 0.000438 0.001304 0.000307 -0.000189 -9999.000000 -9999.000000 -9999.000000 -9999.000000 -9999.000000 -9999.000000 -9999.000000 -9999.000000 -9999.000000 -9999.000000 -9999.000000 -9999.000000 -9999.000000
0.119399 0.007748 0.000000 -0.005342 -0.009446 -0.071495 -0.054102 -0.001970 -0.000222 0.000118 0.022228 -0.193923 -0.108372 -0.368521 -0.371245 0.000162 0.050408 0.094724 0.000631 0.000797 0.000392 0.000267 0.141631 -0.048719 -0.040688 0.118355 -0.001943 0.000158 0.000378 0.000222 -0.001865 0.000604 0.000820 0.000846 0.000329 0.000000 0.000000 -0.004948 -0.024879 0.193709 -0.421598 0.001303 0.002265 0.001657 0.001459 -9999.000000 -9999.000000 -9999.000000 -9999.000000 -9999.000000 -9999.000000 -9999.000000 -9999.000000 -9999.000000 -9999.000000 -9999.000000 -9999.000000 -9999.000000
0.058015 0.006400 -0.001240 -0.003436 -0.019416 -0.093228 -0.142343 -0.019522 -0.001357 0.000325 0.009511 0.060237 0.059198 -0.173759 -0.445486 0.020132 0.000320 -0.000017 -0.000438 -0.000716 -0.000366 -0.000060 0.174561 -0.036546 -0.096485 0.202199 -0.001003 -0.000245 0.000005 -0.000014 -0.000854 -0.000334 -0.000915 -0.001002 -0.000955 -0.018868 -0.010252 -0.215301 0.040810 0.083727 -0.218224 0.001922 0.006032 0.000681 0.000681 -9999.000000 -9999.000000 -9999.000000 -9999.000000 -9999.000000 -9999.000000 -9999.000000 -9999.000000 -9999.000000 -9999.000000 -9999.000000 -9999.000000 -9999.000000
0.016426 -0.000030 -0.001053 -0.011999 -0.058222 -0.030977 -0.253484 -0.007164 -0.001113 -0.001023 0.000210 0.000985 0.000049 -0.187495 -0.186511 0.000171 -0.000395 -0.022310 -0.019811 -0.015695 -0.012273 -0.001206 0.345124 0.134024 -0.007056 0.381960 -0.000874 -0.000494 -0.000378 -0.000238 -0.000821 -0.000655 -0.016699 -0.010376 -0.010021 -0.233985 -0.298208 0.119873 0.083033 0.084503 0.197935 0.000655 0.000874 -0.000000 -0.000000 -9999.000000 -9999.000000 -9999.000000 -9999.000000 -9999.000000 -9999.000000 -9999.000000 -9999.000000 -9999.000000 -9999.000000 -9999.000000 -9999.000000 -9999.000000
-0.000426 -0.010301 -0.007786 -0.028772 -0.046521 -0.047226 -0.452436 -0.033953 -0.008700 -0.001242 -0.000516 -0.000129 -0.006304 -0.094139 -0.427131 -0.000352 -0.007961 -0.055170 -0.068558 -0.051873 -0.060625 0.011554 0.024317 0.423031 0.138777 0.186954 0.304734 -0.015827 0.000016 -0.000489 -0.001437 -0.006350 -0.065060 -0.038548 -0.048464 -0.002336 -0.064496 0.079588 0.062853 0.079929 0.010134 0.001278 0.000729 -0.000681 -0.000681 -0.000071 -9999.000000 -9999.000000 -9999.000000 -9999.000000 -9999.000000 -9999.000000 -9999.000000 -9999.000000 -9999.000000 -9999.000000 -9999.000000 -9999.000000
-0.013459 -0.018172 -0.025372 -0.028727 -0.160705 -0.310798 -0.662151 0.211337 -0.033611 -0.010043 -0.013530 -0.001404 -0.004552 -0.072494 -1.193061 -0.009520 -0.016476 -0.487391 0.042577 -0.016038 -0.017519 0.015460 0.000500 0.016325 0.002886 0.001161 0.330252 -0.080279 0.000883 -0.000263 -0.001776 -0.054939 0.057189 -0.003689 0.083563 0.039805 -0.014370 0.079583 0.000193 0.000428 0.000278 -0.000137 -0.002660 -0.009341 -0.006618 -0.003097 -9999.000000 -9999.000000 -9999.000000 -9999.000000 -9999.000000 -9999.000000 -9999.000000 -9999.000000 -9999.000000 -9999.000000 -9999.000000 -9999.000000
-0.033877 -0.021756 -0.359599 -0.162699 0.149075 -0.088780 -0.427115 0.404370 -0.105743 -0.018887 -0.032383 -0.000920 0.003879 -0.058737 -0.359885 -0.956690 -0.159614 -0.183475 0.247996 -0.003275 0.000772 -0.000003 -0.000154 -0.000005 0.000828 0.000224 0.251199 0.014991 0.000728 0.002750 0.009884 0.044802 0.007513 0.000619 0.008586 0.112523 -0.017550 0.078889 0.000023 -0.000108 -0.000581 -0.001857 -0.002388 -0.052608 -0.007661 -0.003189 -9999.000000 -9999.000000 -9999.000000 -9999.000000 -9999.000000 -9999.000000 -9999.000000 -9999.000000 -9999.000000 -9999.000000 -9999.000000 -9999.000000
-0.135725 -0.231294 -0.120857 -0.042300 0.201196 -0.006113 -0.275439 0.472571 0.030217 -0.053645 -0.082110 -0.004405 0.024742 0.338908 0.436539 -0.499213 -0.095421 0.168446 0.386925 0.000744 0.000547 0.000825 0.334545 0.054686 -0.104108 -0.094322 0.082665 0.000847 0.000001 0.000066 0.001755 0.016031 0.001168 0.000442 0.000309 0.004798 -0.014672 0.057593 -0.000447 -0.002136 -0.021519 -0.007235 -0.001090 -0.017777 -0.004220 -0.004512 -9999.000000 -9999.000000 -9999.000000 -9999.000000 -9999.000000 -9999.000000 -9999.000000 -9999.000000 -9999.000000 -9999.000000 -9999.000000 -9999.000000
-0.077111 -0.075590 0.001342 0.002421 0.235979 0.037695 -0.143430 0.875156 0.078641 0.003398 0.033072 -0.098414 0.040374 0.441996 0.831881 -0.244726 0.063011 0.061713 0.052220 0.000242 -0.000356 0.002590 0.895591 -0.064402 -0.103782 0.008397 0.078310 -0.000131 0.000602 0.001034 0.000626 0.000717 0.000661 -0.000448 -0.000749 0.000034 0.000424 -0.028560 -0.043156 -0.068794 -0.005645 -0.003267 0.000152 -0.007681 0.000902 0.003370 -9999.000000 -9999.000000 -9999.000000 -9999.000000 -9999.000000 -9999.000000 -9999.000000 -9999.000000 -9999.000000 -9999.000000 -9999.000000 -9999.000000
-0.305435 -0.032659 0.085390 0.085304 0.311828 0.073535 0.089564 0.623560 0.131992 0.012904 0.075729 0.010166 0.028364 0.031690 0.838409 0.439152 0.472412 0.120817 -0.000030 -0.000828 -0.000772 0.023032 0.678515 0.132719 0.079935 0.233229 0.207148 0.087706 0.016277 0.019647 0.000622 0.000174 -0.000911 -0.000799 -0.020750 -0.000501 0.000351 -0.051987 -0.071172 -0.340479 0.019474 0.000554 0.003022 -0.000383 0.003578 0.002793 0.026046 -9999.000000 -9999.000000 -9999.000000 -9999.000000 -9999.000000 -9999.000000 -9999.000000 -9999.000000 -9999.000000 -9999.000000 -9999.000000
-0.188920 0.056175 0.255830 0.281663 0.322350 0.199738 0.437577 0.465864 0.026925 0.041648 0.029386 0.022996 0.014437 0.087895 0.104829 0.078093 0.901800 0.215757 0.180490 0.124516 0.019628 0.006748 0.009487 0.067378 0.053502 0.079690 0.049912 0.009701 0.005947 0.006769 0.000220 -0.000919 -0.000916 -0.000620 -0.017798 -0.020002 0.000000 0.000669 0.001771 -0.213851 0.000143 0.000392 0.000796 0.000630 0.003138 0.002663 0.020013 -9999.000000 -9999.000000 -9999.000000 -9999.000000 -9999.000000 -9999.000000 -9999.000000 -9999.000000 -9999.000000 -9999.000000 -9999.000000
0.225163 0.213330 0.057886 0.096428 0.138856 0.136989 0.191860 0.233779 0.066232 0.071601 0.047479 0.059276 0.047617 0.051785 0.024994 0.180291 0.196191 0.314237 0.261517 0.188065 0.000468 0.000405 0.000586 0.015382 0.003906 0.016249 0.109423 0.017098 0.000068 -0.000009 -0.000462 -0.022330 -0.015100 -0.001830 -0.100256 -0.012272 -0.004205 0.000796 0.000403 -0.246035 -0.000141 -0.000366 -0.000717 -0.000437 -0.000016 0.000148 0.000405 -9999.000000 -9999.000000 -9999.000000 -9999.000000 -9999.000000 -9999.000000 -9999.000000 -9999.000000 -9999.000000 -9999.000000 -9999.000000
0.051097 0.064164 0.053004 0.063576 0.069048 0.087037 0.093626 0.108985 0.117370 0.102325 0.053367 0.012511 0.032776 0.032394 0.012859 0.023286 0.001915 0.342921 0.334272 0.261989 0.000044 -0.000323 -0.000418 0.000121 0.005677 0.003780 0.042566 0.000565 -0.000520 -0.005786 -0.026428 -0.047487 -0.034760 -0.001043 -0.095110 -0.061083 -0.003464 -0.002242 -0.000618 -0.197385 -0.009057 -0.020208 -0.027458 -0.027253 -0.006792 -0.000371 -0.000544 -9999.000000 -9999.000000 -9999.000000 -9999.000000 -9999.000000 -9999.000000 -9999.000000 -9999.000000 -9999.000000 -9999.000000 -9999.000000
0.012231 0.031601 0.018943 0.021225 0.008981 0.121784 0.121040 0.141284 0.129471 0.125051 0.006489 0.005494 0.017221 0.016413 0.003179 0.001003 -0.000055 0.277530 0.356847 0.285937 -0.002692 -0.028784 -0.008223 -0.000391 0.002419 0.004082 0.002663 0.000302 -0.009260 -0.121371 -0.680077 -0.137439 -0.008534 -0.009865 -0.064675 -0.050829 -0.001739 -0.001804 -0.014305 -0.227744 -0.174254 -0.028173 -0.046501 -0.055906 -0.018602 -0.009755 -0.008559 -0.000874 -9999.000000 -9999.000000 -9999.000000 -9999.000000 -9999.000000 -9999.000000 -9999.000000 -9999.000000 -9999.000000 -9999.000000
0.000208 0.000106 0.028147 0.032782 0.015572 0.102265 0.093794 0.346295 0.170692 0.245221 0.034852 0.021461 0.001670 0.001262 0.003981 0.000753 -0.111360 0.208513 0.352372 0.226986 0.060339 0.060275 -0.003798 -0.011858 -0.000091 0.000258 -0.000856 -0.001425 -0.074801 0.047765 -0.136309 -0.169212 -0.012264 -0.017136 -0.120711 -0.120291 -0.047151 -0.020227 -0.071619 -0.168956 -0.257671 -0.128250 -0.058623 -0.075927 -0.023121 -0.021327 -0.010205 0.006057 -9999.000000 -9999.000000 -9999.000000 -9999.000000 -9999.000000 -9999.000000 -9999.000000 -9999.000000 -9999.000000 -9999.000000
-0.000326 -0.000120 0.146380 0.032455 0.021288 0.093032 0.198877 0.390977 0.023778 0.029370 0.083038 0.014067 0.003629 0.001799 0.024931 0.001918 -0.050798 0.096822 0.328320 0.137101 0.119012 0.196847 -0.031915 -0.039274 0.000000 -0.001751 -0.002195 0.009072 0.001838 0.096798 -0.094012 -0.177781 -0.121332 -0.049530 -0.137207 -0.174172 -0.114811 -0.061533 -0.052553 -0.184312 -1.142051 -0.512102 -0.027842 -0.924759 -0.025966 -0.027546 -0.007465 0.030397 0.018785 -9999.000000 -9999.000000 -9999.000000 -9999.000000 -9999.000000 -9999.000000 -9999.000000 -9999.000000 -9999.000000
-0.004541 -0.007520 0.180503 0.039138 0.039006 0.181295 0.337557 0.029018 0.007831 0.006542 0.055534 0.004342 0.006344 0.001774 0.012374 0.001115 0.060788 0.339380 1.451537 0.181080 0.022497 0.347560 -0.000593 0.054644 0.003242 0.000380 0.032812 0.014236 0.001976 0.110356 -0.045239 -0.067461 0.000000 -0.009301 -0.079011 -0.222120 -0.517710 0.534486 -0.033372 -0.729232 -0.517406 0.165573 0.589415 -0.454201 -0.029697 -0.006749 -0.026264 0.007016 0.008521 0.011975 -9999.000000 -9999.000000 -9999.000000 -9999.000000 -9999.000000 -9999.000000 -9999.000000 -9999.000000
-0.020808 -0.057047 0.099399 0.043931 0.093476 0.084095 0.061547 0.004560 0.000000 0.000027 0.000780 0.004563 0.004779 0.000222 0.000005 0.004661 0.035853 0.150021 0.121540 0.078359 0.017593 0.097135 0.029530 0.027376 0.002940 0.002011 0.012537 0.000003 0.000208 0.000005 -0.028234 -0.042740 -0.025874 -0.004614 -0.010825 0.000532 0.079607 0.117974 0.002202 -0.789248 -0.407109 0.058748 0.346274 0.025165 -0.003706 -0.011850 -0.002648 0.000120 0.000326 0.007574 -9999.000000 -9999.000000 -9999.000000 -9999.000000 -9999.000000 -9999.000000 -9999.000000 -9999.000000
-0.107523 0.073768 0.110131 0.003329 0.017996 0.018168 0.014727 -0.000546 -0.014039 -0.000402 -0.002203 -0.003649 -0.002225 -0.000222 0.000135 0.013508 0.033379 0.034838 0.026919 0.020169 0.015626 0.020296 0.019206 0.004841 0.005081 0.003576 0.011753 -0.031036 -0.000326 -0.000062 -0.028428 -0.106874 -0.052041 -0.009944 0.025942 0.214198 0.181071 0.005457 0.030406 -0.068961 -0.313370 -0.174972 0.120494 -0.005543 -0.009845 -0.064753 -0.009948 -0.000106 -0.000208 -0.000003 -0.000000 0.000180 -9999.000000 -9999.000000 -9999.000000 -9999.000000 -9999.000000 -9999.000000
-0.015268 0.089587 0.002453 0.003406 0.000639 0.009547 0.000639 -0.007325 -0.639043 0.168578 -0.019302 -0.003770 -0.003644 0.000188 -0.000132 0.017028 0.040940 0.001773 0.001435 0.031991 0.020850 0.000610 0.000412 0.001483 0.001954 0.003627 0.000878 -0.100451 -0.004012 0.000350 -0.006649 -0.358627 -0.011468 0.004019 0.020154 0.026931 0.039430 0.027892 0.006799 0.034726 -0.019049 -0.264209 0.113645 -0.005271 -0.006482 -0.166252 -0.015674 -0.000727 -0.006364 -0.006034 -0.007320 -0.000458 -9999.000000 -9999.000000 -9999.000000 -9999.000000 -9999.000000 -9999.000000
0.000360 0.000360 -0.000034 0.000386 -0.000086 0.000000 -0.000086 -0.136551 -0.457873 0.342612 -0.082896 -0.000847 0.000053 0.000751 -0.000462 0.004563 0.000634 0.002329 0.001986 0.028360 0.000677 -0.000412 -0.000317 -0.004697 -0.004441 0.000222 0.000070 -0.033474 -0.057883 -0.005700 0.001244 -0.124939 0.004934 0.005491 0.000628 0.019261 0.009827 0.024781 0.023984 0.003183 0.001571 -0.287444 0.145604 -0.002399 -0.002360 -0.023140 -0.001854 -0.001647 -0.019001 -0.014052 -0.020814 -0.085909 0.000000 -9999.000000 -9999.000000 -9999.000000 -9999.000000 -9999.000000
-0.000360 -0.000360 -0.013786 0.002216 -0.026746 -0.007879 -0.006720 -0.191461 -0.330039 0.353701 -0.012180 0.000931 0.001102 0.001125 -0.000214 -0.017863 -0.000388 -0.000763 0.000360 0.000360 -0.000056 -0.004796 -0.047906 -0.033354 -0.001610 -0.000222 0.000056 -0.014012 -0.021820 -0.004801 0.004390 -0.129274 0.105220 -0.000127 0.000313 0.000806 0.000616 0.011412 0.005941 0.000503 0.009116 -0.227248 0.207061 -0.021982 0.056016 0.048103 0.001700 -0.028077 -0.064054 -0.867288 -0.798508 0.020068 0.010797 0.000000 -9999.000000 -9999.000000 -9999.000000 -9999.000000
-0.168625 -0.027439 0.064379 0.255761 -0.223261 -0.360031 0.052823 -0.182553 0.003974 0.472975 0.098094 0.000987 0.001503 0.001056 -0.000370 -0.018219 -0.048208 -0.000706 -0.000360 -0.000360 -0.011189 -0.140271 -0.823785 -0.037699 -0.000291 0.001201 0.000311 -0.004901 -0.022251 -0.024961 -0.004190 -0.135631 0.140654 0.000337 -0.000592 -0.000786 -0.000443 0.000102 0.000393 0.000410 0.044995 -0.108742 0.449912 0.010424 0.179506 0.211444 0.020542 -0.411662 0.298169 -0.110555 -0.154642 0.385685 0.055926 0.008383 0.004170 -9999.000000 -9999.000000 -9999.000000
-0.033842 -0.054597 0.097783 0.178443 -0.232212 -0.288681 0.078060 -0.088034 0.021131 0.039110 0.032241 0.001492 0.002478 0.001431 -0.011338 -0.066689 -0.130937 -0.001468 -0.006698 -0.006698 -0.196825 0.090706 -0.174487 0.002351 0.000882 0.002366 0.000043 -0.009965 -0.021610 -0.024551 0.429837 -0.016356 0.080742 -0.052768 -0.233499 -0.040630 -0.034850 -0.000410 0.000711 0.000680 0.439746 0.038490 0.109742 0.005186 0.036698 0.036305 0.004110 0.003201 0.295091 -0.051963 -0.095225 0.047721 0.008355 0.003423 0.002540 -9999.000000 -9999.000000 -9999.000000
0.245680 0.232473 -0.013407 -0.025936 -0.453697 -0.312666 0.000367 0.000782 0.011967 0.005686 0.004159 0.000916 0.003439 0.001881 -0.001519 -0.142097 -0.319795 -0.002227 -0.016986 -0.012733 -0.138985 0.154987 -0.006804 0.005917 0.000170 0.000340 -0.000092 0.000239 -0.014047 -0.015827 0.442971 0.010844 -0.004567 -0.035478 -0.200009 -0.001687 -0.032193 -0.002150 0.001346 0.000074 0.867343 0.032393 0.000318 0.000414 0.000016 0.000139 0.000005 0.029870 0.265051 0.000062 0.000477 0.001369 0.000477 0.001043 0.000284 0.000000 -9999.000000 -9999.000000
0.055341 0.436193 0.104272 0.016717 -0.589928 -0.423641 -0.000232 -0.000100 0.000000 0.000388 -0.000073 0.000010 0.000569 0.000393 0.005482 0.008864 -0.281679 -0.016282 -0.003782 -0.002786 0.062864 0.116265 0.115815 0.009154 0.000053 -0.000000 -0.000203 -0.000246 -0.000018 0.007860 0.410814 0.011092 0.007720 -0.009820 -0.156363 0.004007 0.013278 0.000266 0.000000 0.001066 0.256781 0.048802 -0.000411 -0.000606 -0.009138 -0.000511 0.008871 0.284290 0.155168 0.013425 -0.000295 0.000367 -0.000295 -0.003145 -0.002458 -9999.000000 -9999.000000 -9999.000000
