use_cases/Flooding_chicago/flooding_data/output/hUy_3120.asc
ncols 337
nrows 393
xllcorner 428428.000000
yllcorner 4602440.000000
cellsize 26.757400
NODATA_value -9999.000000
[rows 182 to 207 of 393, columns 58 to 115 of 337]
0.000222 0.000103 0.000365 0.000302 -0.001815 -0.002294 -0.002079 -0.000974 -0.011714 -0.000376 0.056610 0.001074 0.002202 0.012925 0.026951 0.003593 -0.466047 -1.816877 -2.222097 -2.105447 -1.033365 -0.073380 0.359510 0.004334 -0.000081 0.000000 0.000000 0.005724 0.012758 -0.035018 0.048144 -0.541149 -0.458991 -1.231646 -1.023120 -0.727571 -0.003882 0.000247 0.000331 0.000363 0.228702 0.505502 1.103982 2.279107 3.009597 3.036203 2.914326 4.340944 3.855660 3.720153 3.860600 2.887271 2.524104 1.222095 1.206036 1.171017 0.549510 0.016553
-0.000222 -0.000103 -0.000822 -0.003161 -0.002654 -0.035349 -0.025620 -0.013572 -0.035075 -0.003082 0.016987 0.000961 0.002795 0.001042 0.000589 -0.000424 -0.359968 -1.958871 -2.489713 -2.221733 -0.480389 0.023058 0.036967 0.013076 -0.000341 -0.011741 -0.005347 -0.000139 -0.000003 -0.000000 -0.000000 -0.208714 -0.449100 -1.098701 -0.689869 -0.386086 -0.001435 -0.000569 -0.000393 0.000760 0.472499 0.904066 1.464239 2.464251 3.642535 3.627169 3.641347 5.002963 3.912877 3.406018 2.899026 2.179234 1.948552 1.168371 1.113646 1.145927 0.463325 0.189301
-0.011543 -0.009321 -0.024378 -0.015503 -0.029982 -0.057084 -0.043405 -0.023059 -0.006866 -0.073730 -0.005092 0.000871 0.002299 0.000107 -0.000123 -0.000272 -0.218680 -2.030139 -3.596428 -2.145054 -0.386591 0.000513 0.001212 0.011282 0.003754 -0.682002 -0.028968 -0.010386 -0.034609 -0.028537 -0.093817 -0.356707 -0.489124 -0.842764 -0.686679 -0.331002 -0.002785 -0.028684 -0.024636 0.095484 0.624370 1.002596 1.484443 2.965517 4.268318 4.812887 4.197210 4.531395 2.451126 1.836065 1.989226 1.658596 1.593695 1.011889 0.916359 1.061260 0.340673 0.164502
-0.037635 -0.027137 -0.067344 -0.036625 -0.093181 -0.102585 -0.063429 -0.030119 -0.060990 -0.088888 -0.000032 -0.000577 0.000000 -0.000305 -0.000292 -0.018730 -0.169096 -2.047172 -3.157295 -2.079228 -0.283152 -0.000217 0.000880 0.001182 0.003714 -0.015077 -0.072203 -0.054804 -0.107067 -0.253693 0.055152 -0.418880 -0.627472 -0.613827 -0.952503 -0.533874 -0.282165 -0.120386 -0.146285 0.324188 0.567750 1.134665 2.101232 3.956762 5.323379 4.883234 4.759333 4.390256 2.218974 1.707143 1.903454 1.963719 1.766120 0.854592 0.747740 0.951374 0.212509 0.105409
-0.006198 -0.059930 -0.031708 -0.011156 -0.022746 -0.210818 -0.193274 -0.154814 -0.067092 -0.077562 -0.036819 -0.001586 -0.000981 -0.012387 -0.007476 -0.004709 -0.392513 -1.872813 -3.007974 -2.869922 -1.197759 -0.011363 -0.000812 0.000284 0.000310 -0.003997 -0.011449 0.323358 0.467205 0.177360 0.303920 -0.143156 -0.582671 -0.600710 -1.072985 -0.655426 -0.246898 0.242014 -0.024610 0.286964 0.606651 1.747263 2.990382 4.520510 5.280469 4.908122 4.599304 3.676074 2.156088 1.555007 1.718162 1.228385 1.620773 0.604814 0.730874 0.657877 0.153522 0.083686
-0.001424 -0.016666 -0.021105 -0.009896 -0.000361 0.001924 -0.092618 -0.079851 -0.347486 -0.316215 -0.018467 -0.001232 -0.001112 -0.024861 -0.083630 0.085100 -0.275297 -2.364168 -2.658424 -2.333919 -1.279104 -0.052805 -0.000999 -0.001377 -0.000495 -0.001407 -0.001881 1.296907 0.958062 0.431382 0.494574 -0.028473 -0.574753 -0.738859 -1.067482 -0.631324 -0.291566 0.392040 -0.070808 0.204135 0.340583 1.821099 2.845067 4.593916 5.450386 4.965875 4.605313 3.331401 1.800451 1.687334 1.374078 1.038949 0.881356 0.601492 0.667285 0.719603 0.127738 0.070796
-0.002140 -0.006732 -0.112160 -0.006736 -0.001404 0.003866 0.002049 -0.037218 -0.243526 -0.452333 -0.250526 -0.001012 -0.000988 -0.002853 0.010335 0.050503 -0.244073 -1.955787 -2.456886 -2.177843 -1.246006 -0.030511 -0.074936 -0.006544 -0.039292 -0.035860 0.057489 1.389186 1.059918 0.583329 0.583135 0.112724 -0.232180 -0.381535 -0.989564 -0.646496 -0.078750 0.328529 -0.047503 0.149989 0.512574 2.054964 2.801638 5.534919 5.699675 5.053338 4.670954 3.438153 1.767379 1.185383 1.274219 0.992267 0.692341 0.828553 0.844347 0.581727 -0.063980 0.077714
-0.001117 -0.001868 -0.118960 -0.002596 -0.001504 -0.000419 0.001427 -0.009409 -0.126979 -0.524054 -0.362995 -0.007794 -0.014139 -0.002067 0.075192 -0.045555 -0.443774 -1.674141 -2.692918 -2.969222 -1.977611 -0.600305 -0.198743 -0.049318 0.041397 0.042683 0.362586 0.805780 0.659392 0.131935 0.062698 0.367757 0.103386 -0.000392 -0.587251 -0.653758 -0.045835 0.295057 -0.006373 0.122688 0.640269 2.029797 3.404361 5.681684 6.645224 5.699049 4.605264 3.266544 1.519007 0.795319 1.070966 0.839314 0.881291 1.218233 0.945803 0.755725 -0.021480 0.121449
-0.051926 -0.150853 -0.067293 -0.025099 -0.000878 -0.004869 -0.001473 0.000199 0.000364 -0.367041 -0.459092 -0.003258 -0.037875 -0.026113 0.211274 0.220905 -0.207725 -1.769801 -2.011016 -2.537248 -1.659716 -0.511609 -0.089200 0.206785 0.266269 0.238917 0.328245 0.618469 0.437234 0.042527 -0.051447 -0.069524 -0.000205 -0.016370 -0.218429 -0.280601 0.068113 0.415479 0.049608 0.119238 0.831146 2.469142 3.622699 6.987415 6.982113 5.974582 4.884217 3.653189 1.128264 0.459395 0.805588 0.695989 0.564864 0.932752 0.580617 0.484667 -0.095638 0.063249
-0.096351 -0.124270 -0.190122 -0.012836 -0.017273 -0.006131 -0.003257 -0.000833 -0.000039 -0.284297 -0.298630 -0.189550 0.150095 0.346761 0.538425 0.333770 -0.048075 -1.451781 -2.059596 -2.079650 -1.502666 -0.626879 0.124051 0.697192 0.414362 0.146152 0.093714 0.738947 0.067374 -0.305921 -0.497584 -0.974699 -0.344201 -0.526899 -0.294467 -0.263690 0.294720 0.513430 0.152380 0.321058 0.937412 2.539372 3.929590 6.534335 6.545613 4.804803 4.726415 3.095227 0.784669 0.189099 0.874488 0.678057 0.269828 0.389662 0.318498 0.421388 -0.107478 0.034905
-0.022578 -0.302558 -0.440300 -0.023818 -0.037997 -0.002559 -0.032415 -0.006290 -0.001250 -0.126311 -0.478874 -0.657741 0.472958 0.531004 0.831278 0.547566 0.067459 -0.967419 -1.609833 -1.424508 -1.212240 -0.374958 0.329083 0.507483 0.326702 0.033635 0.124831 0.558374 -0.085196 -0.517510 -0.778353 -0.638771 -0.202272 -0.944648 -0.464985 -0.513574 0.397000 0.667940 0.233985 0.290171 0.803177 2.562594 4.293671 6.845687 6.670584 4.822654 4.721744 2.772487 0.371596 -0.020791 0.816277 0.706964 0.226381 0.015286 0.007881 0.041919 0.001501 0.001118
0.000010 -0.262422 -0.311526 -0.247984 -0.009463 -0.009877 -0.078541 -0.002792 -0.001842 -0.053523 -0.186486 -0.399421 0.553198 0.560267 1.049110 0.601808 0.273579 -0.847692 -1.123267 -1.215824 -0.966750 -0.125642 0.371077 0.343299 0.398654 0.170346 0.474662 0.331213 -0.023855 -0.511444 -0.512629 -0.647712 -0.280422 -0.883152 -0.638106 -0.713160 0.443403 0.760158 0.232584 0.220537 0.615085 2.547958 4.104457 7.115395 6.785634 6.148675 5.238060 2.492509 -0.099189 -0.309720 0.752678 0.737895 0.126241 0.235031 0.004588 0.000491 0.001602 0.001185
-0.006804 -0.110570 -0.380191 -0.328782 -0.166737 -0.161948 -0.181206 -0.009040 -0.002282 -0.017431 -0.004224 -0.198205 0.585915 0.711620 1.093973 0.714797 0.313229 -0.692527 -0.983757 -1.031346 -0.613356 -0.007189 0.318114 0.358697 0.236636 0.121963 0.146762 0.098781 -0.047264 -0.140876 -0.438397 -0.462603 -0.409488 -0.786217 -0.634065 -0.721857 0.712896 0.922307 0.333491 0.241345 0.602988 2.718977 4.344219 7.724096 7.340898 6.398468 4.427230 1.671629 -0.582070 -0.592618 0.740257 0.632991 0.220420 1.018813 0.381527 -0.000427 -0.001009 0.000917
-0.019106 -0.028708 -0.241126 -0.201857 -0.390284 -0.194017 -0.134955 -1.018277 -0.056446 0.002616 0.103495 -0.067818 0.462020 0.525952 0.942573 0.668701 0.288461 -0.607156 -0.789308 -0.806112 -0.356917 0.105886 0.313179 0.236631 0.305921 0.230541 0.271061 0.212085 -0.098950 0.033561 -0.214004 -0.418669 -0.386757 -0.728893 -0.381783 -0.409607 1.177416 1.166298 0.621490 0.444345 0.830269 2.827986 5.441102 7.879478 7.289606 5.725014 3.451297 1.249448 -0.705798 -0.656263 1.004953 0.907744 0.418225 1.270534 1.279826 -0.012212 -0.000481 0.000000
-0.002545 -0.008949 -0.255253 -0.267304 -0.064852 -0.046644 0.080821 -0.756151 -0.110059 0.015639 0.144501 0.050050 0.407957 0.506396 0.918306 0.679732 0.240750 -0.561827 -0.386595 -0.553880 -0.125405 0.178984 0.247338 0.130095 0.418715 0.081757 0.049838 0.054180 -0.005875 0.291878 -0.076526 -0.325643 -0.293298 -0.412057 -0.096694 -0.168959 1.890162 1.397536 0.065107 0.029838 1.543136 3.125957 5.427590 8.539943 6.926104 6.065932 3.890986 2.233263 -0.212915 -0.406664 0.006512 0.000326 0.000142 0.999931 1.832843 0.692553 -0.021939 -0.009332
-0.013863 0.015786 -0.109860 -0.166127 -0.037262 -0.089756 0.127480 -0.500372 -0.156582 0.007473 0.207946 0.105426 0.334080 0.578229 0.862076 0.525923 0.181877 -0.438329 -0.219520 -0.282586 0.017162 0.088637 0.132427 0.020571 0.021610 0.022195 0.016901 0.022499 0.055242 0.650980 0.358916 0.080288 0.176006 -0.377125 0.335128 0.658726 0.013259 0.006337 0.006034 0.000199 0.935487 2.295744 4.339925 6.994739 7.193355 4.558779 1.186696 0.915603 0.017778 -0.000000 -0.000003 -0.000208 -0.000106 0.051541 0.929407 0.722401 0.532309 0.476769
-0.058316 0.012813 0.000071 -0.008843 0.008731 -0.106279 0.148644 -0.417782 -0.138235 -0.038931 0.183384 0.113691 0.345329 0.600512 0.889872 0.405421 -0.013680 -0.483693 -0.146658 -0.184657 0.076986 0.019316 0.000397 0.009089 0.000326 0.000852 0.017048 0.006075 0.006421 0.029655 0.019987 0.001555 0.028711 -0.024589 1.072914 0.008192 0.000000 0.000000 0.000000 -0.055843 0.883739 2.843852 5.035534 7.732149 7.616610 5.118100 1.562316 1.313174 0.215217 -0.071868 -0.006761 -0.007134 -0.101487 0.081129 0.666319 0.243427 0.642330 1.178380
-0.017446 -0.001654 -0.014039 0.006175 0.018579 0.018587 0.204222 -0.241614 -0.083831 -0.044554 0.168689 0.088493 0.442919 0.521527 0.998561 0.363903 -0.131325 -0.335435 -0.019374 -0.027467 0.123127 -0.001126 0.000347 -0.000003 -0.000208 0.000724 0.001544 0.000000 0.000000 0.000178 0.000005 -0.000076 0.002556 0.009031 0.013133 0.000512 -0.009776 -0.007076 -0.011703 0.020026 1.237756 3.231213 4.966683 7.631737 7.522539 4.948965 1.919601 1.325449 0.352095 0.137789 -0.185487 -0.206834 0.115750 0.021654 0.404168 -0.073339 1.194879 2.555634
-0.000028 -0.001024 0.004412 0.066950 -0.013424 0.016056 0.025980 0.020323 0.125586 -0.010432 0.185560 0.212056 0.510252 0.305487 1.026715 0.193095 -0.108806 -0.186012 0.086779 0.088199 0.153928 0.005345 0.000006 -0.008746 -0.014182 -0.002829 -0.002467 -0.012736 -0.006438 -0.000347 -0.006014 -0.096220 -0.000252 0.000000 0.000000 -0.000137 -0.040800 -0.119139 -0.124959 -0.025395 1.358992 2.950284 4.968871 6.858245 5.673295 4.450376 1.675330 1.369472 0.496200 0.111976 -0.142574 0.011957 0.176430 0.129626 0.171259 0.035491 0.952035 1.050279
-0.000973 0.097782 0.103665 0.108763 -0.085061 -0.097547 0.085832 0.144271 0.094304 0.026317 0.261721 0.239825 0.733108 0.070874 0.006202 0.093192 0.099208 0.014465 0.012174 0.011446 0.019816 0.003888 -0.000643 -0.030874 -0.038465 -0.030214 -0.025473 -0.028067 -0.024823 -0.017689 -0.016067 -0.028848 -0.097626 -0.005460 -0.015632 -0.173679 0.037213 -0.038961 -0.043750 0.030174 1.389553 2.861559 4.583729 6.511180 5.168941 3.401184 1.620747 1.403096 0.625579 0.081729 -0.179152 0.097602 0.307334 0.329838 0.112579 0.612807 0.193227 0.933160
-0.034615 0.112358 0.088956 0.097249 -0.057201 -0.120056 0.062048 0.093127 0.089014 0.003818 0.262073 0.232646 0.520510 0.000830 0.001651 0.004786 0.001738 0.029949 0.014288 0.012910 0.000222 0.001327 -0.001864 -0.135420 -0.263119 -0.179524 0.108362 -0.006218 -0.103481 -1.037953 -0.639756 0.012697 0.098892 0.198317 0.004785 0.245240 0.046176 -0.004222 -0.009857 0.296291 1.400058 3.063293 4.620879 6.506285 4.777482 3.002617 1.687177 1.188472 0.440867 0.188950 -0.043721 0.123129 0.600151 0.740525 0.428610 0.095795 0.116659 0.523716
-0.076682 0.053212 0.021219 0.023561 -0.075230 -0.144953 0.001354 0.000569 0.000393 -0.000799 0.172492 0.209598 0.549182 0.000681 0.002522 0.018174 0.002609 0.061688 0.003171 -0.001200 -0.000222 -0.002672 -0.001695 -0.047245 -0.243342 -0.018367 0.115152 -0.001598 -0.031267 -0.784007 -0.291456 0.042721 0.200228 0.288112 0.136242 0.279840 0.091496 0.021497 0.020726 0.728553 1.805893 3.431350 4.474441 6.101013 5.032233 2.982237 1.555000 1.152790 0.508943 0.309252 0.239367 0.118702 0.897897 1.598542 0.580559 0.234708 0.256505 0.385664
-0.088676 0.009995 -0.013739 -0.012662 -0.084876 -0.163581 -0.032971 -0.000247 -0.000331 0.020500 0.252921 0.303429 0.527145 0.000353 0.001209 0.005450 0.000743 0.007089 -0.000062 -0.009232 -0.027767 -0.003753 -0.144237 -0.039886 -0.216504 0.002044 0.000069 0.000000 -0.000441 -0.769776 -0.180869 0.110198 0.228347 0.298187 0.166083 0.276397 0.090067 0.092086 0.101853 1.363929 2.079315 2.761198 3.567034 4.793976 3.633854 2.842762 1.705566 1.239623 0.615345 0.637897 0.439829 0.143076 0.179625 0.690033 0.466674 0.273860 0.371411 0.553822
-0.240918 -0.059831 -0.079758 -0.078668 -0.088569 -0.163958 -0.031670 -0.000554 -0.063062 0.210366 0.458353 0.284983 0.261587 0.000065 0.000065 0.000000 -0.000250 -0.000010 -0.000000 -0.002613 -0.204027 -0.117849 -0.197214 0.019138 -0.085092 0.109689 -0.000479 -0.005830 0.032233 -0.533561 -0.135459 0.144840 0.277235 0.335259 0.159929 0.275622 0.080575 0.144344 0.154383 1.577941 2.032645 2.702389 3.491871 4.674611 3.605866 1.999234 1.076268 0.684195 0.446511 0.764559 0.784915 0.254216 0.000018 0.025880 0.032295 0.205073 0.479446 0.561364
-0.204237 -0.070887 -0.078221 -0.086003 -0.080146 -0.217190 -0.046346 -0.102090 0.055562 0.299243 0.386402 0.274704 0.018606 -0.000124 -0.000556 -0.005378 -0.020157 -0.009307 -0.011574 -0.050122 -0.160066 -0.098966 -0.168018 0.043812 -0.045953 0.000222 0.019253 -0.231395 0.097027 -0.378797 -0.051496 0.138972 0.251509 0.277522 0.206699 0.280172 0.140956 0.198978 0.268066 1.401116 1.914371 2.611074 3.401980 4.600177 3.621719 2.057236 1.225344 0.689786 0.389601 0.755888 0.537385 0.275895 0.033245 0.021238 -0.044823 0.001807 0.020044 0.035014
-0.198745 -0.085144 -0.103385 -0.104870 -0.105326 -0.201496 -0.076539 -0.129552 0.091988 0.274279 0.321985 0.332112 0.250284 -0.144837 -0.014299 -0.022117 -0.029294 -0.160240 -0.190754 -0.038275 -0.116065 -0.106813 -0.240829 0.059153 -0.003037 -0.000222 0.031655 -0.170048 0.080879 -0.286264 -0.001378 0.155682 0.352188 0.304097 0.240799 0.368317 0.195626 0.232710 0.312969 1.438504 1.760936 2.622338 3.247804 5.199250 4.367731 2.723029 1.715948 0.827417 0.345750 0.812361 0.461614 0.465468 0.015299 0.075442 -0.010893 0.000046 0.000391 0.000793
