use_cases/Flooding_chicago/flooding_data/output/hUy_1860.asc
ncols 337
nrows 393
xllcorner 428428.000000
yllcorner 4602440.000000
cellsize 26.757400
NODATA_value -9999.000000
[rows 208 to 233 of 393, columns 232 to 289 of 337]
0.001062 -0.002029 -0.006555 -0.002176 -0.039722 -0.025552 -0.013608 -0.004766 -0.036950 -0.019632 0.193535 -0.342074 0.779255 1.184829 1.349292 1.262226 0.878563 0.993475 1.066783 -0.038157 0.060498 0.142447 0.290548 0.386387 0.169301 0.617371 0.108498 -0.121024 -0.204624 -0.185893 0.345075 0.837548 1.827392 1.485315 1.246167 0.840113 0.077122 -0.000817 -0.003946 -0.010194 -0.021049 0.116946 0.583295 0.274926 1.331337 1.929265 1.867348 0.900611 0.991440 0.929619 -0.000766 0.000015 0.718209 -0.064245 0.216584 -0.104753 -0.057915 0.123611
-0.000587 -0.001748 -0.003458 -0.026235 -0.479685 -0.057743 -0.006806 -0.003222 -0.013084 -0.011684 0.609591 0.405655 1.590227 1.163898 1.628309 1.116022 0.753714 1.456155 1.280136 -0.271467 -0.581506 -0.141904 0.274578 0.477179 0.099023 1.163295 0.357547 -0.053032 -0.184928 -0.366899 0.310932 0.897923 1.506292 1.238400 1.060083 0.614255 0.009908 0.001641 -0.020093 -0.044899 -0.026074 0.217136 0.588580 0.424756 1.486892 1.625150 1.917177 0.960064 1.039986 0.997681 0.000542 0.002757 0.028830 -0.074748 0.445078 0.355239 0.428318 0.013977
-0.004447 -0.001239 -0.001618 -0.523529 0.230094 0.085310 0.026074 -0.003209 0.517366 0.892882 1.002282 0.989438 1.684480 0.982846 0.909427 0.697929 0.081821 1.275013 0.696653 0.146446 -0.055693 -0.148659 0.369761 0.707234 0.733236 0.862676 0.440095 -0.067008 -0.208721 -0.128374 0.253087 0.524730 0.638819 0.994251 0.570132 0.494878 0.008320 0.004002 -0.002436 -0.005475 0.082531 0.191325 0.794690 0.538933 1.681159 0.898147 1.092290 1.049834 1.092088 1.061661 0.000003 0.000208 0.007647 0.005314 0.095424 0.054780 0.072662 0.000790
-0.287286 -0.062393 0.006532 0.261277 0.808548 0.703107 0.375701 0.171204 0.536164 1.320860 1.239840 1.515492 1.578973 1.041946 0.726943 0.207293 0.099074 1.207738 0.098102 0.017708 -0.008505 0.031766 0.722929 1.282504 0.241803 0.144462 0.028134 -0.250644 -0.264794 0.094850 0.274508 0.394389 0.420850 0.863612 0.482879 0.011326 0.008955 0.000965 0.000473 0.000013 0.079219 0.278215 0.694353 0.587858 0.868871 0.979088 1.073265 1.017211 1.749437 1.030512 0.003922 -0.000326 0.009748 0.008670 0.006514 0.047663 0.001320 -0.000115
-0.051568 0.028071 0.025083 0.602379 0.718735 0.583423 0.261277 0.236622 0.232687 0.588078 0.603503 0.648135 0.646843 1.238844 0.451315 0.282262 0.019224 0.779995 0.071493 -0.000569 -0.014882 0.106715 0.831750 1.376988 0.000764 0.000019 -0.002901 -0.107285 -0.229749 0.239347 0.343620 0.326814 0.252148 0.348852 0.384692 0.001111 0.000270 -0.000000 -0.000270 0.115523 0.183528 0.175971 0.123974 0.035269 0.886147 1.428003 1.480857 1.345930 1.385737 1.329301 0.010401 -0.001209 0.051800 0.000595 -0.018272 0.002979 -0.000091 -0.000859
0.216699 0.122078 0.002974 0.344713 0.326086 0.123874 0.192913 0.181237 0.220031 0.222177 0.574244 0.719301 0.835412 0.402991 0.446280 0.286403 -0.019013 0.607843 0.099748 0.346894 -0.154890 0.064156 0.866977 1.203397 0.000530 0.025872 0.000779 -0.273283 0.051245 0.400585 0.469815 0.292994 0.093899 0.063097 0.003370 -0.008182 -0.000473 -0.000965 -0.007880 0.177790 0.204461 0.229903 0.153894 0.571449 0.694481 1.199353 1.169180 1.369506 1.075901 0.945060 0.002394 -0.001308 0.057513 -0.008457 -0.030139 -0.002649 -0.003057 -0.007132
0.533482 0.394333 0.151395 0.235355 0.033768 -0.129229 -0.025787 0.070763 0.132756 0.214898 0.221449 0.795271 0.965392 0.115548 0.046117 0.033863 0.074198 0.753084 0.212174 0.717214 -0.268911 -0.019846 0.678903 1.571236 -0.000590 0.079067 0.140678 -0.006134 0.050154 0.488994 0.585036 0.316244 -0.084757 -0.330110 -0.007737 -0.006911 -0.050556 -0.006667 0.140671 0.692691 0.801292 0.682216 0.663841 0.590029 0.390777 1.144859 1.016842 1.274343 0.845861 0.732668 -0.008645 -0.001145 0.042758 -0.005222 -0.008196 -0.003773 -9999.000000 -9999.000000
0.908974 0.876447 0.500948 0.586708 0.246052 -0.015512 -0.050490 0.041404 0.075111 0.183546 0.286767 0.328946 0.310307 0.217756 0.001109 0.009886 0.001027 0.363644 0.316243 0.408676 -0.165315 0.185914 0.976242 1.111781 0.204770 0.100871 0.198324 0.464196 -0.069718 0.974477 0.526721 0.029975 -0.068709 -0.469917 -0.162783 0.093048 0.096933 0.019112 0.060384 1.146304 0.766083 0.717904 0.734052 0.084784 0.304087 1.193886 1.351998 0.955841 0.741554 0.294277 -0.007985 0.000000 0.000000 -9999.000000 -9999.000000 -9999.000000 -9999.000000 -9999.000000
0.016119 0.020985 0.130146 0.066528 0.073706 0.620227 0.551118 0.217638 0.086903 0.178282 0.274897 0.385670 0.366828 0.186327 0.000366 0.000000 0.000213 0.530434 0.567498 0.191836 0.063979 0.079962 1.082051 1.076550 0.335304 0.058255 0.046514 0.089480 -0.125534 0.809649 0.437708 0.025861 0.043615 -0.397752 -0.138868 0.182362 0.377383 0.112661 0.283803 0.586196 0.731896 0.516268 0.299332 0.048180 0.590786 1.331518 0.881437 1.073537 0.363662 0.001852 -0.006973 -0.002580 -9999.000000 -9999.000000 -9999.000000 -9999.000000 -9999.000000 -9999.000000
0.000326 0.007073 0.033732 0.130408 0.141731 0.109470 0.080470 0.056080 0.018841 0.191539 0.248720 0.390863 0.363255 -0.000031 -0.000576 -0.002799 -0.000526 0.562920 0.730300 0.000360 0.000360 0.020039 1.155716 0.429312 0.106969 0.010142 0.031100 0.033661 0.021683 0.232756 0.002411 0.002028 0.001235 0.000696 -0.122961 0.336057 0.618073 0.023478 0.462299 0.410202 0.509480 0.759936 0.489314 0.332020 1.570058 1.623725 0.996410 1.048354 0.026311 -0.001096 -9999.000000 -9999.000000 -9999.000000 -9999.000000 -9999.000000 -9999.000000 -9999.000000 -9999.000000
-0.000208 0.028712 0.020879 0.085952 0.215803 0.009667 0.013667 0.010560 0.037780 0.266963 0.238514 0.377287 0.297200 0.177369 -0.001521 -0.002797 -0.144230 0.632276 1.321356 -0.000360 -0.000360 0.065533 1.551652 0.087629 0.057003 0.050894 0.038285 0.004416 0.008587 0.017157 -0.039527 -0.000556 -0.000603 -0.000357 -0.000015 0.139303 0.192648 0.059205 0.062200 0.026724 0.248194 0.737243 0.769863 0.544916 1.303644 1.481733 1.073028 0.231936 0.000208 0.000003 -9999.000000 -9999.000000 -9999.000000 -9999.000000 -9999.000000 -9999.000000 -9999.000000 -9999.000000
0.108015 0.088224 0.106013 0.046839 0.054806 0.016656 0.024057 0.028030 0.075747 0.089800 0.036059 0.420595 0.214387 0.163636 0.325476 0.202874 -0.172604 0.333898 1.639072 0.494996 0.181000 0.846686 1.296162 0.828599 0.033206 0.046558 0.006135 -0.008195 0.466658 0.412094 0.116283 0.181284 -0.082805 -0.080338 -0.052729 0.057282 0.102679 0.000822 0.000525 0.000330 0.000189 0.945947 1.073736 0.001835 0.503280 0.604864 0.525716 0.225827 -0.000326 -9999.000000 -9999.000000 -9999.000000 -9999.000000 -9999.000000 -9999.000000 -9999.000000 -9999.000000 -9999.000000
0.190184 0.004454 0.016055 0.001161 0.000378 0.005975 0.022653 0.052740 0.044801 0.023967 0.060472 0.068569 0.263427 0.206498 0.021724 0.363173 -0.004315 0.703588 1.390739 0.678301 0.209977 0.370665 1.451588 0.102718 -0.000472 0.000190 0.013933 0.042199 0.910153 0.598588 0.025365 0.023472 -0.061364 0.035686 -0.007295 -0.032377 -0.659016 -0.001189 -0.001051 -0.000448 -0.000224 1.820625 0.843424 0.004953 0.610585 0.717600 0.617149 0.170006 -9999.000000 -9999.000000 -9999.000000 -9999.000000 -9999.000000 -9999.000000 -9999.000000 -9999.000000 -9999.000000 -9999.000000
0.020396 0.001010 0.000546 -0.000051 -0.000153 0.000107 0.000434 0.067747 0.071705 0.040043 0.030785 0.035652 0.067755 0.058030 0.015080 0.072607 0.353463 0.636824 1.539265 0.851861 0.000287 0.600144 0.356310 0.005817 -0.006072 -0.001600 0.020324 0.030205 0.229144 0.335557 0.001901 0.008823 0.055234 0.051622 0.045829 0.018349 -0.573583 -0.146531 0.522551 0.379126 1.087363 1.566178 0.753076 -0.341761 0.471175 0.707220 0.670498 0.000000 -9999.000000 -9999.000000 -9999.000000 -9999.000000 -9999.000000 -9999.000000 -9999.000000 -9999.000000 -9999.000000 -9999.000000
0.008877 0.002003 0.000544 -0.009579 -0.126985 -0.001072 -0.000494 0.076287 0.092872 0.036829 0.035327 0.068033 0.000208 0.000003 0.044846 0.031860 0.084916 0.663564 1.842294 0.880162 0.691698 0.742473 0.002081 0.001518 0.047017 0.001998 0.034868 0.032952 0.067279 0.375927 0.001544 0.001388 0.000554 0.001098 0.095280 0.029673 0.275286 0.344052 0.877297 0.578058 0.853647 1.022105 0.546977 -0.508160 0.429935 0.518285 0.009262 -9999.000000 -9999.000000 -9999.000000 -9999.000000 -9999.000000 -9999.000000 -9999.000000 -9999.000000 -9999.000000 -9999.000000 -9999.000000
0.000925 0.001103 0.000206 -0.071358 -0.122570 -0.087862 -0.000627 0.071261 0.108738 0.000003 0.000208 0.067008 -0.000326 -0.087832 0.055720 0.059982 0.035393 0.640797 1.372914 1.164166 1.023402 0.043534 0.005077 0.002576 0.141757 0.009127 0.031634 0.069315 0.131586 0.148357 0.002959 0.001152 -0.000183 0.003635 0.206039 0.032644 0.531458 1.072779 1.371002 0.350201 0.190497 0.134327 0.498568 -0.465478 0.273343 0.238840 0.000000 -9999.000000 -9999.000000 -9999.000000 -9999.000000 -9999.000000 -9999.000000 -9999.000000 -9999.000000 -9999.000000 -9999.000000 -9999.000000
0.001268 0.001243 0.000146 0.070454 -0.084000 -0.107512 -0.127226 0.031609 0.105387 -0.134142 -0.000326 0.062430 0.163470 -0.074485 0.049001 0.069669 0.066218 0.997905 1.025831 0.445902 0.355826 0.010339 0.009766 0.003612 0.057363 0.005986 0.032560 0.129113 0.062806 0.023421 0.002655 -0.000495 0.010224 0.007667 0.393978 0.554596 1.143792 0.671848 0.654704 0.420746 0.008249 0.005468 0.040824 0.134063 0.338989 0.037182 -0.001269 -9999.000000 -9999.000000 -9999.000000 -9999.000000 -9999.000000 -9999.000000 -9999.000000 -9999.000000 -9999.000000 -9999.000000 -9999.000000
0.002270 0.001208 0.000563 0.005872 0.008843 -0.107597 -0.019074 -0.081808 0.285786 -0.003125 0.044898 0.169857 0.174586 -0.052659 0.125084 0.311102 0.556371 1.052031 1.100925 0.018703 0.026501 0.021890 0.012097 0.004263 0.020211 0.004449 0.001038 0.199729 0.080808 0.025762 0.023773 -0.022025 -0.007655 -0.001945 0.658143 0.931040 1.384868 0.864676 0.047014 0.045794 0.033118 0.011120 0.017685 0.043627 0.578736 -0.068389 -0.001008 -9999.000000 -9999.000000 -9999.000000 -9999.000000 -9999.000000 -9999.000000 -9999.000000 -9999.000000 -9999.000000 -9999.000000 -9999.000000
0.010441 0.001663 0.001578 0.000337 0.157265 -0.087908 0.064197 -0.230904 0.495514 0.020107 0.047719 0.174463 0.201570 -0.030268 0.288113 0.541797 0.895364 0.976779 0.054422 0.030745 0.043975 0.025396 0.009577 0.000983 0.000074 0.001329 -0.000980 0.306793 0.085934 0.023206 0.104775 -0.026730 -0.023020 -0.010134 0.931451 0.992774 0.348712 0.244816 0.010865 0.017726 0.015828 0.006318 0.002666 0.002795 0.071044 0.001044 -9999.000000 -9999.000000 -9999.000000 -9999.000000 -9999.000000 -9999.000000 -9999.000000 -9999.000000 -9999.000000 -9999.000000 -9999.000000 -9999.000000
0.004308 0.000724 0.000129 0.000040 0.258596 0.004262 0.251051 -0.104635 0.503149 0.083042 0.040368 0.255907 0.276930 -0.036421 0.459497 0.628388 0.899388 0.160230 0.085649 0.021330 0.061245 0.025438 0.003034 -0.002582 -0.002670 0.000641 0.005663 0.356190 0.000765 0.000903 0.008122 -0.015093 -0.107940 0.064451 0.946004 1.198130 0.010001 0.010839 0.000848 0.001603 0.000944 0.008935 0.003606 0.005246 0.001893 0.000679 -9999.000000 -9999.000000 -9999.000000 -9999.000000 -9999.000000 -9999.000000 -9999.000000 -9999.000000 -9999.000000 -9999.000000 -9999.000000 -9999.000000
0.000208 0.000003 -0.000061 -0.000139 0.029456 0.009635 0.015222 0.104392 1.102440 0.140444 0.145530 0.206920 0.193083 0.141445 0.773729 0.883956 0.979828 0.008019 0.010024 0.001129 0.093098 0.025983 -0.001543 -0.020039 -0.006039 -0.002234 0.000449 0.298358 0.000095 -0.000280 -0.000012 -0.001887 0.016074 0.053100 1.202362 1.600802 0.017487 0.010565 0.000030 0.000204 0.000407 0.007343 0.003089 -0.003444 -0.001596 -0.000821 -9999.000000 -9999.000000 -9999.000000 -9999.000000 -9999.000000 -9999.000000 -9999.000000 -9999.000000 -9999.000000 -9999.000000 -9999.000000 -9999.000000
-0.000326 -0.005982 -0.000291 -0.000385 -0.000001 0.000197 0.000009 0.058500 0.309147 0.014361 0.000799 0.540797 0.221912 0.242158 0.212527 0.200985 0.202055 0.000360 0.000360 0.000200 0.111683 0.000402 -0.002614 -0.006755 -0.045027 -0.011682 -0.002164 0.267072 -0.068003 -0.000826 -0.006699 0.005703 0.010065 0.108701 0.924863 1.250138 -0.070457 -0.004126 -0.000826 -0.001578 -0.001081 0.000249 0.000291 -0.005350 -9999.000000 -9999.000000 -9999.000000 -9999.000000 -9999.000000 -9999.000000 -9999.000000 -9999.000000 -9999.000000 -9999.000000 -9999.000000 -9999.000000 -9999.000000 -9999.000000
-0.000118 -0.014689 -0.001014 -0.050594 -0.001276 -0.000816 0.124561 0.120503 0.075937 0.029859 -0.049046 0.447137 0.327482 0.208753 0.208783 0.175407 0.158607 -0.000360 -0.000360 -0.000186 0.102833 -0.000027 0.000000 -0.002032 -0.026779 0.891782 0.916113 0.872954 0.003212 0.116117 -0.016037 -0.203958 -0.269567 0.289120 0.623915 0.740292 -0.109656 -0.629924 -0.046561 -0.103669 -0.009190 -0.000724 -0.000441 -9999.000000 -9999.000000 -9999.000000 -9999.000000 -9999.000000 -9999.000000 -9999.000000 -9999.000000 -9999.000000 -9999.000000 -9999.000000 -9999.000000 -9999.000000 -9999.000000 -9999.000000
0.000865 -0.001016 0.001413 -0.047773 -0.016725 0.099147 0.117253 0.101201 0.066087 0.017356 -0.244089 0.353274 0.255974 0.390996 0.500071 0.140254 0.122103 -0.001928 -0.012076 -0.001224 0.080110 -0.028709 -0.003663 -0.000570 0.187301 1.655569 1.691853 1.615480 0.925726 0.614708 0.169515 -0.960869 -0.874605 0.379120 0.332251 0.078022 -0.165780 -0.551495 -0.298220 -0.699731 -0.007237 -9999.000000 -9999.000000 -9999.000000 -9999.000000 -9999.000000 -9999.000000 -9999.000000 -9999.000000 -9999.000000 -9999.000000 -9999.000000 -9999.000000 -9999.000000 -9999.000000 -9999.000000 -9999.000000 -9999.000000
0.000000 0.000474 0.020288 0.001532 0.007938 0.191820 0.102980 0.069023 0.034256 -0.002323 -0.213792 0.254443 0.264472 0.463577 0.559955 0.151346 0.000680 -0.001330 -0.323549 -0.089562 0.215437 0.011625 -0.072888 0.158305 0.345925 1.324167 1.409384 1.190078 0.810828 0.360804 0.109474 -0.395616 -0.626502 0.121904 0.143742 -0.157231 -0.042905 -0.316727 -0.177934 -9999.000000 -9999.000000 -9999.000000 -9999.000000 -9999.000000 -9999.000000 -9999.000000 -9999.000000 -9999.000000 -9999.000000 -9999.000000 -9999.000000 -9999.000000 -9999.000000 -9999.000000 -9999.000000 -9999.000000 -9999.000000 -9999.000000
0.002558 0.002799 0.029993 0.000978 0.132678 0.327836 0.118075 0.062000 0.024438 0.122213 0.002037 0.212637 0.158337 0.366509 0.512425 0.005790 0.000194 0.116854 0.019420 0.047079 0.250091 -0.071037 -0.025194 0.085495 0.028250 0.998605 1.140446 1.073869 0.373409 0.146510 0.076562 0.025668 -0.352364 0.005983 0.007522 0.217057 0.254759 -0.123594 -0.109496 -9999.000000 -9999.000000 -9999.000000 -9999.000000 -9999.000000 -9999.000000 -9999.000000 -9999.000000 -9999.000000 -9999.000000 -9999.000000 -9999.000000 -9999.000000 -9999.000000 -9999.000000 -9999.000000 -9999.000000 -9999.000000 -9999.000000
