use_cases/Flooding_chicago/flooding_data/output/hUy_1560.asc
ncols 337
nrows 393
xllcorner 428428.000000
yllcorner 4602440.000000
cellsize 26.757400
NODATA_value -9999.000000
[rows 208 to 233 of 393, columns 58 to 115 of 337]
0.031094 0.122822 0.150464 -0.535622 -0.199903 -0.315925 0.083218 0.000178 0.000000 0.000000 0.119578 0.269631 0.504106 -1.038941 -1.141029 -0.036604 -0.034120 -0.058220 -0.370129 -0.385634 -0.416067 -0.135205 -0.001965 -0.020505 -0.002654 -0.006331 -0.012818 0.020919 0.039809 -0.031245 -0.001482 0.068109 -0.205618 -0.218669 -0.010836 0.373243 0.600521 0.081119 0.144216 0.459925 0.770168 0.505623 0.854123 1.582760 0.956963 0.356904 0.264263 0.027308 0.119625 0.006063 0.010281 0.017740 0.005170 0.001605 0.000236 -0.000345 -0.000367 -0.000718
-0.045939 0.097517 0.050075 -0.432339 -0.270372 -0.304574 0.061127 -0.000347 -0.034269 -0.036585 0.000475 0.311040 0.409461 -0.229017 -0.385492 0.234581 -0.567820 -0.440103 -0.622060 -0.249894 0.044270 0.080924 0.167720 -0.009961 -0.024747 -0.014948 -0.210513 0.278819 0.067701 0.008061 0.123247 0.114891 -0.246706 -0.277235 -0.010231 0.557783 0.855076 0.123586 0.131064 0.272069 0.474074 0.468631 0.550909 1.251603 1.016230 0.470481 0.392927 0.072275 0.106940 0.010339 0.002386 0.000360 0.000360 -0.009451 -0.003930 -0.037622 -0.040092 -0.010883
-0.126725 -0.038176 -0.007419 -0.414600 -0.274464 -0.508750 0.004952 -0.034280 -0.065185 0.041486 0.006308 0.000205 -0.087557 -0.007848 -0.106915 0.443060 -0.629669 -0.364191 -0.581363 0.022412 0.011951 0.150882 0.141008 0.110193 -0.099475 -0.002998 -0.169550 0.270611 0.059514 0.072336 0.055666 0.161857 -0.217912 -0.286212 -0.022035 0.541691 0.603520 0.048210 0.150124 0.321939 0.463949 0.449882 0.521481 1.251119 1.046894 0.580900 0.376355 0.040868 0.106402 0.084513 0.010940 -0.000360 -0.000360 -0.011530 -0.008566 -0.334769 -0.259201 -0.231152
-0.147884 -0.124809 -0.006678 -0.384736 -0.259468 -0.511808 -0.015494 0.013289 -0.027216 0.226569 0.017637 -0.001318 -0.391499 0.057889 0.073342 0.421637 -1.153149 -0.375162 -0.260005 0.006780 0.020007 0.021246 0.031669 0.137566 0.011215 0.001740 -0.079880 0.325896 -0.003394 0.142833 0.083988 0.270953 -0.037648 -0.335467 -0.096635 0.389935 0.489764 0.046906 0.050050 0.325169 0.415984 0.541896 0.809001 1.541177 1.290039 0.604624 0.773091 -0.011565 0.002868 0.024884 0.052425 0.000493 -0.035920 -0.513427 -0.358035 -0.336352 -0.512973 -0.876781
-0.111312 -0.097688 -0.048609 -0.367941 -0.260246 -0.526205 -0.023461 -0.003255 0.025200 0.423901 -0.060546 -0.226453 -0.360289 0.659347 0.711916 0.713420 -0.313919 0.028322 0.000468 0.019812 0.008632 0.055828 -0.031043 0.157612 0.021084 0.005107 -0.020990 0.259102 -0.013610 0.002047 0.099570 0.417936 0.165022 0.103008 -0.151318 0.246925 0.337888 0.034454 0.044917 0.309411 0.502355 0.480272 0.741410 1.633674 1.161690 0.679037 0.463820 -0.005064 0.000906 0.001424 0.017679 0.002100 -0.240681 -0.650798 -0.504853 -0.384326 0.039961 0.032448
-0.108607 -0.102108 -0.138105 -0.277832 -0.212876 -0.405527 -0.045508 -0.034384 -0.009115 0.935910 -0.299303 -0.848964 -0.339719 0.003663 0.007171 0.085782 0.080229 0.009124 0.000681 0.029218 0.012343 0.047102 0.019147 0.017294 0.000376 0.006622 0.020298 0.020929 0.000503 0.003544 0.000627 0.628037 0.195983 0.158369 -0.030181 0.211289 0.290367 0.023617 0.154194 0.431410 0.519917 0.441551 0.754479 1.356074 1.239217 0.536580 0.579149 0.000110 -0.000022 -0.000510 0.000000 0.000000 -0.006967 -0.747275 -0.661452 0.000179 0.001574 0.013976
-0.227432 -0.233884 -0.124104 -0.138034 -0.136537 -0.484688 -0.035736 -0.032896 -0.167560 1.145979 -0.186198 -0.402543 0.021661 0.000000 0.000000 0.000673 0.002457 0.000433 0.000711 0.030694 0.001800 0.010764 0.000806 0.000035 -0.000142 -0.000020 -0.000001 -0.000004 -0.000149 -0.000005 -0.000174 0.801815 0.007911 0.010177 0.204890 0.186988 0.196655 0.043901 0.181140 0.372554 0.321339 0.287097 0.577036 1.306352 1.387538 1.005638 0.780356 -0.001011 -0.014801 -0.022705 -0.006684 -0.007180 -0.552581 -0.609303 -0.581298 0.000664 0.000899 0.000222
-0.221119 -0.243494 -0.094801 -0.040118 -0.009724 -0.303143 -0.002198 0.017408 -0.232418 1.384346 0.030872 0.005371 0.010264 -0.000576 -0.005264 -0.002159 -0.003105 -0.000329 -0.000527 0.000582 0.000391 0.000000 -0.000167 -0.004343 -0.065544 0.009066 0.009984 0.001653 0.014342 0.032286 0.128142 0.580611 0.022166 0.026896 0.052603 0.046491 0.037198 0.150089 0.183647 0.199586 0.183210 0.144593 0.516932 1.131883 1.585405 0.960095 1.555058 0.524960 -0.324833 -0.400671 -0.307233 -0.241862 -0.515978 -0.340903 -0.456191 0.000473 0.000174 -0.000222
-0.188816 -0.160136 -0.000368 0.062493 -0.157778 -0.268660 0.003523 0.001165 0.000033 0.494392 0.010692 0.000080 -0.000012 -0.000570 -0.001812 -0.039820 -0.085068 -0.014381 -0.006857 -0.001026 -0.001919 -0.006437 -0.000809 -0.038256 0.050813 0.016804 0.012328 -0.001471 0.026949 0.079289 0.311526 0.385292 0.054297 0.065749 0.024232 0.029254 0.040297 0.005863 0.009860 0.083445 0.123633 0.018177 0.501060 1.267684 1.646972 1.073679 1.742841 1.254303 0.144760 -0.314130 -0.419810 -0.216781 -0.476071 0.025491 0.000791 0.000299 -0.001830 -0.025050
-0.117715 -0.181321 0.076645 0.286702 0.005780 -0.004985 0.010399 0.003171 0.304113 0.441668 0.046369 -0.000717 -0.008973 -0.007167 -0.097471 -0.080530 -0.192631 -0.018852 -0.002688 -0.000812 -0.038249 -0.036908 -0.001447 0.047855 0.069014 0.000778 0.001030 0.015556 0.058385 0.182541 0.016360 0.037795 0.127329 0.034296 0.014220 0.010098 0.016436 0.000645 0.000821 0.009355 0.013185 0.065984 0.863450 1.316823 0.332296 0.361658 1.671156 1.365740 0.971165 0.887241 -0.173866 0.018887 0.000268 0.000133 -0.001211 -0.003838 -0.026180 -0.085816
-0.109898 -0.391753 0.151608 0.673299 0.310599 -0.001504 0.004049 0.009776 0.312716 0.049942 0.046177 -0.104495 -0.108364 -0.086994 -0.069089 -0.033524 -0.079750 0.066066 -0.001760 0.000343 -0.200333 -0.003927 0.000832 0.000447 0.124667 0.000184 0.001421 0.041553 0.156231 0.018165 0.000471 0.043186 0.031822 0.032606 0.000381 0.000780 0.000847 0.000314 0.002328 0.043562 0.044019 0.016921 0.310606 0.400620 0.496157 0.504461 0.393357 0.394251 0.506224 0.622484 0.122036 0.064838 -0.000469 -0.000836 -0.010239 -0.062017 -0.085081 -0.565484
-0.201783 -0.429708 0.165813 1.049165 0.856230 0.047873 0.002418 0.009245 0.025832 0.065430 0.039595 -0.019102 -0.030647 -0.019469 -0.027605 0.031251 0.005623 0.000926 0.000302 0.009691 -0.140500 -0.000013 -0.000308 -0.000295 0.000195 -0.082927 0.001102 0.004926 0.035782 0.009485 0.000691 0.066282 0.000026 0.000538 -0.000387 -0.000804 -0.000853 -0.000610 0.005936 0.018907 0.012304 0.001055 0.100507 0.463856 0.560755 0.552244 0.382462 0.118677 0.250306 0.474801 0.266658 0.109274 0.029781 -0.001427 -0.122448 -0.196457 -0.152129 -0.606268
-0.144883 -0.391729 0.185733 1.341285 1.012678 0.047843 -0.002664 -0.002819 0.013376 0.111993 0.019469 -0.006721 -0.028718 -0.010043 -0.011001 0.085955 0.103713 0.000815 0.000794 0.020020 -0.180048 -0.012862 -0.000771 -0.004466 -0.000713 -0.089630 -0.000318 0.002040 0.009008 0.000989 0.000652 0.050951 -0.019144 -0.001063 -0.011612 -0.010418 -0.021098 -0.013691 -0.000699 -0.000024 -0.000001 0.000207 0.236277 0.236865 0.630947 0.643975 0.094331 0.190867 0.291979 0.659367 0.113938 0.144343 0.046170 0.008212 -0.121401 0.004091 -0.218869 0.005510
-0.039001 -0.277521 0.261948 1.314685 1.129052 0.177557 -0.036313 -0.020216 -0.006465 0.005800 0.000788 -0.022751 -0.028193 0.000185 -0.000008 0.056763 0.128618 -0.000087 0.000000 0.000215 -0.068082 -0.460837 -0.492672 -0.003133 -0.112378 -0.070446 0.013357 -0.000000 -0.000003 -0.000071 -0.000351 0.004973 -0.001813 -0.000898 -0.028431 -0.024020 -0.059435 -0.032087 0.027072 0.054495 0.070702 0.046121 0.278005 0.855624 0.285251 0.210036 0.008835 0.034698 0.085283 0.766841 0.169471 0.357287 0.029812 -0.003478 -0.001559 0.031853 -0.112898 0.001520
0.009835 -0.139333 0.426638 0.881929 0.636525 0.365457 0.010915 0.000062 0.000140 0.000222 0.000047 -0.040574 -0.050507 -0.000342 -0.100135 0.019197 0.140103 0.013992 -0.009308 -0.000709 0.008158 -0.631291 -0.464993 0.599117 0.083888 0.262661 0.256328 0.021094 0.005049 -0.001015 -0.000838 -0.046346 0.015156 -0.000516 -0.003964 -0.050579 -0.027075 -0.010085 0.113435 0.141566 0.174430 0.174851 0.439667 0.663897 0.322057 0.004883 0.015850 0.000000 0.150713 0.145223 0.416166 0.296906 0.063001 -0.055061 0.009832 0.084788 0.040365 0.008125
0.085278 -0.135507 0.054228 0.975686 0.636335 0.510658 0.117343 -0.000062 -0.000140 -0.000222 -0.000195 -0.603425 -0.401565 -0.387619 -0.225708 0.178952 0.389696 0.095535 0.049921 0.017759 0.134847 -0.534207 -0.487575 0.201194 0.057085 0.055670 0.115433 0.059601 0.015339 -0.003352 -0.012036 -0.048254 0.000000 0.002185 -0.003572 -0.017663 -0.017288 -0.006337 0.164069 0.143868 0.171137 0.225682 0.473304 0.661960 0.260874 0.000669 0.005483 0.027928 0.112719 0.145054 0.335826 0.290213 0.115698 -0.060700 0.001091 0.008293 0.128222 0.032217
0.010225 0.000000 0.086882 0.902609 0.569703 0.171068 0.219913 0.174392 -0.047443 -0.100279 -0.156745 -0.776980 -0.439949 -0.397455 0.065734 0.041065 0.324087 0.024003 0.163693 -0.045651 0.303523 -0.106237 -0.195826 0.016956 0.000222 0.050691 0.004082 0.012029 0.072690 -0.003009 -0.008517 -0.030865 -0.001235 0.003656 -0.001563 -0.017745 -0.080405 -0.182043 0.175178 0.158572 0.178754 0.225356 0.418478 0.556186 0.135458 0.012683 0.073464 0.038673 0.116380 0.140676 0.350008 0.359203 0.265983 0.093686 0.000102 0.000507 0.000983 0.046119
0.017965 0.062251 0.135210 0.861261 0.597555 0.160937 0.129823 0.035751 -0.638608 -0.629619 -0.739124 -0.733634 -0.316755 -0.296418 0.316444 0.040838 0.303893 -0.072641 0.271631 -0.030971 0.487123 0.159349 0.267287 0.052026 -0.000222 0.003479 0.001123 0.010343 0.074787 0.012251 0.000408 -0.013478 0.001715 -0.000849 -0.001461 0.019330 -0.076297 -0.049178 0.146723 0.172399 0.187550 0.166481 0.319003 0.438886 0.029941 0.062133 0.264618 0.065193 0.135356 0.151842 0.164979 0.222512 0.250154 0.263604 -0.000286 -0.000240 0.000060 0.003058
0.441350 0.080916 0.160589 0.212388 0.185376 0.079588 -0.018168 -0.083971 -0.394417 -0.406683 0.007693 -0.104531 -0.174120 0.024656 0.008396 0.006941 0.015360 -0.075769 0.544283 0.010537 0.024744 0.011096 0.505066 0.119997 -0.008676 -0.013038 -0.000884 0.000326 0.020108 0.034171 -0.000099 0.000649 0.001452 -0.000811 0.016941 0.099099 -0.117373 0.004995 0.169923 0.186102 0.197838 0.172095 0.079887 0.110637 0.003238 0.019121 0.109930 0.074939 0.158693 0.508292 0.195711 0.244591 0.262659 0.251166 0.104818 -0.052746 0.040554 0.001558
0.595507 0.099200 0.153362 0.192763 0.155205 0.011059 -0.123831 -0.104061 0.267430 0.042011 0.042422 -0.040779 0.014711 0.021047 0.000222 0.000103 0.000316 0.000926 0.045878 0.001706 0.010179 0.000712 0.104411 0.430352 -0.003641 0.000346 -0.000003 -0.000208 -0.012411 0.019917 0.009688 -0.000408 0.001597 0.001420 0.010057 0.005875 -0.205016 0.044878 0.278248 0.202427 0.208622 0.169114 0.047245 0.096572 0.086130 0.007019 0.002721 0.003704 0.165783 0.173241 0.206561 0.242727 0.235568 0.188945 0.112810 0.184876 0.104007 -0.002873
0.772553 0.126513 0.152641 0.192642 0.153803 0.024576 -0.188055 -0.107631 0.074568 0.108427 0.153243 0.105139 0.005337 0.008537 -0.000222 -0.000103 -0.000277 -0.000527 0.000715 -0.000037 0.000000 -0.000088 0.101878 0.316873 -0.000110 -0.002721 -0.034170 -0.054306 -0.028857 0.009097 0.011255 0.005042 0.001211 0.001061 0.000054 0.000002 -0.038824 0.127393 0.300671 0.278253 0.235676 0.150784 -0.040994 0.143959 0.040847 0.019447 0.005568 0.005937 0.000360 0.007122 0.203416 0.231296 0.208955 0.132293 0.096893 0.122763 0.166978 0.345541
0.884793 0.160204 0.134191 0.332198 0.343659 0.112464 -0.105311 0.012759 0.012470 0.025472 0.082077 0.056316 0.000000 0.000000 -0.000377 0.000040 0.037543 -0.471790 -0.001075 -0.001631 -0.119820 -0.086153 0.310539 0.242759 -0.000586 -0.121576 -0.310438 -0.268348 -0.016165 0.000392 0.000813 0.001000 0.000805 -0.000299 -0.011557 -0.005314 0.125069 0.180575 0.289995 0.241728 0.169203 0.108136 -0.075657 0.022623 0.003711 0.006793 0.006798 0.000658 -0.000156 0.023458 0.012905 0.195685 0.191063 0.107146 0.000001 0.000035 0.001189 0.360614
0.250028 0.182336 0.114519 0.016794 0.381453 0.347112 0.091775 0.041697 0.000196 0.003404 0.034522 0.035399 -0.074284 -0.006984 -0.001962 0.000348 0.055532 -0.171401 -0.000743 -0.002590 -0.092231 -0.113397 0.381666 0.249663 0.023639 -0.144032 -0.175762 -0.035522 -0.005064 -0.000397 -0.000842 -0.001145 -0.002144 -0.000861 -0.023793 0.059290 0.365660 0.169124 0.329390 0.273037 0.180236 0.070410 -0.055131 0.000309 0.004623 0.007819 0.000543 0.000075 0.010631 0.027581 0.018175 0.152893 0.237804 0.089061 -0.003669 0.000780 0.002048 0.002634
0.706146 0.303760 0.193299 0.036989 0.436608 0.533624 0.148815 0.088757 0.013332 0.000078 0.000543 0.127520 -0.040727 -0.087279 -0.001538 -0.000635 -0.000024 -0.167304 -0.000551 0.000822 0.079885 -0.125062 0.290076 0.165957 0.024599 -0.148419 -0.170606 -0.007878 -0.019223 -0.003211 -0.008964 -0.013134 -0.001819 -0.001276 -0.003253 0.219235 0.355386 0.055021 0.273992 0.219540 0.156872 0.049212 -0.232138 0.000025 0.005585 0.005303 -0.000305 -0.000611 0.020821 0.030051 0.013033 0.203123 0.253196 0.140313 0.043630 0.002135 0.002646 0.002221
0.345095 0.261468 0.163568 0.050239 0.031123 0.062117 0.045382 0.091131 0.051361 0.000222 0.001020 0.103618 -0.035290 -0.029368 -0.016250 -0.012774 -0.004829 -0.153733 -0.091610 0.000205 0.001250 0.011800 0.015349 0.002348 0.000982 -0.110547 -0.109386 -0.082248 -0.013737 -0.003001 -0.009037 -0.010417 -0.022067 -0.000808 -0.001613 0.320934 0.162231 0.064567 0.334243 0.271895 0.174389 0.008609 -0.293486 0.003375 0.024251 0.004669 -0.000573 -0.096086 0.030085 0.040659 0.011383 0.031664 0.491269 0.015907 0.024797 0.002259 0.002921 -0.002897
0.162844 0.132312 0.084981 0.068245 0.009712 0.006724 0.001460 0.126785 0.076507 0.000422 0.001557 0.010377 0.009720 0.000945 -0.013172 -0.017713 -0.007209 -0.127158 -0.091532 -0.000668 -0.000801 0.000000 0.000000 -0.000257 -0.000063 -0.129816 -0.129966 -0.116982 0.000060 -0.003022 -0.004580 0.140567 -0.481992 -0.009104 -0.002041 0.292996 0.160287 0.110158 0.368159 0.487701 0.288176 -0.026799 -0.119347 0.000664 0.006276 0.001472 -0.006074 -0.003804 0.021904 0.038551 0.000208 0.000003 0.030790 0.001215 0.001030 0.001701 0.000000 -0.000985
