use_cases/Flooding_chicago/flooding_data/output/hUy_2580.asc
ncols 337
nrows 393
xllcorner 428428.000000
yllcorner 4602440.000000
cellsize 26.757400
NODATA_value -9999.000000
[rows 130 to 155 of 393, columns 116 to 173 of 337]
-0.032427 -0.178788 0.002793 0.001761 -0.013241 0.590022 0.330865 0.325164 0.020500 -0.234162 -0.178322 -0.032721 -0.025022 -0.203285 -0.450707 -0.158126 -0.307828 -0.549949 -0.705812 -0.480238 -0.287557 -0.303667 -0.357703 -0.283877 -0.204797 -0.188355 -0.103796 -0.116085 0.012779 0.036022 0.042833 0.000222 -0.036034 -0.093911 -0.067323 -0.026267 -0.016392 -0.013556 -0.000240 -0.000150 0.000000 0.000000 -0.000069 -0.000066 0.000047 0.000146 0.003158 0.232273 0.201048 0.043577 0.016923 0.027931 0.036739 0.025823 0.030516 0.026455 0.025517 0.033730
-0.052416 -0.211576 0.004102 0.002580 0.018214 1.178241 0.597082 0.368430 -0.010528 -0.232736 -0.161869 -0.005196 0.071587 -0.135046 -0.275404 -0.156379 -0.261111 -0.457038 -0.835692 -0.600639 -0.454749 -0.358260 -0.373936 -0.244465 -0.207646 -0.100134 -0.166829 -0.155877 -0.072599 0.022629 0.016416 -0.000222 -0.011474 0.110328 -0.187670 -1.070257 -0.071709 -0.014739 -0.014085 -0.001443 -0.010881 -0.009050 -0.015672 -0.006182 -0.000443 0.000124 0.007547 0.112571 0.107972 0.037146 0.016290 0.018830 0.031351 0.017935 0.029764 0.012587 0.013969 0.001976
-0.122234 -0.235248 0.001620 0.001363 0.000553 1.122023 0.552129 0.381349 0.045457 -0.137759 -0.033294 0.096015 0.204421 0.002817 -0.153624 -0.046445 -0.090153 -0.228087 -0.647081 -0.624478 -0.724262 -0.546024 -0.582917 -0.488633 -0.407612 -0.043988 -0.256565 -0.323358 -0.207267 -0.016692 -0.043237 -0.044833 -0.008620 0.508742 0.027819 -0.638659 -0.277183 -0.038502 -0.026770 -0.009448 -0.017085 -0.020063 -0.036573 -0.023541 -0.041511 0.000000 0.002823 0.030260 0.065357 0.033062 0.000605 0.007410 0.014215 0.009476 0.016527 0.000347 0.000008 -0.000173
-0.314841 -0.341122 -0.004008 -0.002379 -0.000644 0.557209 0.401127 0.434837 0.189917 0.044811 0.092420 0.221861 0.429427 0.224645 -0.028166 0.049534 0.086039 -0.023571 -0.362112 -0.455696 -0.727411 -0.528974 -0.452147 -0.410168 -0.431993 -0.003036 -0.278752 -0.400429 -0.268627 -0.064048 -0.075113 -0.069952 -0.147191 0.095399 0.074137 -0.417567 -0.188808 -0.408575 -0.031465 -0.015948 -0.018227 -0.026822 -0.037909 -0.041594 -0.097745 -0.027475 -0.000329 0.002676 0.024995 0.011018 0.000294 0.000093 0.000091 0.000000 0.000000 -0.000178 -0.005152 -0.021789
-0.483461 -0.464895 -0.004709 -0.002534 -0.046759 0.529162 0.470994 0.405448 0.269003 0.126717 0.178072 0.329493 0.593635 0.447312 0.057700 0.108735 0.237916 0.162122 -0.021520 -0.272714 -0.765856 -0.686457 -0.419010 -0.338702 -0.436477 -0.142564 -0.292810 -0.376348 -0.380288 -0.159539 -0.151207 -0.037655 -0.218937 -0.064037 -0.011060 -0.235166 -0.221547 -0.584140 -0.058530 -0.017867 -0.019123 -0.048478 -0.010730 -0.049598 -0.135667 -0.099738 -0.010342 -0.000201 0.000102 0.000098 -0.000002 -0.000144 -0.000852 -0.011185 -0.008591 -0.010178 -0.016174 -0.044500
-0.261124 -0.427517 -0.167596 -0.149260 0.200303 0.537859 0.552243 0.451438 0.423386 0.216424 0.286366 0.503104 0.720062 0.636994 0.310132 0.169209 0.318812 0.393045 0.131821 -0.181668 -0.677963 -0.691166 -0.454669 -0.414847 -0.398830 -0.259095 -0.361632 -0.333452 -0.487421 -0.297285 -0.333150 -0.005429 -0.171671 -0.034669 -0.244078 -0.574509 -0.321214 -0.786643 -0.511373 -0.123280 -0.103280 -0.127116 -0.123536 -0.228744 -0.742930 -0.513544 -0.052200 -0.000688 -0.000224 -0.001323 -0.013548 -0.009762 -0.008292 -0.023369 -0.016078 -0.022101 -0.026321 -0.027809
-0.001210 -0.271841 -0.163691 -0.306670 0.371845 0.796922 0.586273 0.615891 0.445791 0.261445 0.360771 0.643254 1.006039 0.843997 0.486034 0.275581 0.280838 0.491084 0.148053 -0.098029 -0.646153 -0.790313 -0.499104 -0.483918 -0.751183 -0.602547 -0.423286 -0.536520 -0.452454 -0.377886 -0.258755 -0.242742 0.114421 0.170718 0.441637 -0.110845 0.243595 -0.477744 -0.509230 -0.174093 -0.170624 -0.143068 -0.234447 -0.307712 -0.944451 -0.388078 0.145132 -0.000737 -0.009146 -0.006060 -0.071885 -0.018567 -0.025213 -0.015884 -0.020873 -0.024678 -0.021256 -0.028968
-0.115404 -0.123872 -0.095417 0.264560 0.363574 0.518707 0.608680 0.656992 0.453687 0.346861 0.377000 0.640030 0.925738 0.848781 0.698640 0.421333 0.411872 0.477871 0.199484 0.017443 -0.392611 -0.644005 -0.529908 -0.456197 -0.869202 -0.827252 -0.572105 -0.565760 -0.555570 -0.236725 -0.097013 -0.026282 0.501885 0.397156 0.649871 -0.060271 0.190384 -0.616362 -0.891662 -0.318270 -0.282287 -0.185351 -0.210129 -0.061236 -1.507409 -0.778531 0.303295 -0.027455 -0.019630 -0.008884 -0.112772 -0.029952 -0.020593 -0.036065 -0.026386 -0.031748 -0.033793 -1.486380
-0.296231 -0.240507 0.148910 0.441969 0.295372 0.601055 0.608807 0.698924 0.442241 0.408811 0.395050 0.735363 1.026027 0.956414 0.793324 0.589895 0.443479 0.590845 0.189600 0.093468 -0.081661 -0.549994 -0.491068 -0.297596 -0.660524 -1.002275 -0.740679 -0.527452 -0.490585 -0.162631 0.332478 0.581631 0.633917 0.769776 0.561101 -0.232916 0.065609 -0.977873 -1.448869 -0.433757 -0.719187 -0.589695 -0.294914 0.018462 -1.532211 -0.719249 0.526910 -0.155442 -0.923534 -0.053950 -0.104253 -0.063861 -0.015655 -0.059726 -0.054441 -0.020094 -0.054919 -1.280105
-0.211415 -0.202440 0.234951 0.280881 0.240638 0.546478 0.579897 0.759053 0.430629 0.375683 0.363774 0.969748 1.291299 1.031803 0.739948 0.559993 0.628140 0.561864 0.262440 0.199082 0.069201 -0.325807 -0.286561 -0.192626 -0.159132 -0.669248 -0.657514 -0.569912 -0.340829 0.412028 0.849064 0.585834 0.656599 1.522517 0.639954 -0.466277 -0.166356 -0.746135 -1.415061 -1.478048 -1.628397 -1.499189 -0.922315 -0.379271 -1.391737 -0.821490 0.277685 -0.268854 -0.711183 -0.500139 -0.458923 -0.615716 -0.794411 -0.870093 -1.808416 -0.275488 0.184098 -0.308452
0.000002 -0.100948 0.260441 0.240418 0.281105 0.624718 0.655042 0.742723 0.486440 0.413968 0.425856 1.042725 1.316178 1.094797 0.874437 0.704067 0.872697 0.446026 0.373095 0.346069 0.200767 -0.075840 -0.069153 -0.021996 -0.030875 -0.247045 -0.401860 -0.301250 0.152579 0.713135 0.759469 0.627540 0.733998 1.047504 0.620139 -0.315081 -0.090090 -0.420155 -0.916809 -2.280813 -1.497960 -1.811362 -0.832165 -1.545746 -1.302098 -0.691317 -0.016992 -0.768392 -0.912016 -0.239487 0.187271 0.683739 1.755134 0.929220 -0.995490 -1.492516 -0.160608 0.347174
-0.047722 -0.317754 0.470429 0.369954 0.332038 0.563627 0.578598 0.589434 0.475155 0.477027 0.599885 1.173646 1.478327 1.253876 1.007840 1.066997 1.202504 0.486144 0.603807 0.491479 0.314380 0.060463 0.177349 0.128846 0.058945 0.066432 0.205425 0.157587 0.473806 1.179086 0.755009 0.678646 0.765796 0.798761 0.023539 0.649332 1.640165 0.016824 0.159735 0.018270 -1.062509 -1.034909 -1.044703 -0.720793 -0.345454 0.280835 -0.220898 -0.359703 -1.033703 0.414429 1.389772 1.444939 1.112089 0.563411 -2.677670 -3.193767 -0.453825 0.986379
-0.152932 -0.316004 0.546110 0.419673 0.609257 0.640471 0.653321 0.658893 0.639017 0.591286 0.712907 1.364435 1.548426 1.177392 1.151753 1.241052 1.404460 0.812400 0.544530 0.469369 0.516442 0.161559 0.194447 0.228207 0.081658 0.061077 0.067073 0.249010 0.545546 0.760190 0.257242 0.112169 0.098050 0.025447 0.013222 0.006653 0.054386 0.012288 0.009545 0.012849 0.045843 0.067357 -0.805438 -0.652790 -0.311390 0.004568 -0.301641 -0.103007 -0.670588 0.858519 0.886988 0.246530 0.057392 -0.019529 -1.435360 -3.368380 -0.509278 0.236271
0.143112 -0.093549 0.210117 0.436624 0.290478 0.621474 0.655539 0.673959 0.575455 0.716565 0.864989 1.323268 1.384175 1.333917 1.309507 1.525723 1.755607 0.826492 0.580380 0.477749 0.605672 0.182814 0.124616 0.269063 0.056512 0.012253 0.035390 0.222732 0.504579 0.486397 0.006225 0.044936 0.056487 0.010511 0.000600 0.001970 0.003101 0.001737 0.000080 0.000545 0.004740 0.035720 0.017168 0.403963 0.120201 -0.031701 -0.139766 0.227166 -0.476751 0.453230 0.273663 0.002120 -0.011785 -0.017918 -0.319076 -2.284825 -0.461306 0.188719
0.204371 0.069559 0.069441 0.205058 0.022944 0.563994 0.787936 0.849569 0.566866 0.507287 0.512170 1.433518 1.858801 1.467826 1.455686 1.880616 1.753649 0.789076 0.639886 0.628609 0.666005 0.377280 0.105928 0.111279 0.091731 0.055125 0.112868 0.141103 0.084473 0.053692 0.021628 0.020169 0.025359 0.001129 -0.000285 0.000108 0.003489 0.001574 -0.000510 0.000287 0.000408 0.019304 0.002065 0.000954 0.001220 0.000804 -0.082454 0.415035 -0.224339 0.001528 0.000554 0.000752 0.001221 0.030231 0.191945 -1.687932 -0.245413 0.267648
0.010202 0.000316 0.029330 0.237658 -0.075374 0.529575 0.699436 0.937492 0.690354 0.619233 0.679651 1.668172 2.113730 1.844519 1.835824 1.725321 1.740274 0.921595 0.792418 0.752473 0.434159 0.038936 0.023968 0.000326 0.013007 0.003111 0.021020 0.021649 0.161401 0.126902 0.010329 0.001728 0.001612 -0.000144 -0.008462 -0.001233 0.002925 0.001751 -0.000898 -0.000293 -0.000470 -0.000040 -0.000285 0.000994 0.004891 0.021547 -0.112936 0.490386 -0.093938 0.003598 0.000247 0.000331 0.013075 0.016081 0.122159 -1.206921 -0.055467 0.342278
0.000000 -0.000014 0.096286 0.115645 -0.099795 0.498832 0.791108 0.832827 0.690411 0.604454 0.816932 1.505414 2.002545 1.983768 1.995654 1.771966 1.259348 0.556487 0.484177 0.427177 0.447389 0.125115 0.040905 -0.000208 -0.000003 0.001046 0.000690 0.009848 0.079024 0.083501 0.000681 0.000848 -0.001759 -0.003973 -0.007571 -0.021914 0.000360 0.000360 -0.001103 -0.000410 -0.018146 -0.011933 -0.037191 -0.001581 0.015119 0.021381 0.041972 0.619779 0.016921 0.010017 -0.000569 -0.000393 0.045504 0.014998 0.166497 -0.259798 0.133673 0.441228
-0.008618 -0.000274 0.155762 0.128341 0.048384 0.516693 0.779024 0.771762 0.589683 0.502661 0.786515 1.490416 2.081184 1.947923 2.067841 2.164248 1.332104 0.604665 0.527325 0.428232 0.582425 0.100618 0.225059 -0.016473 -0.024102 -0.001043 0.000657 0.001995 0.055358 0.038460 -0.000401 -0.002154 -0.002238 -0.017424 -0.044243 -0.076779 -0.000360 -0.000360 -0.000467 -0.000419 -0.044142 -0.047822 -0.117747 0.004035 0.004769 0.064693 0.059511 0.051385 0.028188 0.018521 -0.008008 -0.059801 0.080887 0.024174 0.367390 0.157224 0.183024 0.209480
0.334953 -0.136408 0.152791 0.108738 0.325752 0.603397 0.912898 0.721989 0.537178 0.491946 0.762241 1.313459 1.969160 1.698417 2.035699 2.298863 2.126301 1.231952 0.932780 0.727969 0.642252 0.153510 0.294104 -0.580449 -1.061398 -0.020968 -0.000263 0.002530 0.017229 0.002901 -0.000973 -0.001694 -0.001876 -0.028812 -0.095251 -0.113150 -0.012422 -0.015524 -0.009162 -0.000867 -0.053800 0.133347 -0.139625 0.005444 0.006533 0.020260 0.008101 0.006189 0.036659 0.016797 -0.001027 0.791570 0.811167 0.439329 0.369193 0.115853 0.123410 0.149898
0.467167 -0.146139 0.091394 0.029935 1.086005 0.857539 1.004273 0.620303 0.451966 0.285569 0.667217 1.146466 1.543215 1.851719 1.682939 2.420660 1.706859 0.819961 1.085083 0.888508 0.589785 0.302948 0.432545 -0.092100 -0.808625 -0.158877 -0.006685 0.000487 0.000774 -0.001034 -0.016620 -0.014093 -0.002625 -0.021511 -0.096818 -0.163379 -0.091820 -0.027256 -0.022086 -0.012001 -0.000464 0.187073 -0.284344 0.118509 0.004386 0.000222 0.010950 0.010725 0.009406 0.000222 0.000419 1.202871 1.483240 0.956244 0.268922 -0.093588 -0.085402 -0.042968
0.555251 -0.031763 -0.023207 -0.221628 1.524514 0.907377 1.281412 0.554052 0.095458 0.097980 0.482495 0.781701 1.648151 1.607131 1.999465 1.863485 1.989794 0.961209 0.902773 0.752711 0.705124 0.086171 0.404604 0.123592 -0.230166 -0.324854 -0.020145 0.000048 0.001263 -0.000930 -0.038561 -0.044319 -0.026602 -0.005587 -0.023839 -0.489464 -0.432890 -0.226069 -0.023142 -0.024981 -0.001426 0.066229 -0.518171 0.020169 0.004889 -0.000222 0.006113 0.006465 0.005766 -0.000222 0.001043 1.813800 1.971403 0.961102 0.526858 -0.074666 -0.403545 -0.943770
0.068356 0.000000 0.000000 0.588998 0.990015 0.729861 0.873019 0.516165 0.004990 0.024401 0.579953 0.873250 1.306823 1.813414 1.698491 1.950092 2.079184 1.928625 1.454241 1.117695 0.696326 0.283006 0.067432 0.137100 -0.156924 -0.016378 -0.000383 0.000182 0.000340 0.035929 -0.021158 -0.744867 -0.696545 -0.015663 0.000823 0.158583 -0.110003 -0.246647 -0.389259 -0.128566 -0.029724 0.051282 -0.280658 -0.145024 -0.002141 -0.007102 -0.002228 -0.001103 -0.002792 -0.026430 0.175061 2.070426 2.297834 0.211622 0.005094 -0.191456 -0.432620 -0.992580
0.000000 -0.007120 0.196923 0.777409 0.730422 0.563404 0.895713 0.589012 0.045076 0.161683 0.475995 0.585306 1.248586 1.336703 1.982631 2.415483 2.598769 2.103195 2.078796 1.235892 0.614565 0.284817 0.175628 0.078212 -0.058940 -0.003416 0.000630 0.000245 0.000000 0.006483 -0.000750 -0.437145 0.070267 0.215230 0.521515 0.367399 0.137259 -0.268709 -0.383983 -0.063670 -0.032635 0.003218 -0.493478 -0.295169 -0.012932 -0.010829 -0.009140 -0.005572 -0.006278 -0.098774 0.696201 2.702412 2.014662 0.000311 0.000000 0.001004 -0.434162 -0.554885
-0.065285 0.070109 0.317483 1.015736 0.120571 0.136358 0.123997 0.669879 0.045068 0.174137 0.551853 0.566277 1.013436 1.436986 1.659268 2.586320 2.918187 2.270215 2.244844 1.232101 0.884879 0.329419 0.191502 -0.011352 -0.044789 0.000608 0.002143 0.000111 -0.000340 0.000332 0.014694 -0.350877 0.374555 0.498287 0.550440 0.317682 0.506734 -0.211299 -0.908020 -0.088920 -0.082008 -0.076020 -0.423678 -0.778638 -0.685692 -0.537288 -0.308307 -0.007359 -0.007491 -0.125032 0.737799 2.992467 2.221231 0.228161 -0.006504 0.009593 0.087470 0.293080
0.032386 0.086223 0.294530 0.504428 0.110694 0.158236 0.137894 0.122403 0.000360 0.000360 0.506774 0.500984 0.806353 1.112524 1.606893 2.630324 2.555837 2.237333 2.268577 1.388579 0.861915 0.377702 0.237779 -0.028503 -0.014714 0.001711 0.021134 -0.000202 -0.001265 0.000365 0.009740 -0.473581 0.467028 0.550052 0.552674 0.444253 0.878036 0.149133 -0.669789 -0.567713 -0.163485 -0.675196 -0.325079 -0.060989 -0.348075 -0.360000 -0.405448 -0.161201 0.451784 -0.451308 0.493425 2.278701 2.106222 0.389179 -0.106738 1.917066 1.011450 2.245403
0.292630 0.004846 0.016008 0.001224 0.071613 0.468825 0.184059 0.065383 -0.000360 -0.000360 0.364168 0.393405 0.615280 0.893450 1.677003 2.308072 2.800097 2.552846 2.593730 1.477644 0.897143 0.640925 0.283035 -0.156438 0.062365 0.015634 0.008289 -0.000607 -0.001145 -0.000362 -0.000008 -0.176563 0.595782 0.569463 0.689514 1.206784 0.998766 0.269940 -0.331784 -0.417430 -0.433426 -0.120967 -0.098371 0.210026 -0.010261 -0.421589 -0.574108 -0.785882 0.182910 0.062999 0.491477 1.647557 1.534261 0.329588 1.061171 0.730755 0.547018 0.824630
