use_cases/Flooding_chicago/flooding_data/output/hUy_3000.asc
ncols 337
nrows 393
xllcorner 428428.000000
yllcorner 4602440.000000
cellsize 26.757400
NODATA_value -9999.000000
[rows 130 to 155 of 393, columns 174 to 231 of 337]
0.026407 0.009341 0.000558 0.000009 0.000155 0.056981 0.397765 0.038534 0.056762 0.028962 0.015842 0.021658 0.024779 0.032031 0.022657 0.053022 0.057867 0.033930 -0.142648 -0.631565 -0.944446 -1.234138 -1.056032 -0.400066 -0.107674 0.468096 0.131681 0.000694 -0.001869 -0.008896 -0.483926 -0.098870 -0.147552 0.045926 0.017738 0.028322 0.003884 0.000757 0.000491 0.000025 0.111801 0.024268 0.077817 0.104882 0.136132 0.039796 0.060914 0.062488 0.092053 0.004171 0.000534 0.000511 0.000268 -0.000209 -0.000007 0.154752 3.126878 1.693953
0.006838 0.000320 -0.000118 -0.007951 -0.000339 0.057553 0.093839 0.006904 0.017388 0.012546 0.013963 0.006008 0.019418 0.014277 0.017403 0.010233 0.017190 0.001788 0.041083 -0.457352 -1.086742 -1.320096 -1.016986 -0.825991 -0.355599 0.582375 0.452061 0.001469 0.022906 -0.001526 -0.619996 0.030719 0.026884 0.030422 0.009552 0.012430 0.000890 -0.000110 -0.000156 -0.032443 -0.003084 0.040464 0.017312 0.026621 0.010681 0.036066 0.038191 0.031105 0.026866 0.012446 0.000798 0.000718 -0.000039 -0.000812 0.028019 0.057389 0.961502 1.696823
0.000000 -0.000098 -0.006242 -0.026414 -0.026015 -0.002599 0.017943 0.000143 0.000061 0.000140 0.000222 0.000444 0.000025 0.000373 0.000308 0.000143 0.000002 -0.000136 0.168704 -0.444256 -0.972948 -1.303410 -1.098986 -0.813506 -0.353598 0.570101 1.091112 -0.096859 -0.035915 -0.140448 -0.310107 0.001685 0.007400 0.011921 0.000965 0.000473 -0.000082 -0.010447 -0.015301 -0.268578 0.005974 0.013924 0.007807 0.015069 0.008808 0.011552 0.007295 0.021056 0.002493 0.003219 0.000222 0.000103 -0.000243 -0.000513 0.054451 0.000000 0.145788 1.771771
-0.017749 -0.017371 -0.022144 -0.031584 -0.099762 -0.001116 -0.000011 -0.000156 -0.000063 -0.000140 -0.000222 -0.000220 -0.022739 -0.000644 -0.000421 -0.000128 -0.003328 1.341982 0.630305 -0.452648 -0.971642 -1.477982 -1.352388 -1.138523 -0.677224 0.363799 1.221173 -0.308731 -0.040866 -0.001101 -0.020458 0.003149 0.000318 0.000270 -0.000000 -0.000270 -0.007920 -0.032855 -0.146261 -0.218285 0.017943 0.004395 0.000289 0.000368 0.000724 0.000404 0.000015 0.000000 -0.000377 -0.001837 -0.000222 -0.000103 -0.000178 -0.000619 0.079303 0.020503 0.174994 1.431391
-0.042737 -0.036374 -0.030721 -0.031640 -0.204775 -0.009548 -0.004772 -0.041653 -0.010321 -0.007420 -0.008512 -0.030905 -0.045452 -0.025884 -0.019983 -0.008552 -0.025026 1.583501 0.580978 -0.424953 -0.871414 -1.324406 -1.726466 -1.339487 -1.054963 0.063659 1.136723 0.204485 -0.012797 -0.002265 -0.007497 0.000091 -0.000109 -0.000473 -0.000965 -0.001058 -0.022147 -0.370080 -0.069611 -0.121612 0.008058 0.000152 0.000068 -0.000388 -0.000781 -0.000588 -0.010501 -0.004899 -0.048796 -0.002744 -0.006516 -0.009821 -0.007692 -0.000783 0.114829 0.622929 0.354032 1.071183
-0.055844 -0.286350 -0.379566 -0.570253 -0.373664 -0.248764 -0.021721 -0.067335 -0.018328 -0.021111 -0.017831 -0.059076 -0.036343 -0.071374 -0.049621 -0.035005 -0.223826 1.028204 0.371520 -0.292358 -0.677045 -1.256724 -1.400340 -1.653288 -1.254439 0.027000 1.621117 1.426775 -0.066781 -0.011563 -0.001714 -0.000212 -0.001110 -0.006720 -0.024094 -0.002493 -0.047164 -0.421955 0.014703 0.047781 0.000311 -0.000054 -0.000755 -0.008640 -0.009405 -0.021955 -0.022472 -0.043272 -0.073189 -0.025316 -0.024921 -0.020013 -0.024517 -0.000657 0.627324 0.675951 0.293086 1.324253
-2.056940 0.547763 0.146234 -0.006247 0.066071 0.362177 -1.538118 -0.269207 -0.016184 -0.239277 -2.461700 -0.908676 -0.044348 -0.188583 -0.622598 -0.644986 0.058150 0.649382 0.235045 -0.299059 -0.628291 -1.288017 -1.356662 -1.696684 -1.491094 -0.043853 1.502069 2.147279 1.066109 -0.018513 -0.002159 -0.014324 -0.012228 -0.033995 -0.041654 -0.014196 -0.615466 -0.412438 0.011688 0.007386 0.000101 -0.001632 -0.018777 -0.014952 -0.015391 -0.036265 -0.020256 -0.077353 -0.085628 -0.052321 -0.039534 -0.023647 -0.017575 0.034659 0.942822 0.749710 0.585817 1.208650
-1.252075 0.995488 0.460184 0.322840 0.304168 0.676642 -0.641911 -0.028233 0.113144 0.715097 -0.507539 -0.496530 -0.371443 -0.236013 -0.561945 -0.405521 0.195254 0.426372 0.132231 -0.387192 -0.691714 -1.273084 -1.293849 -1.720498 -1.475432 -0.170625 1.528567 2.123801 1.360137 -0.003316 -0.009168 -0.019179 -0.054263 -0.061329 -0.046742 -1.055550 -0.460031 -0.000000 -0.000004 -0.000117 -0.002008 -0.009255 -0.047941 -0.017314 -0.017543 -0.029713 -0.064430 -0.095636 -0.094025 -0.065474 -0.039170 -0.039654 -0.002219 0.122115 1.005320 0.874482 0.730469 1.212779
-0.447084 1.879319 1.247265 0.837042 0.815627 1.200052 -0.021625 0.386997 0.566186 1.213951 0.514937 -1.279487 -2.046907 -2.182632 -0.595328 -0.330986 -0.161019 -0.064991 -0.184498 -0.409640 -0.695340 -1.335527 -1.374346 -1.758510 -1.669867 -0.404251 1.221676 1.506114 1.278809 -0.035709 -0.036440 -0.403844 -0.066367 -0.133521 -0.223169 -0.307448 -1.088368 -0.405973 -0.014654 -0.016437 -0.023355 -0.005884 -0.018020 -0.018839 -0.018847 -0.034087 -0.094196 -0.108098 -0.075837 -0.069341 -0.076533 -0.058695 -0.001666 0.649328 1.239215 1.474339 1.355444 1.504689
1.069521 2.307727 1.575419 1.353297 1.294608 2.208444 1.320524 1.119562 1.577750 2.367073 1.093325 -0.223366 -1.866783 -2.383114 0.039375 -0.205821 -0.790963 -0.897675 -1.025278 -1.053622 -1.213897 -1.721025 -1.714481 -2.193188 -2.165596 -0.976962 0.478865 0.738542 0.496562 -0.375462 -0.533920 0.094238 0.107538 0.199530 -0.068742 0.189371 -0.547134 -0.921310 -0.752077 -0.055082 -0.042766 -0.020599 -0.045739 -0.013796 -0.026989 -0.030874 -0.073068 -0.255081 -0.040762 -0.451432 -1.530106 -1.150079 0.614497 1.100340 1.953090 2.055420 1.917386 2.158221
0.679785 1.477291 1.057261 1.053485 2.463526 3.040561 2.566895 1.388225 1.718899 1.528597 0.740986 0.435471 0.036759 -1.070043 -0.120060 -0.158162 -0.897390 -1.273871 -1.472844 -1.890711 -1.799243 -2.001387 -1.945664 -2.371667 -2.224934 -1.313474 -0.106444 0.050033 -0.636758 -0.295657 -0.463745 0.014767 0.078860 0.241861 0.538755 0.546381 -0.383253 -1.210113 -0.811751 -1.767281 -0.889369 -0.036510 -0.031839 -0.027961 -0.619038 -0.484018 0.749386 -0.760227 -1.503461 0.191976 0.022298 0.392023 1.223472 2.072883 2.534323 2.902135 2.689050 3.456775
1.219660 1.537194 0.843371 2.237098 2.939981 3.282866 2.180604 1.095615 1.033106 0.709365 0.330137 0.289480 1.728322 0.220444 0.053057 0.107174 -0.569372 -1.074944 -1.500806 -2.195144 -2.192131 -2.041289 -1.824676 -1.798175 -2.086495 -1.304624 -0.234650 -0.272368 -1.515769 -0.625217 -0.495181 -0.399405 -0.010950 0.334062 0.768874 1.159341 -0.129493 -1.543639 -1.263846 -1.646726 -0.995310 -2.530109 -0.901185 -2.152695 0.357635 0.250720 1.241412 -0.014326 -0.555850 0.783136 1.266855 1.251578 1.449038 2.427966 2.687284 3.327653 3.070502 4.146572
0.437400 0.804163 2.009206 2.920969 2.719984 3.422494 2.017590 0.268246 0.012052 0.012148 0.032219 0.426146 0.829494 0.046903 0.007141 0.030394 0.702878 -0.430213 -0.825499 -1.789308 -1.873427 -1.744290 -1.634140 -1.463492 -1.527550 -0.915370 -0.072985 -0.284118 -1.403277 -1.283205 -0.637817 -0.830966 -0.371489 0.082400 0.261826 0.448690 0.123871 -1.472036 -0.544933 -1.166704 -0.979194 -2.367991 -1.183935 -1.134607 0.446535 0.519973 1.013336 0.391204 -0.184718 1.102710 1.879871 1.823525 1.678121 2.422664 2.519027 2.942573 3.040929 3.967797
0.436334 0.894377 1.155950 2.550973 2.746758 1.032189 0.093190 0.012914 0.000992 0.001105 0.000410 0.619680 0.705290 0.000008 0.000346 0.007823 0.005788 -0.070061 -0.260699 -0.918299 -1.441320 -1.501048 -1.072785 -1.047363 -0.852285 -0.186422 0.283805 -0.229266 -1.196957 -1.591183 -1.052062 -1.224734 -0.960360 -0.535681 -0.123451 -0.073006 -0.000964 -0.368283 0.012931 -0.349153 -0.197533 -1.726256 -1.062974 -0.762704 0.317864 0.443300 0.806658 0.623206 0.259216 1.575301 2.840076 2.591738 1.894797 2.163387 2.186696 2.562314 3.007262 3.684485
0.523888 1.020446 1.135929 2.764232 0.385579 0.971108 -0.003905 0.000342 0.001010 0.001390 -0.000002 0.755198 0.600508 -0.009587 -0.000180 0.000180 0.000222 0.085283 -0.220120 -0.602757 -1.026169 -1.161307 -0.556379 -0.798032 -0.340173 0.452395 0.427455 0.010801 -0.857437 -1.763789 -1.454155 -1.709811 -1.465902 -1.626777 -0.691258 -0.347782 -0.005114 -0.189068 0.289729 0.241109 0.592076 -0.765002 -0.344249 -0.333718 0.324629 0.314570 0.730146 1.008144 1.166651 2.239726 3.104994 2.551435 2.398846 2.270547 1.936758 2.213554 3.010953 3.442301
0.605237 1.175183 1.234113 1.313453 0.329086 0.273170 0.000387 -0.000033 -0.000023 0.000222 -0.000305 1.212557 0.583848 -0.108323 -0.007863 -0.000346 -0.000004 0.014434 -0.184196 -0.256865 -0.500942 -0.475163 0.096044 -0.497357 0.147395 1.219004 0.641177 0.397611 -0.461875 -1.486690 -1.840530 -1.941357 -2.209066 -2.076564 -1.976011 -1.445393 -0.385723 -0.098539 0.543169 0.731818 0.998774 0.018144 1.483740 -0.045524 0.143120 0.283363 0.997934 1.472559 1.965262 2.728994 3.109036 2.385708 1.554497 1.976108 1.903147 2.382484 3.103552 3.528813
0.666914 1.243835 0.630159 0.336792 0.261394 0.000252 0.000050 -0.000164 -0.000323 -0.000222 -0.055235 1.006916 0.307937 0.237143 -0.021467 -0.006276 -0.000885 -0.000031 0.000319 -0.042004 -0.215943 0.050421 0.495150 0.175597 0.881000 1.767662 1.021475 0.823533 0.746900 -1.085281 -1.896203 -2.395813 -2.211603 -2.765421 -2.307254 -1.676209 -0.593313 0.029528 0.793834 1.020433 1.563768 0.622974 0.779524 0.136218 0.023480 0.157096 1.021982 1.663415 2.420373 2.411182 2.350485 1.750882 1.478147 2.003655 2.043431 2.278567 2.753057 2.898096
0.297729 0.466781 0.554867 0.000874 0.000224 0.009328 -0.093168 -0.024160 -0.007836 -0.008611 -0.622399 1.474507 0.359506 0.296099 -0.033897 -0.012295 -0.000709 -0.012139 0.241374 0.346771 -0.127650 0.414259 0.857965 0.436724 1.512211 2.193182 1.838276 1.332976 1.170378 0.131125 -1.463554 -2.446169 -2.793630 -2.602006 -2.179717 -1.537567 -0.936322 0.381520 1.024546 1.281664 1.645770 0.845053 0.443898 0.215682 -0.122280 0.174627 1.102494 1.825380 2.488991 1.831846 1.912274 1.549538 1.667255 2.135222 2.461213 2.126846 2.305926 2.597571
0.230492 0.356875 0.358994 0.073305 -0.057564 -0.029252 0.081101 -0.192345 0.012273 -0.310140 -0.262102 1.698616 0.308241 -0.152504 -0.012828 -0.002307 -0.011725 -0.193284 0.521674 0.349522 -0.103476 0.549728 1.415020 0.985953 2.877635 3.745960 3.185268 2.021413 1.640489 0.493960 -0.521455 -2.075403 -2.431204 -2.362372 -1.809505 -1.249120 -1.143650 0.146819 1.086443 1.012503 1.063435 0.815537 0.734399 0.240715 -0.395525 0.367365 1.100028 1.854145 1.858482 1.440923 1.541491 1.401340 1.958141 1.977000 2.224591 1.708854 1.658327 1.737628
0.273886 0.765276 0.549145 0.010993 -0.203067 -0.283888 -0.037711 -0.200491 -0.004147 -0.026596 0.896719 2.406119 -0.017282 -0.416511 -0.114461 -0.052430 -0.323325 0.484607 0.714156 0.419140 -0.008149 1.093509 1.921885 1.452392 4.099793 5.054282 3.944699 1.998346 1.078540 0.436089 -0.033911 -1.262806 -1.888111 -2.027684 -1.698913 -1.186726 -0.916088 -0.295718 0.561690 0.616170 0.879183 0.701679 0.370464 0.044907 -0.184151 0.503757 1.428569 1.714657 1.569047 1.345518 0.945281 1.129732 1.368127 1.439498 2.305580 1.247205 1.460650 1.600411
0.710321 0.863699 0.602425 -0.069078 -0.303447 -0.413322 -0.266999 -0.460117 -0.063422 0.046500 0.154791 0.269846 0.004978 0.047365 -0.001775 0.239188 0.591920 0.957527 0.906155 0.509812 0.100559 1.844209 2.481933 1.899417 4.588602 6.342210 3.663509 1.352915 0.207377 0.428504 0.044720 -0.432367 -0.940853 -1.374846 -1.346494 -1.015127 -0.940728 -0.953995 -0.191251 0.161957 0.216871 0.102325 0.081923 0.150165 0.347686 0.801652 1.696848 1.651703 1.277644 1.195510 0.471218 0.697021 1.037289 0.835090 1.122187 1.071702 1.195392 1.535266
1.263384 1.564039 0.557829 -0.156375 -0.415181 -0.562476 -0.430898 -0.678297 -0.151789 -0.037932 -0.000072 0.000338 0.000000 0.000000 0.013902 0.688415 1.400809 1.772161 1.146864 1.179200 0.642330 3.263892 3.362154 2.323530 6.214192 7.385221 3.711767 0.964658 -0.297124 0.418479 -0.020971 0.349216 -0.157868 -1.251627 -1.362804 -0.884647 -0.826496 -1.493696 -0.854246 -0.465733 -0.186917 0.011441 -0.146325 0.319786 0.556505 1.233090 1.962323 1.122842 0.979222 0.966817 0.275279 0.401062 0.669176 0.662139 0.978267 1.249079 1.207557 1.557715
1.911590 2.007652 0.982897 -0.096661 -0.871489 -1.536049 -1.202586 -1.375579 -1.102651 -1.131365 -0.408269 -0.267502 -0.296276 0.837276 2.139793 2.546365 1.805424 2.987049 2.390061 1.526185 1.115068 4.308768 2.687124 2.493778 5.638047 7.536550 3.000385 0.697973 0.049822 0.470493 0.070038 0.671242 0.110371 -1.172714 -1.376201 -0.457667 -0.199176 -1.285410 -1.198523 -0.745361 -0.483244 0.011793 0.319726 0.476923 0.737721 1.604666 2.130671 0.812772 0.922295 1.030735 0.296903 0.296141 0.403872 0.272175 1.151877 1.260560 0.929789 1.401789
3.359921 2.963349 1.823581 -0.048221 -0.667621 -0.653426 -0.686780 -1.139916 -0.552755 -0.608720 -0.677464 -0.319075 0.395101 1.859446 2.907194 2.555181 2.278990 6.122675 2.739015 1.558316 1.413088 4.134820 1.740072 0.515096 3.780952 4.127427 1.602372 1.077999 1.213733 1.201111 0.279832 0.613144 0.368591 -0.653060 -0.834069 0.023024 0.832258 -0.693677 -0.722238 -0.707031 -0.191629 0.146086 0.878168 0.964976 0.708457 1.910287 1.852315 0.473292 0.384437 0.904383 0.204617 0.115768 0.166326 0.128047 1.195864 0.698559 0.901818 1.550837
4.122221 2.798399 2.258489 0.071269 0.326569 0.026705 -0.257015 -0.702738 0.000515 0.189662 0.519956 0.186388 1.171433 2.822733 4.336190 2.114584 2.209959 2.753558 0.170700 0.088913 0.031607 0.052909 0.053337 0.839986 4.822670 4.257077 0.288271 0.020270 0.066158 0.054082 0.041136 0.732581 0.916472 0.896689 0.031026 0.013741 0.019991 0.420102 0.129980 -0.205829 0.285465 0.699339 1.639234 1.177191 0.767127 2.027889 1.731109 0.185558 0.274936 1.278669 0.195290 0.048007 0.118039 0.284506 1.712758 0.514790 1.049818 1.832580
2.422091 2.205880 1.558608 0.643620 0.999706 0.642483 0.075662 0.065380 0.848526 1.059925 0.687247 0.494596 1.339236 1.394288 2.327394 0.023890 0.075359 0.088429 0.020609 0.012444 0.015647 0.004815 0.093208 1.334713 5.152775 3.321441 0.175671 0.032360 0.069541 0.021286 0.022864 0.018295 0.064386 0.019883 0.009983 0.012204 0.006516 0.093350 0.735386 0.397400 1.381730 1.058318 1.901640 1.373924 0.873896 2.138517 0.736642 -0.018908 0.027367 0.023340 0.032242 0.017110 0.034907 0.042059 1.966365 0.537015 0.920031 1.612663
