use_cases/Flooding_chicago/flooding_data/output/hUy_300.asc
ncols 337
nrows 393
xllcorner 428428.000000
yllcorner 4602440.000000
cellsize 26.757400
NODATA_value -9999.000000
[rows 130 to 155 of 393, columns 174 to 231 of 337]
0.026422 0.009347 0.000559 0.000009 0.000155 0.102071 0.210176 0.034267 0.051455 0.029050 0.015848 0.021668 0.024788 0.032053 0.022728 0.047723 0.044751 0.012541 0.000059 -0.060895 -0.188583 -0.172593 -0.026718 -0.060575 -0.166941 -0.093809 -0.001274 -0.000641 -0.001871 -0.008902 0.012608 -0.009633 0.021658 0.037893 0.017745 0.028333 0.003887 0.000757 0.000491 0.000025 0.092293 0.015369 0.070331 0.102043 0.133175 0.039745 0.060869 0.062184 0.091671 0.004160 0.000534 0.000511 0.000268 -0.000207 -0.000007 0.033261 0.370004 0.014177
0.006842 0.000321 -0.000118 -0.007951 -0.000339 0.036999 0.062966 0.006937 0.017390 0.012546 0.013969 0.006008 0.019426 0.014277 0.017412 0.010240 0.017274 0.001665 -0.000278 -0.000006 -0.183449 -0.365954 -0.090677 -0.083286 -0.082978 -0.017794 -0.000531 -0.000347 -0.000160 -0.001526 0.337718 0.014537 0.019187 0.029954 0.009555 0.012437 0.000891 -0.000110 -0.000156 -0.016873 0.003528 0.030582 0.017319 0.026621 0.010689 0.036062 0.038177 0.031074 0.026829 0.012423 0.000798 0.000718 -0.000039 -0.000811 0.002342 0.037458 0.044746 0.007847
0.000000 -0.000098 -0.006242 -0.026415 -0.026027 -0.002601 0.017955 0.000143 0.000061 0.000140 0.000222 0.000444 0.000025 0.000373 0.000308 0.000143 0.000002 -0.000132 -0.000256 -0.005267 -0.178305 -0.843753 -0.098770 -0.126701 -0.014639 -0.004231 -0.017717 -0.016829 -0.000305 0.009356 0.050540 0.001127 0.007224 0.011934 0.000965 0.000473 -0.000082 -0.010454 -0.006865 -0.165373 0.030576 0.013930 0.007807 0.015076 0.008813 0.011553 0.007295 0.021050 0.002491 0.003216 0.000222 0.000103 -0.000243 -0.000513 -0.001719 0.000000 0.000252 0.000368
-0.017748 -0.017371 -0.022144 -0.031583 -0.099825 -0.001118 -0.000011 -0.000156 -0.000063 -0.000140 -0.000222 -0.000220 -0.022743 -0.000644 -0.000422 -0.000128 -0.003366 -0.005917 -0.000559 -0.021609 0.015371 -1.640857 -0.503594 -0.083634 -0.027565 -0.017162 -0.057430 -0.020105 -0.001702 0.000911 0.001853 0.001861 0.000318 0.000270 0.000000 -0.000270 -0.007921 -0.025028 -0.077179 -0.137243 0.112186 0.004398 0.000289 0.000369 0.000724 0.000405 0.000015 0.000000 -0.000376 -0.001835 -0.000222 -0.000103 -0.000178 -0.000620 -0.008361 -0.031046 -0.002432 -0.005276
-0.042737 -0.036390 -0.030720 -0.031642 -0.167017 -0.009559 -0.004772 -0.041695 -0.010325 -0.007424 -0.008512 -0.030915 -0.045468 -0.025897 -0.019993 -0.008552 -0.017617 -0.010803 -0.000108 0.000595 0.036007 -0.398280 -1.005003 -0.027165 -0.065802 -0.050708 -0.046492 -0.001881 -0.000892 -0.000422 -0.000429 0.000093 -0.000110 -0.000473 -0.000965 -0.001060 -0.022262 -0.201280 -0.009622 -0.017413 0.008066 0.000152 0.000068 -0.000388 -0.000781 -0.000588 -0.010501 -0.004899 -0.048769 -0.002741 -0.006512 -0.009819 -0.007689 -0.000783 -0.002576 -0.068952 -0.080294 -0.003475
-0.055861 -0.068857 -0.048735 -0.124810 -0.154770 -0.025162 -0.021986 -0.067524 -0.018382 -0.021423 -0.017894 -0.059096 -0.036274 -0.060040 -0.040167 -0.018802 -0.021785 -0.002178 0.000018 0.000120 0.000128 -0.195516 -0.660870 -0.218023 -0.099165 -0.072689 -0.023027 -0.017004 -0.019592 -0.008426 -0.000483 -0.000212 -0.001110 -0.006723 -0.024106 -0.002495 -0.029233 -0.194862 0.064679 0.027675 0.000312 -0.000054 -0.000755 -0.008641 -0.009409 -0.021964 -0.022483 -0.043272 -0.073155 -0.025297 -0.024902 -0.020002 -0.024515 -0.000656 -0.012493 -0.011538 -0.161690 -0.048020
-0.068531 -0.101467 -0.053265 -0.261302 -0.112731 -0.063951 -0.038366 -0.064568 -0.013582 -0.030419 -0.076400 -0.059527 -0.022085 -0.035228 -0.075930 -0.057064 -0.026995 -0.002491 -0.000267 -0.000174 -0.000150 -0.073626 -0.533069 -0.522401 -0.094664 -0.011931 -0.004814 -0.039237 -0.024019 -0.014110 -0.001569 -0.014111 -0.012167 -0.033947 -0.041652 -0.014196 -0.293725 -0.155414 0.007400 0.007435 0.000101 -0.001634 -0.018788 -0.014952 -0.015393 -0.036280 -0.020262 -0.077360 -0.085596 -0.052302 -0.039517 -0.023634 -0.018196 -0.000939 -0.035037 -0.010972 -0.379049 -0.242839
-0.159975 -0.199133 -0.010521 -0.105874 -0.296366 -0.055711 -0.070387 -0.041324 -0.019678 -0.032422 -0.685042 -0.058860 -0.023360 -0.008482 -0.064384 -0.138279 -0.022093 -0.011777 -0.016399 -0.008779 -0.011309 -0.027192 -0.407121 -0.420306 -0.062525 -0.031279 -0.018258 -0.020328 -0.001769 -0.002097 -0.008616 -0.018862 -0.040989 -0.049300 -0.040006 -0.174890 -0.195097 -0.000000 -0.000004 -0.000118 -0.002011 -0.009269 -0.047985 -0.017318 -0.017544 -0.029732 -0.064470 -0.095657 -0.093998 -0.065459 -0.039152 -0.039657 -0.002289 -0.000575 -0.006304 -0.008113 -0.000659 0.000650
0.143027 -0.291062 -0.017810 -0.044267 -0.234121 -0.186943 -0.281846 -0.160346 -0.089980 -0.042417 -0.041074 -0.713524 -0.017383 -0.021227 -0.056246 -0.164862 -0.079584 -0.018280 -0.022293 -0.026191 -0.072185 -0.027364 -0.367538 -0.093487 -0.054111 -0.033694 -0.042547 -0.002366 -0.011142 -0.012233 -0.014937 -0.021824 -0.059016 -0.051300 -0.048969 -0.774018 -0.115527 -0.019230 -0.014680 -0.016488 -0.023385 -0.005893 -0.018043 -0.018848 -0.018857 -0.034108 -0.094269 -0.108152 -0.075852 -0.069339 -0.076364 -0.058642 -0.024643 -0.011553 -0.002329 -0.049403 -0.041835 -0.003925
0.231235 -0.221218 -0.008198 -0.018692 -0.001566 -0.033135 -0.398493 -0.214776 -0.234061 0.004959 0.064223 0.056545 0.014480 -0.102525 -0.254805 -0.289641 -1.727281 0.407133 0.042658 -0.282930 0.014462 0.031526 0.098593 -0.031700 -0.186111 0.115313 -0.006506 -0.000882 -0.026442 -0.017579 -0.017859 -0.050832 -0.016761 -0.092920 0.106752 -0.425372 -0.489921 -0.041582 -0.023846 -0.049776 -0.042805 -0.020622 -0.045793 -0.013796 -0.027009 -0.030901 -0.073147 -0.211824 -0.040777 -0.061132 -0.122324 -0.081059 -0.034215 -0.039183 -0.009942 -0.095036 -0.074578 -0.017693
0.167369 0.133587 0.005358 0.000000 0.183347 0.132546 -0.023690 0.221645 0.104512 0.043266 0.020117 0.011412 0.027818 0.095336 0.091602 0.211149 0.232070 1.376889 0.562084 -0.228051 0.061947 0.016692 0.007877 0.019012 -0.048214 0.159166 -0.024729 0.005791 -0.021625 -0.022232 -0.032870 -0.071553 -0.005075 -0.000234 0.193488 -0.200332 -0.211620 -0.009511 -0.034944 -0.084858 -0.048335 -0.035465 -0.031878 -0.027983 -0.054234 -0.032736 -0.124431 -0.236521 -0.035275 -0.045313 -0.113535 -0.113689 -0.047136 -0.069035 -0.031776 -0.112510 -0.065091 -0.069493
0.030575 0.017821 0.029743 0.293004 0.294899 0.262678 0.023723 0.036191 0.049561 0.023072 0.018803 0.005470 0.025669 0.056597 0.034442 0.026619 0.037430 0.029599 0.070433 0.107272 0.074183 0.011415 0.000490 0.083579 0.329019 0.213083 0.013428 0.028033 -0.030132 -0.041661 -0.040445 -0.086799 -0.012955 -0.002783 0.012766 0.341342 0.012920 -0.004702 -0.031120 -0.158075 -0.052053 -0.050905 -0.019892 -0.039396 -0.096588 -0.024484 -0.081877 -0.637774 -0.039886 -0.021302 -0.079086 -0.141131 -0.083435 -0.098392 -0.041007 -0.152285 -0.080073 -0.447298
0.008147 0.005898 0.016201 0.115969 0.177224 0.052162 0.012108 0.024279 0.010081 0.010161 0.010864 0.005529 0.006177 0.010141 0.005589 0.021636 0.015479 0.011715 0.020146 0.077487 0.056276 0.004992 0.087510 0.060365 0.086171 0.282183 0.038999 0.071294 0.016627 -0.222755 -0.076570 -0.080066 -0.012913 -0.000849 0.001237 0.014421 0.003946 0.000040 -0.010496 -0.151484 -0.153609 -0.103723 -0.018243 -0.119711 -0.076050 -0.028496 -0.023264 -0.387548 -0.330359 -0.015528 -0.016463 -0.079448 -0.303049 -0.201556 -0.146072 -0.063849 -0.362772 -0.063654
0.013591 0.012104 0.005364 0.083122 0.072432 0.014676 0.000753 0.013280 0.000993 0.001106 0.000255 -0.000630 -0.000178 0.000008 0.000346 0.007853 0.004927 0.004218 0.002953 0.050236 0.028838 0.003808 0.165165 0.003983 0.006085 0.468583 0.177050 0.122219 0.070035 0.149466 -0.045725 -0.013095 -0.000949 -0.000390 0.000009 0.000140 0.000222 0.000003 -0.000819 -0.029844 -0.165774 -0.216821 0.127515 -0.473586 -0.070272 -0.031366 -0.007286 -0.000381 -0.207750 -0.104476 -0.030478 0.023719 -0.018994 -0.097174 -0.076713 -0.037986 -0.168510 0.007793
0.016394 0.016421 0.010580 0.152381 0.002207 0.080337 0.000996 0.000343 0.001010 0.001391 0.000014 -0.002859 -0.004053 -0.006415 -0.000180 0.000180 0.000222 0.025025 0.004896 0.025370 0.011645 0.022772 0.067494 0.013217 0.035625 0.143048 0.093999 0.019652 0.020323 0.290468 0.015334 -0.004955 -0.001762 -0.002236 -0.000120 -0.000139 -0.000222 -0.004703 -0.000426 -0.000010 0.012753 0.011535 0.241530 -0.315731 -0.015510 -0.005242 -0.002028 -0.009421 -0.199476 -0.197087 -0.031368 0.038771 0.015490 -0.081811 -0.081344 -0.035338 0.007618 0.101883
0.018249 0.020645 0.014264 0.080286 0.005609 0.016767 0.000157 -0.000033 -0.000023 0.000222 -0.000181 -0.016643 -0.105736 -0.018636 -0.007891 -0.000346 -0.000004 0.007512 0.001900 0.000365 0.000192 0.010238 0.009055 0.029997 0.034854 0.081228 0.014725 0.005733 0.072005 0.072030 0.078659 -0.004149 -0.004467 -0.001041 -0.011736 -0.005212 -0.008036 -0.016242 -0.006758 -0.096339 0.000000 0.035040 0.281594 0.014019 0.013183 -0.002539 -0.006432 -0.027114 -0.327388 -0.191157 -0.007437 0.007179 0.001551 0.000799 -0.029038 0.539795 0.178830 0.374201
0.016881 0.019787 0.002374 0.019249 0.005316 -0.000019 -0.000269 -0.000164 -0.000323 -0.000222 -0.005500 -0.010969 -0.376403 -0.012718 -0.018966 -0.006276 -0.000885 -0.000031 -0.000000 -0.000257 -0.000160 -0.000010 0.000272 0.006691 0.017020 0.012407 0.001334 0.000665 0.007463 0.133599 0.086648 0.050522 -0.005383 -0.010286 -0.018957 -0.015741 -0.016270 -0.041687 -0.070477 0.133115 0.050143 0.107545 0.096068 0.003476 0.002197 -0.000974 -0.002243 -0.028810 -0.820034 -0.055977 0.000142 0.000527 0.001078 0.001207 0.005230 0.924004 0.317785 0.733694
0.000150 0.000301 0.000245 0.000000 0.000000 -0.011542 -0.025631 -0.009273 -0.007840 -0.008612 -0.037185 0.143727 -0.101199 -0.001382 -0.010920 -0.012691 -0.000709 -0.011164 -0.006266 -0.001033 -0.018495 -0.037816 -0.000245 0.000000 0.000000 0.000000 -0.000756 -0.000393 -0.000016 0.014238 0.144115 0.142773 -0.019723 -0.006965 -0.029009 -0.027268 -0.029802 -0.001295 0.004713 0.236274 0.146547 0.012092 0.010897 0.006351 0.002199 -0.001056 -0.014121 -0.205492 -1.102097 -0.008896 -0.000071 0.000999 0.002138 0.014124 0.085187 1.302753 0.787211 0.222195
-0.024078 -0.000993 -0.002135 -0.011306 -0.012073 -0.006528 -0.104126 -0.092616 -0.013564 -0.017813 0.056198 0.325297 0.079347 0.006245 -0.001432 -0.002379 -0.011427 -0.021594 -0.021645 -0.000556 -0.011922 -0.038006 -0.070882 -0.004212 -0.014397 -0.008926 -0.050535 -0.047982 -0.005080 0.005182 0.016849 0.015313 0.000781 -0.004109 -0.008750 -0.006950 -0.137615 -0.045810 0.020172 0.029709 0.052443 0.003146 0.034507 0.006214 0.002060 -0.000660 -0.179962 0.395230 -0.261221 0.004407 0.007386 0.002720 0.005525 0.020214 0.034184 0.287189 0.641048 0.363721
-0.010196 -0.037348 -0.018114 -0.043344 -0.063113 -0.024875 -0.053355 -0.046573 -0.002978 -0.003198 0.033355 0.075801 0.095378 0.054504 -0.000857 -0.005224 -0.026042 -0.021447 -0.041283 -0.004940 0.000144 -0.082209 -0.267134 -0.007710 -0.049377 -0.044890 -0.143762 -0.146439 0.000498 0.000394 0.000569 0.000162 -0.000158 0.088899 0.048188 0.032745 0.191707 -0.033079 0.019059 0.002990 0.020073 0.006560 0.005901 0.000964 0.001012 0.000339 -0.120720 0.506687 0.052028 0.039689 0.041608 0.005689 0.000573 0.005776 0.015413 0.008038 0.342123 0.746451
-0.088530 -0.048833 -0.098420 -0.015264 -0.028588 -0.027674 -0.043844 -0.044180 -0.001583 -0.001875 0.017327 0.016840 0.003662 0.012348 0.000815 -0.014506 -0.014033 -0.052220 -0.019610 -0.006869 -0.001499 -0.028702 -0.025703 -0.060294 0.009610 0.417143 0.062731 0.031637 0.011005 -0.000331 -0.000247 -0.000173 0.089826 0.122659 0.095840 0.121946 0.285723 -0.004130 0.020892 0.003071 0.000129 0.000208 0.000003 0.000052 0.000084 0.004120 0.030056 0.715042 0.039725 0.033649 0.030669 0.019710 -0.000066 0.000003 0.000208 0.003625 0.003435 0.914573
-0.486251 0.126662 -0.034513 -0.007414 -0.016919 -0.020458 -0.028434 -0.031013 -0.001451 -0.002693 0.000000 0.000000 0.000000 0.000000 -0.000053 -0.000890 -0.001238 -0.006422 -0.010909 0.012746 0.024515 0.303492 0.235638 0.152264 0.101855 0.088061 0.339683 0.337883 0.049158 0.052977 -0.000554 0.005654 0.133769 0.143952 0.194782 0.009899 0.243669 0.140128 0.072898 0.017297 -0.000150 -0.000326 -0.014881 -0.001344 -0.000205 0.025485 0.466256 0.928970 0.001070 0.021220 0.023344 0.057266 0.054097 -0.005979 -0.000326 0.013875 0.009270 0.965324
-0.177896 0.111978 -0.016231 -0.013697 -0.031985 -0.106399 -0.113894 -0.036401 -0.027013 -0.032382 -0.010329 -0.018368 -0.005092 -0.012286 -0.005573 -0.064776 -0.001423 0.025826 0.141721 0.095849 0.128343 1.109835 0.036767 0.033688 0.030239 0.103896 0.115622 0.082972 0.086112 0.037068 0.069142 0.033344 0.239181 0.229691 0.023605 0.013152 0.036930 0.045070 0.247381 0.075833 0.164609 0.002994 -0.028199 -0.026115 -0.020808 0.112853 0.483727 0.307897 0.377780 0.082740 0.061157 0.114100 0.140715 0.115773 0.020141 0.035914 0.016152 0.345898
0.180710 0.070931 0.028726 -0.006139 -0.064546 -0.669799 -0.448491 0.097991 -0.033288 -0.033212 -0.334094 -0.334648 -0.014076 -0.030616 -0.058161 -0.295059 0.053783 1.152202 0.060236 0.038166 0.074252 0.031568 0.022393 0.010008 0.059922 0.115402 0.073850 0.044943 0.052369 0.068198 0.046141 0.049192 0.128350 0.088950 0.023911 0.015321 0.026108 0.037889 0.030745 0.140588 0.020397 0.009066 -0.027667 0.294228 0.258933 0.225977 0.348678 0.037303 0.046830 0.052250 0.036627 0.047365 0.039996 0.094267 0.054169 0.023876 0.047179 0.495721
0.115006 0.026013 0.020916 0.003335 -0.009837 -0.262736 0.852023 0.227564 0.128058 0.025884 0.072436 0.051189 -0.137319 0.190555 0.880788 0.117677 0.126489 0.072241 0.029593 0.041143 0.023081 0.022292 0.004574 0.006753 0.077630 0.095040 0.035593 0.020276 0.066187 0.053619 0.037908 0.049511 0.073245 0.049109 0.020785 0.013746 0.019997 0.034895 0.034742 0.067415 0.016669 0.030567 0.140062 0.262382 0.178839 0.058719 0.015095 0.021861 0.042044 0.028166 0.041461 0.038924 0.047730 0.034283 0.132121 0.073649 0.052648 0.358806
0.019851 0.024115 0.015294 0.008389 0.044255 0.399474 1.060932 0.174050 0.049906 0.016266 0.143019 0.174333 -0.032728 0.047617 0.031265 0.023664 0.074375 0.086976 0.020611 0.012448 0.015647 0.004814 0.000134 0.000002 0.030866 0.064211 0.033618 0.032366 0.069568 0.021287 0.022878 0.018296 0.064405 0.019882 0.009983 0.012204 0.006516 0.019879 0.036983 0.033670 0.054141 0.019623 0.111513 0.166255 0.130028 0.008040 0.000343 0.009862 0.022686 0.023361 0.032274 0.017126 0.033465 0.038137 0.106068 0.039674 0.049999 0.187073
