use_cases/Flooding_chicago/flooding_data/output/hUy_2700.asc
ncols 337
nrows 393
xllcorner 428428.000000
yllcorner 4602440.000000
cellsize 26.757400
NODATA_value -9999.000000
[rows 182 to 207 of 393, columns 174 to 231 of 337]
0.002378 0.001422 0.000441 -0.000046 -0.000012 0.007726 -0.021123 0.527207 0.632851 1.390385 0.738571 -0.314265 -0.055456 1.699883 0.094138 -0.007136 -0.006915 -0.026177 -0.039462 -0.221123 0.418831 -0.079694 1.075394 0.029464 1.585436 0.120109 0.135190 1.385502 0.051616 0.036677 0.001315 -0.002045 -0.029322 -0.001706 -0.001623 -0.001306 0.312517 0.015932 0.356901 0.275546 0.006292 -0.008276 -0.023373 -0.013706 -0.008024 -0.004797 -0.081210 -0.034099 -0.050623 -0.002510 0.000737 0.000014 1.521354 5.073457 5.026087 4.626018 2.916047 0.062385
0.000505 0.017008 0.000852 -0.000748 -0.000881 0.038041 0.025105 0.565229 0.742987 1.618574 0.977665 -0.282539 -0.043982 2.068933 0.314460 0.092881 -0.057038 -0.094371 -0.059379 -0.109808 0.994604 0.260428 1.559112 0.082475 0.027352 0.011458 0.137364 0.259182 0.009880 0.019398 0.000412 -0.011068 -0.021482 -0.006860 -0.002197 -0.001843 0.176973 0.011065 0.025517 0.006387 0.000592 -0.002160 -0.050256 -0.011016 -0.006904 -0.003214 -0.086377 -0.051058 0.163542 0.521472 0.203948 0.529321 3.483477 5.777359 3.445596 3.189682 1.471771 0.022137
-0.000161 0.005879 0.000608 0.020442 0.107855 0.144751 0.034839 0.206639 0.731429 1.726740 0.800915 0.050262 0.022321 0.011422 0.012176 0.019243 0.020615 -0.006859 0.335066 0.439115 1.548453 0.979764 0.032869 0.019551 0.011993 0.009685 0.009378 0.176920 0.000721 0.001046 -0.000084 -0.002338 -0.096454 -0.003303 -0.033589 -0.004751 0.126326 0.000010 0.000360 0.000360 -0.000058 -0.001090 -0.054315 -0.042376 -0.079013 -0.061023 -0.151484 1.020750 1.507397 1.512792 0.323067 0.500600 1.984484 3.024796 1.952966 2.357104 2.058667 0.053404
-0.002679 -0.000140 0.000083 0.004693 0.078348 0.068460 0.060105 0.007417 0.611877 1.949663 1.277202 0.006571 0.000009 0.000464 0.005350 0.016137 0.021779 0.064248 0.238762 0.273242 0.063145 0.089578 0.037181 0.003930 0.005252 0.002194 0.000081 0.230884 0.000051 0.000510 -0.000573 0.004439 0.014007 -0.073667 -0.180143 -0.098464 0.007877 -0.017697 -0.000360 -0.000360 -0.001000 -0.000439 -0.007031 -0.080512 -0.138070 0.832348 1.146009 1.377155 2.119852 1.743294 0.018575 0.014331 0.803238 1.153937 2.002352 4.181780 2.312504 0.137328
-0.047604 -0.005209 -0.000282 -0.000006 0.073763 0.066075 0.015642 0.003490 0.121837 1.350431 1.996573 0.748038 -0.004109 -0.000067 0.000000 0.006078 0.016158 0.057020 0.110642 0.163282 0.031879 0.086524 0.027649 0.009907 0.009321 0.003109 -0.000314 0.207249 -0.000649 0.000657 -0.000006 0.050230 0.036206 0.033641 0.135599 0.052949 0.011158 -0.460164 -0.007599 -0.011391 -0.001948 -0.000651 -0.020788 0.460459 0.893211 1.239526 1.530484 1.438744 0.434860 0.019351 0.009156 0.007039 0.000991 0.133765 1.858932 3.693832 3.773487 0.362327
-0.073654 -0.008284 -0.001021 0.002754 0.055726 0.032986 0.002884 0.000631 0.010298 0.024825 1.275114 2.503698 -0.035803 -0.011301 -0.006293 0.000345 0.010688 0.011068 0.070293 0.109084 0.089201 0.043445 0.012078 0.020307 0.013250 0.003070 -0.000518 0.146372 -0.009656 0.000153 0.000807 0.011784 0.008315 0.187753 0.026345 0.058451 0.021467 -0.453518 -0.243984 -0.252948 -0.075355 -0.041457 0.053766 0.660257 0.918746 1.723464 1.616729 0.000172 0.000120 0.000139 0.000222 0.000103 0.000712 0.052040 1.457812 3.135252 4.410612 2.015700
-0.096274 -0.010566 -0.001582 0.002686 0.002029 0.000634 -0.000023 -0.000029 0.020139 0.032264 1.109786 1.032259 0.651546 -0.043469 -0.016356 -0.000273 0.000958 0.002652 0.015866 0.055769 0.080619 0.026672 0.040503 0.051799 0.036172 0.004535 -0.000781 0.073216 -0.010802 -0.000080 0.000148 0.000222 0.002632 0.070918 0.033482 0.017760 0.001864 0.001000 -0.098243 -0.298626 -0.216396 -0.270647 0.199211 0.703013 1.097490 1.634727 1.720715 -0.000156 -0.000014 -0.000140 -0.000222 -0.000103 0.000126 0.015514 0.348230 3.112564 4.414160 2.818069
-0.031496 -0.002442 -0.001182 -0.001322 -0.000685 -0.000363 -0.000362 -0.000368 0.039941 0.045210 0.815291 0.887204 0.743134 -0.027454 -0.016347 -0.001014 -0.000177 0.003632 0.000549 0.078526 0.007727 0.009703 0.029768 0.043609 0.011041 0.001008 -0.133083 0.045039 0.023444 -0.000160 -0.000248 -0.000222 0.008926 0.051742 0.001883 0.001297 0.000467 0.001821 0.001126 -0.231251 -0.146478 -0.528186 0.418439 0.504049 1.098603 1.431295 1.254635 0.122174 -0.001207 -0.014051 -0.020218 -0.008626 -0.000506 0.073577 0.644320 2.395313 3.870678 2.709419
-0.015152 -0.001017 -0.017336 -0.003711 -0.002018 -0.014944 -0.006945 0.007983 0.055510 0.044221 0.691589 1.030049 0.703329 0.178983 -0.020784 -0.000553 -0.000738 0.000013 0.000402 0.035438 0.000251 0.000517 0.005758 0.020358 0.010024 0.001064 -0.085947 0.037541 0.022076 -0.140684 0.000078 -0.000015 0.002031 0.020866 0.010842 0.003218 0.000821 0.003144 0.001945 -0.098269 -0.099871 -0.082718 0.459934 0.437191 1.198528 1.226189 0.924198 0.127265 -0.024001 -0.612826 -0.094068 0.983628 0.644886 0.579291 0.787572 2.762519 2.895373 2.072790
-0.012659 -0.016053 -0.069002 -0.013833 -0.021104 -0.042582 -0.020003 0.006338 0.035938 0.013269 0.536200 0.929693 0.502817 0.384798 0.033598 0.003084 0.000501 -0.000724 -0.000434 -0.000010 -0.000126 -0.000068 0.000003 0.000208 0.000106 0.000083 -0.056129 -0.073598 -0.161315 -0.072578 0.000825 0.000476 0.001171 0.007086 0.006648 0.019631 0.011175 0.025183 0.017904 -0.034145 -0.063524 0.092369 0.727017 0.579749 1.479572 0.815057 0.727069 0.266276 0.034080 0.637374 1.337016 1.545652 0.798028 0.763272 1.915980 3.010849 1.320394 0.040358
-0.004217 -0.054285 -0.031365 -0.007724 -0.003132 -0.002782 0.014855 -0.005567 0.155091 -0.180764 0.586515 0.861798 0.351873 0.018480 0.019057 0.006567 0.004122 -0.001723 -0.003412 -0.009513 -0.023214 -0.000867 -0.007254 -0.000326 -0.000121 -0.000086 -0.089666 -0.212224 -0.064142 0.016849 0.001258 0.000424 0.000000 0.000007 0.000352 0.007760 0.004261 0.007058 0.003665 -0.009154 0.151592 0.235408 0.796044 0.380600 1.002281 0.816107 0.625095 0.459007 0.403841 1.086439 1.433909 1.432777 0.553554 0.572355 1.714325 1.771494 0.043095 0.003528
-0.001094 -0.008668 -0.258756 -0.006733 0.017292 0.031860 0.004584 0.000707 0.860981 -0.247643 0.503718 0.566310 0.270633 0.000529 0.006923 0.026432 0.012602 0.005432 -0.001702 -0.076179 -0.020383 -0.001230 -0.015907 -0.011371 -0.008070 -0.007198 -0.085825 -0.226049 0.000367 0.007712 -0.000288 -0.002101 -0.016418 -0.007847 -0.000352 -0.000007 -0.000000 0.000100 0.000002 -0.002104 0.376582 0.282036 0.658408 0.378316 1.245697 0.594860 0.588995 0.501082 0.497708 0.851278 1.223791 1.431715 0.602315 0.744390 0.822695 0.840518 0.003763 0.001812
-9999.000000 -0.015733 -0.014381 -0.008911 0.000000 0.004732 0.003193 0.079253 1.075008 -0.055233 0.323491 0.545857 0.424527 -0.002210 0.004441 0.008895 0.020337 0.015515 -0.000345 -0.028152 -0.160283 -0.010779 -0.017539 -0.017018 -0.020062 -0.008077 -0.342188 -0.086758 -0.000105 0.000000 -0.000490 -0.030815 -0.061489 -0.019065 -0.006462 -0.006063 -0.008704 -0.000220 -0.005815 -0.000381 0.485585 0.167710 0.711312 0.703192 1.381763 0.337348 0.292723 0.531479 0.454551 0.977778 1.288132 1.419893 1.210773 1.629245 1.411813 0.820913 0.005832 -0.000823
-9999.000000 -9999.000000 -0.012045 -0.004658 0.001131 0.018554 0.011618 0.059963 0.030217 0.102021 0.006947 0.266028 0.720565 -0.002409 0.001004 0.010154 0.026196 0.021972 0.001053 0.000910 -0.138029 -0.118508 -0.081651 -0.045955 -0.066361 -0.020153 -0.708037 -0.017873 -0.009922 -0.003663 -0.009249 -0.066967 -0.076737 -0.042022 -0.012282 -0.013361 -0.023106 -0.007532 -0.012979 -0.001337 0.539300 0.168373 0.457294 0.769030 1.436730 0.002507 0.004316 0.003816 0.241408 0.641031 1.292005 1.601351 1.470434 1.751961 2.022207 1.301676 0.108984 0.062193
-9999.000000 -9999.000000 -9999.000000 -0.000407 0.003073 0.046941 0.025674 0.025172 0.010956 0.000932 -0.003021 0.195446 0.730520 -0.000957 -0.000546 0.000427 0.027732 0.023007 0.001415 0.000746 -0.080560 -0.066725 -0.034699 -0.085754 -0.013995 -0.002003 -0.962872 -0.030865 -0.021581 -0.010332 -0.015723 -0.073705 -0.108835 -0.062414 -0.011421 -0.032927 -0.026346 -0.030517 -0.001563 -0.001131 0.562312 0.000731 0.480678 0.500659 1.402387 0.002122 0.001149 -0.002413 0.001928 0.342317 1.133703 1.081693 1.357756 1.882158 2.100715 1.879831 0.517855 0.401268
-9999.000000 -9999.000000 -9999.000000 0.000039 0.001280 0.022552 0.059944 0.001742 0.000065 0.000640 0.008761 0.408097 0.982710 0.014239 -0.000613 -0.000091 0.000400 0.000740 0.000035 -0.000327 0.000130 -0.040393 -0.025327 -0.031049 -0.006050 -0.002752 -0.693653 -0.376446 -0.028640 -0.020589 -0.023358 -0.021348 -0.197454 -0.016878 -0.020864 -0.053923 -0.030128 -0.043120 -0.008488 0.087176 0.454990 0.001106 0.491779 0.811199 1.661965 0.300724 -0.052416 -0.343383 -0.068525 0.301148 0.439757 0.900734 1.375312 1.952427 2.649499 1.968032 1.016778 0.786661
-9999.000000 -9999.000000 -9999.000000 -9999.000000 0.002134 0.013498 0.015242 0.001775 0.000088 0.000581 0.023804 0.134007 1.470143 0.094533 -0.000533 -0.011672 -0.000679 -0.001041 -0.001659 -0.000939 -0.000226 -0.016248 -0.014185 -0.017242 -0.003874 -0.003147 -0.537620 -0.373108 -0.027777 -0.032774 -0.004471 -0.008143 -0.193286 -0.086803 -0.014923 -0.055036 -0.023452 -0.034833 -0.024630 0.171669 0.313455 0.106343 0.837372 0.715118 1.522756 0.745896 0.310169 -0.165696 -0.085761 0.349759 0.611160 0.909505 1.450873 2.150383 2.506072 2.098886 1.106409 0.836586
-9999.000000 -9999.000000 -9999.000000 -9999.000000 0.001944 0.000772 0.006417 0.001296 0.000409 0.000147 0.082490 0.133661 0.111752 0.067363 -0.001186 -0.028505 -0.008547 -0.013004 -0.009957 -0.032416 -0.019562 -0.008193 -0.054653 -0.012588 -0.003919 -0.001790 -0.280781 -0.858486 -0.055589 -0.042323 -0.009536 -0.004235 -0.092369 -0.057919 -0.051116 -0.074194 -0.037190 -0.111416 -0.010132 0.369289 0.441658 0.505762 1.014104 1.181880 1.890829 1.128025 0.427440 0.012517 -0.169646 0.194055 0.513827 1.043703 1.561991 1.561284 2.564291 1.876491 0.970806 0.612569
-9999.000000 -9999.000000 -9999.000000 -9999.000000 -0.000011 -0.000270 0.000000 0.000144 0.000181 0.000550 0.118262 0.193472 0.001306 0.006383 0.000073 -0.068480 -0.017429 -0.027044 -0.018450 -0.076020 -0.016648 -0.040169 -0.076078 -0.023421 -0.029162 -0.014849 -0.347618 -0.617035 -0.309924 -0.038510 -0.037201 -0.042637 -0.102537 -0.083018 -0.065241 -0.090109 -0.055217 0.094594 0.015258 0.414133 0.542995 0.746735 1.168891 1.285323 2.081088 1.187677 0.626879 0.137752 0.088088 -0.029118 0.552724 1.051730 1.546713 1.456791 1.779738 1.340328 0.836442 0.490065
-9999.000000 -9999.000000 -9999.000000 -9999.000000 -9999.000000 -0.012354 -0.004217 -0.000250 0.000256 0.000388 0.046727 0.076112 0.000678 0.000760 0.000366 -0.092624 -0.170791 -0.099480 -0.188520 -0.168694 -0.022262 -0.054341 -0.056495 -0.045162 -0.048741 -0.029265 -0.622028 -0.977060 -0.133267 -0.099644 -0.077455 -0.049240 -0.199826 -0.126495 -0.800257 -1.014426 0.393182 0.707095 0.457340 0.706331 1.162363 1.170413 1.165132 1.453337 2.044464 1.317887 0.658100 0.183972 0.117055 0.164327 0.526082 0.751903 1.160509 1.347563 1.761964 0.940317 0.379111 0.017534
-9999.000000 -9999.000000 -9999.000000 -9999.000000 0.000565 -0.020072 -0.007918 -0.006429 -0.000346 0.000303 0.056843 0.100377 0.000410 0.001111 0.000121 0.000103 -0.030818 -0.025512 -0.053345 -0.099172 -0.262935 -0.251577 -0.028667 -0.046809 -0.052909 0.000109 -0.437372 -0.740253 -0.313701 -0.361111 -0.014520 -1.036426 -0.566561 0.302354 0.016206 -0.244571 0.811671 0.925175 0.603127 0.742549 1.494036 1.576762 1.190865 1.727794 2.109874 1.179959 0.861256 0.177956 0.104815 0.102590 0.364909 0.345315 0.710449 1.222811 0.992710 0.018554 0.000870 0.001378
-9999.000000 -9999.000000 -9999.000000 -9999.000000 -0.003526 -0.065826 -0.017156 -0.005676 -0.001515 -0.000546 0.040267 0.077862 -0.000083 0.000000 -0.000113 -0.000103 0.003834 0.000222 0.000566 -0.023870 -0.102490 -0.374310 -0.400867 -0.156319 -0.026014 -0.014573 -0.353168 -0.560879 -0.227424 -0.115221 0.419980 -0.198167 -0.082172 0.450111 0.316805 0.093884 0.741338 0.766953 0.823023 1.061660 1.569557 1.359723 1.461652 1.514964 1.697770 0.984939 0.595585 0.138054 -0.003392 -0.056329 0.311128 0.282641 0.561137 0.551199 0.412524 0.000198 0.000137 0.000844
-9999.000000 -9999.000000 -9999.000000 -9999.000000 0.000771 -0.009520 -0.106979 -0.003227 -0.001589 -0.000735 0.032488 0.029738 -0.015863 -0.003663 -0.005468 -0.058003 -0.036747 -0.000222 0.001509 -0.004094 0.349447 0.016768 -0.102978 -0.048441 -0.079483 -0.203459 -0.292977 -0.170086 -0.407258 0.518874 0.516654 0.766647 0.375571 0.589859 0.465551 0.261259 0.748696 0.888869 0.718593 1.073838 1.276334 1.198136 0.956199 1.460114 0.889151 0.474896 0.241919 0.238329 -0.049959 0.000179 0.266046 0.222074 0.341792 0.393137 0.000059 -0.000214 -0.000783 -0.001410
-9999.000000 -9999.000000 -9999.000000 0.000013 0.000308 0.000295 -0.065921 -0.001553 -0.001191 0.013697 0.134585 -0.003245 0.073880 -0.056173 -0.104097 -0.122140 -0.047438 -0.021655 -0.002691 0.080534 0.707226 0.109638 0.000801 0.000458 -0.084639 -0.097882 0.038692 0.305469 0.992260 0.893636 0.642911 0.591139 0.615916 0.558092 0.461941 0.302467 0.639989 0.862937 0.832276 0.770590 1.078225 0.708865 0.450068 1.105457 0.739521 0.328665 0.108770 0.062536 -0.178307 -0.167692 0.267075 0.012677 0.016207 0.000953 -0.034021 -0.014251 -0.036300 -0.049836
-9999.000000 -9999.000000 -9999.000000 -0.009021 -0.000831 -0.000447 -0.041669 -0.027636 -0.012587 0.029874 0.113194 0.102438 0.003663 -0.015679 -0.030446 -0.033111 -0.234491 -0.020926 -0.041688 0.131107 0.263367 0.000000 -0.000234 -0.000279 -0.026949 0.501959 0.440536 0.902327 1.137893 1.132195 0.519837 0.416786 0.765751 0.577354 0.370602 0.391382 0.694949 0.972051 0.804859 0.786296 0.422244 0.469249 0.043168 1.281689 0.740698 0.260174 -0.024120 -0.047576 -0.242213 -0.255523 -0.000139 0.000208 0.000003 -0.000089 -0.004138 -0.724547 -1.587381 0.244370
-9999.000000 -9999.000000 -9999.000000 -0.024987 -0.000667 0.003598 0.018404 -0.135829 -0.215035 0.003856 0.000044 0.000000 0.000000 0.000000 0.000000 -0.013988 -0.017173 -0.012508 -0.033669 0.029708 0.014590 0.005580 -0.022568 -0.009600 0.237538 0.963254 0.847707 0.925463 1.081901 0.559315 0.126672 0.101483 0.355061 0.317603 0.444019 0.447560 0.859964 1.196700 1.237543 0.373624 0.022232 0.020917 0.019831 1.176208 1.033671 0.240082 -0.032441 -0.034677 -0.272943 -0.306031 -0.396745 -0.000326 -0.005982 -0.045991 0.050614 -0.046996 -1.061704 0.328594
