use_cases/Flooding_chicago/flooding_data/output/hUy_2160.asc
ncols 337
nrows 393
xllcorner 428428.000000
yllcorner 4602440.000000
cellsize 26.757400
NODATA_value -9999.000000
[rows 260 to 285 of 393, columns 0 to 57 of 337]
-9999.000000 -9999.000000 -9999.000000 -9999.000000 -9999.000000 -9999.000000 -9999.000000 -9999.000000 -9999.000000 -9999.000000 -9999.000000 -9999.000000 -9999.000000 -9999.000000 -9999.000000 -9999.000000 -9999.000000 -9999.000000 -9999.000000 -9999.000000 -9999.000000 -9999.000000 -9999.000000 -9999.000000 -9999.000000 -9999.000000 -9999.000000 -9999.000000 -9999.000000 0.006033 0.155734 0.543011 0.670823 0.832257 0.444252 0.635019 0.856974 1.308275 0.553406 0.106980 -0.037214 0.675252 0.545972 0.245107 0.057980 -0.166569 -0.048330 0.388218 0.697539 0.538673 0.388554 0.152261 -0.166187 0.073264 0.108686 0.072145 0.542882 0.454624
-9999.000000 -9999.000000 -9999.000000 -9999.000000 -9999.000000 -9999.000000 -9999.000000 -9999.000000 -9999.000000 -9999.000000 -9999.000000 -9999.000000 -9999.000000 -9999.000000 -9999.000000 -9999.000000 -9999.000000 -9999.000000 -9999.000000 -9999.000000 -9999.000000 -9999.000000 -9999.000000 -9999.000000 -9999.000000 -9999.000000 -9999.000000 -9999.000000 -9999.000000 0.003663 0.008926 0.103885 0.277282 1.142320 0.873188 0.238033 0.839938 1.245715 0.574987 0.224430 0.010115 0.827688 0.708861 0.331975 0.116305 -0.119776 -0.008781 0.418259 0.788916 0.507857 0.342375 0.130246 -0.102599 0.085252 0.137208 0.100251 0.817281 0.600719
-9999.000000 -9999.000000 -9999.000000 -9999.000000 -9999.000000 -9999.000000 -9999.000000 -9999.000000 -9999.000000 -9999.000000 -9999.000000 -9999.000000 -9999.000000 -9999.000000 -9999.000000 -9999.000000 -9999.000000 -9999.000000 -9999.000000 -9999.000000 -9999.000000 -9999.000000 -9999.000000 -9999.000000 -9999.000000 -9999.000000 -9999.000000 -9999.000000 -9999.000000 0.000000 0.000395 0.001707 0.115430 0.701416 0.581635 0.586660 0.775100 1.338059 0.824547 0.292318 0.165906 0.838497 0.636416 0.455627 0.181260 -0.059511 0.025322 0.483329 0.679573 0.555727 0.224679 0.072384 -0.124706 0.044921 0.254806 0.030042 0.107529 0.170463
-9999.000000 -9999.000000 -9999.000000 -9999.000000 -9999.000000 -9999.000000 -9999.000000 -9999.000000 -9999.000000 -9999.000000 -9999.000000 -9999.000000 -9999.000000 -9999.000000 -9999.000000 -9999.000000 -9999.000000 -9999.000000 -9999.000000 -9999.000000 -9999.000000 -9999.000000 -9999.000000 -9999.000000 -9999.000000 -9999.000000 -9999.000000 -9999.000000 -9999.000000 -0.000545 0.000495 0.006875 0.017240 0.237483 0.189411 0.508787 0.790140 1.064450 0.740928 0.398091 0.338913 0.996984 0.685900 0.565954 0.339237 -0.110704 0.028205 0.517645 0.676429 0.411697 0.174843 0.032261 -0.173812 0.090434 0.027446 0.036477 0.013770 0.051964
-9999.000000 -9999.000000 -9999.000000 -9999.000000 -9999.000000 -9999.000000 -9999.000000 -9999.000000 -9999.000000 -9999.000000 -9999.000000 -9999.000000 -9999.000000 -9999.000000 -9999.000000 -9999.000000 -9999.000000 -9999.000000 -9999.000000 -9999.000000 -9999.000000 -9999.000000 -9999.000000 -9999.000000 -9999.000000 -9999.000000 -9999.000000 0.002015 0.000844 -0.000548 0.001134 0.007503 0.028460 0.039071 0.024774 0.503213 0.773133 1.212186 0.505560 0.433539 0.412996 1.074870 1.018588 0.934877 0.351313 -0.142778 0.013074 0.658736 0.809082 0.388993 0.125640 0.018868 -0.200926 0.187322 0.027398 0.029839 0.022666 0.111276
-9999.000000 -9999.000000 -9999.000000 -9999.000000 -9999.000000 -9999.000000 -9999.000000 -9999.000000 -9999.000000 -9999.000000 -9999.000000 -9999.000000 -9999.000000 -9999.000000 -9999.000000 -9999.000000 -9999.000000 -9999.000000 -9999.000000 -9999.000000 -9999.000000 -9999.000000 -9999.000000 0.000627 0.001204 0.000057 0.058722 0.000989 0.000812 -0.005985 0.000107 0.001936 0.025438 0.058859 0.046756 0.279201 0.756748 1.315972 0.522026 0.240450 0.200555 1.097814 0.984366 0.974359 0.411077 -0.224534 0.000646 0.691338 0.706603 0.349038 0.268833 0.121136 -0.059686 0.319244 0.028116 0.032037 0.044945 0.067453
-9999.000000 -9999.000000 -9999.000000 -9999.000000 -9999.000000 -9999.000000 -9999.000000 -9999.000000 -9999.000000 -9999.000000 -9999.000000 -9999.000000 -9999.000000 -9999.000000 -9999.000000 -9999.000000 -9999.000000 -9999.000000 -9999.000000 -9999.000000 -9999.000000 -9999.000000 0.001230 0.000471 -0.000048 -0.003674 0.062584 0.001148 0.000347 -0.008216 -0.004167 0.001099 0.001394 0.082948 0.075534 0.418443 0.843402 1.412254 0.555468 0.234334 0.171426 1.217091 1.136078 1.233232 0.348820 -0.115114 0.001217 0.013679 0.013972 0.032442 0.658988 0.037919 0.040306 0.519362 0.057222 0.095705 0.047041 0.053909
-9999.000000 -9999.000000 -9999.000000 -9999.000000 -9999.000000 -9999.000000 -9999.000000 -9999.000000 -9999.000000 -9999.000000 -9999.000000 -9999.000000 -9999.000000 -9999.000000 -9999.000000 -9999.000000 -9999.000000 -9999.000000 -9999.000000 -9999.000000 -9999.000000 0.002181 0.000578 -0.000433 -0.000343 -0.008325 0.041680 0.001633 -0.000287 -0.002823 -0.082245 0.002560 0.002215 0.122995 0.127007 0.660649 1.503213 1.789542 0.297602 0.190804 0.158053 1.230704 0.999832 1.420110 0.699175 -0.000157 0.001160 0.007401 0.007897 0.030986 0.050420 0.035883 0.039536 0.237941 0.135786 0.067926 0.060543 0.053392
-9999.000000 -9999.000000 -9999.000000 -9999.000000 -9999.000000 -9999.000000 -9999.000000 -9999.000000 -9999.000000 -9999.000000 -9999.000000 -9999.000000 -9999.000000 -9999.000000 -9999.000000 -9999.000000 -9999.000000 -9999.000000 -9999.000000 -9999.000000 0.007271 0.003101 -0.000721 -0.010483 -0.105708 -0.001566 0.001126 0.002017 -0.000654 -0.150840 0.012114 0.419066 0.308006 0.499912 0.942259 0.884663 0.969593 1.104627 0.019796 0.028029 0.016851 0.497299 1.311357 0.678776 0.701380 -0.000281 0.000000 0.000010 0.000472 0.022325 0.016137 0.009634 0.045070 0.118305 0.117446 0.058036 0.082250 0.047692
-9999.000000 -9999.000000 -9999.000000 -9999.000000 -9999.000000 -9999.000000 -9999.000000 -9999.000000 -9999.000000 -9999.000000 -9999.000000 -9999.000000 -9999.000000 -9999.000000 -9999.000000 -9999.000000 -9999.000000 -9999.000000 -9999.000000 0.000530 0.028945 0.003499 -0.007697 -1.089736 -0.196247 0.184938 0.000160 0.000000 0.000377 -0.108867 0.630131 1.058139 0.664790 0.550516 1.632954 0.186137 0.137041 0.130505 0.030593 0.042651 0.024210 0.556907 0.689960 0.744559 0.766410 0.329795 -0.006020 -0.008443 -0.000221 0.000513 0.001075 0.001286 0.038832 0.050659 0.041085 0.062297 0.107825 0.032730
-9999.000000 -9999.000000 -9999.000000 -9999.000000 -9999.000000 -9999.000000 -9999.000000 -9999.000000 -9999.000000 -9999.000000 -9999.000000 -9999.000000 -9999.000000 -9999.000000 -9999.000000 -9999.000000 -9999.000000 -9999.000000 0.000000 0.000000 0.010490 0.000994 -0.003004 -1.330987 0.103997 0.750117 -0.064611 0.187151 0.001133 -0.003205 1.203185 1.410824 0.676922 0.132002 0.240410 0.008297 0.026297 0.017185 0.028395 0.090234 0.066742 0.034869 0.741507 0.769362 0.792588 0.403990 0.041889 -0.016738 -0.009756 -0.000587 -0.000607 -0.000023 0.000625 0.003591 0.016081 0.068979 0.072000 0.013510
-9999.000000 -9999.000000 -9999.000000 -9999.000000 -9999.000000 -9999.000000 -9999.000000 -9999.000000 -9999.000000 -9999.000000 -9999.000000 -9999.000000 -9999.000000 -9999.000000 -9999.000000 -9999.000000 -9999.000000 -9999.000000 -0.009284 -0.005237 0.000000 0.000088 0.021348 -1.332137 0.149646 0.799005 0.144365 0.387122 0.098058 0.109021 1.324249 1.046535 0.480240 -0.493726 0.190657 0.012603 0.058330 0.002306 0.006219 0.043803 0.029918 0.014244 0.073749 0.611120 0.714485 0.423372 0.202973 0.058119 0.021061 -0.059566 0.032130 0.031487 -0.000491 -0.000728 0.002806 0.030492 0.032042 0.001379
-9999.000000 -9999.000000 -9999.000000 -9999.000000 -9999.000000 -9999.000000 -9999.000000 -9999.000000 -9999.000000 -9999.000000 -9999.000000 -9999.000000 -9999.000000 -9999.000000 -9999.000000 -9999.000000 -9999.000000 -0.002144 -0.036670 -0.013347 -0.001155 -0.000613 0.006889 -0.161986 0.564099 1.003897 0.148725 0.513057 0.028508 0.372421 1.733318 0.842741 0.343087 -0.170537 0.216307 0.011897 0.103754 0.002861 0.015873 0.015013 0.006910 0.032014 0.015092 0.586388 0.931451 0.508217 0.238365 0.204581 0.149087 0.042760 0.086781 0.049859 -0.033373 0.003366 0.000622 0.000222 0.038947 0.000378
-9999.000000 -9999.000000 -9999.000000 -9999.000000 -9999.000000 -9999.000000 -9999.000000 -9999.000000 -9999.000000 -9999.000000 -9999.000000 -9999.000000 -9999.000000 -9999.000000 -9999.000000 -9999.000000 -9999.000000 -0.005326 -0.052786 -0.001391 -0.001019 -0.000876 -0.000025 0.027211 0.028953 0.041164 0.176379 0.582999 0.049124 0.048583 0.039357 0.048784 0.452780 1.648526 0.376769 0.631570 0.198248 0.001750 0.027405 0.029710 0.025245 0.078709 0.050310 0.033932 0.469937 0.321655 0.180747 0.093224 0.133658 0.152582 0.154752 0.049340 -0.012563 0.003063 0.002369 -0.000222 0.027555 0.000833
-9999.000000 -9999.000000 -9999.000000 -9999.000000 -9999.000000 -9999.000000 -9999.000000 -9999.000000 -9999.000000 -9999.000000 -9999.000000 -9999.000000 -9999.000000 -9999.000000 -9999.000000 -9999.000000 -9999.000000 -9999.000000 -0.028249 -0.006230 -0.009369 -0.004856 -0.000023 0.704825 0.289633 0.062491 0.374269 0.244557 0.074390 0.069764 0.036536 0.025565 0.019566 0.053397 0.242813 0.332898 0.337873 0.139401 0.049919 0.045166 0.009310 0.018121 0.025029 0.016736 0.147777 0.360792 0.332388 0.185678 0.189894 0.192155 0.183222 0.016308 0.010328 0.026147 0.005351 0.004470 0.002561 0.002540
-9999.000000 -9999.000000 -9999.000000 -9999.000000 -9999.000000 -9999.000000 -9999.000000 -9999.000000 -9999.000000 -9999.000000 -9999.000000 -9999.000000 -9999.000000 -9999.000000 -9999.000000 -9999.000000 -9999.000000 -9999.000000 -9999.000000 -0.015262 -0.013996 -0.013610 0.002642 0.018683 0.157113 0.167694 0.071332 0.121400 0.074265 0.076666 0.033327 0.004315 0.020543 0.060386 0.080350 0.033116 0.577385 0.252420 0.102260 0.038679 0.000214 0.001201 0.009904 0.007326 0.009143 0.160445 0.201431 0.291663 0.186431 0.265807 0.422778 0.005011 0.002800 0.015897 0.005150 0.001844 0.003201 0.000197
-9999.000000 -9999.000000 -9999.000000 -9999.000000 -9999.000000 -9999.000000 -9999.000000 -9999.000000 -9999.000000 -9999.000000 -9999.000000 -9999.000000 -9999.000000 -9999.000000 -9999.000000 -9999.000000 -9999.000000 -9999.000000 -9999.000000 -9999.000000 -9999.000000 -0.001247 0.000141 0.005208 0.015713 0.036774 0.036137 0.020993 0.228408 0.077401 0.040761 0.000779 0.011608 0.036385 0.061789 0.021397 0.024877 0.228224 0.288508 0.159483 -0.000090 0.000069 0.000360 0.000360 0.000308 0.065002 0.070157 0.343312 0.670285 0.201090 0.580191 0.125340 0.003163 0.000003 0.000069 0.001121 0.000000 -0.002341
-9999.000000 -9999.000000 -9999.000000 -9999.000000 -9999.000000 -9999.000000 -9999.000000 -9999.000000 -9999.000000 -9999.000000 -9999.000000 -9999.000000 -9999.000000 -9999.000000 -9999.000000 -9999.000000 -9999.000000 -9999.000000 -9999.000000 -9999.000000 -9999.000000 -9999.000000 -9999.000000 0.000740 0.002394 0.002012 0.014261 0.011220 0.089653 0.054577 0.109639 0.000698 0.002525 0.002889 0.037275 0.003663 0.006318 0.005349 0.233250 1.628592 0.168674 -0.000315 -0.000360 -0.000360 0.000180 0.140452 0.149437 0.407793 0.240111 0.142982 0.403339 0.099658 0.002804 -0.023144 0.000117 -0.000271 -0.002757 -0.002736
-9999.000000 -9999.000000 -9999.000000 -9999.000000 -9999.000000 -9999.000000 -9999.000000 -9999.000000 -9999.000000 -9999.000000 -9999.000000 -9999.000000 -9999.000000 -9999.000000 -9999.000000 -9999.000000 -9999.000000 -9999.000000 -9999.000000 -9999.000000 -9999.000000 -9999.000000 -9999.000000 -0.000261 -0.000254 0.000042 0.000005 0.000326 0.007224 0.000279 0.133488 -0.000385 0.001458 0.004439 0.003612 0.000000 0.000000 0.000000 0.053603 0.304239 0.072813 0.037394 0.007677 -0.000916 -0.000632 0.197192 0.231631 0.237448 0.000702 0.002315 0.006853 0.012248 0.009633 -0.026439 0.000189 -0.001441 -0.003495 -0.001819
-9999.000000 -9999.000000 -9999.000000 -9999.000000 -9999.000000 -9999.000000 -9999.000000 -9999.000000 -9999.000000 -9999.000000 -9999.000000 -9999.000000 -9999.000000 -9999.000000 -9999.000000 -9999.000000 -9999.000000 -9999.000000 -9999.000000 -9999.000000 -9999.000000 -9999.000000 -9999.000000 -9999.000000 -0.002058 -0.001798 -0.002483 -0.000208 -0.000003 0.000239 0.172966 0.062211 0.000345 0.000507 0.001256 -0.009618 -0.008647 0.041605 0.052855 0.035594 0.023853 0.018133 0.011988 0.003086 0.023577 0.168405 0.238983 0.288268 -0.000425 -0.000568 0.002833 0.013342 0.050986 -0.002735 -0.000637 -0.002215 -0.002306 -0.010636
-9999.000000 -9999.000000 -9999.000000 -9999.000000 -9999.000000 -9999.000000 -9999.000000 -9999.000000 -9999.000000 -9999.000000 -9999.000000 -9999.000000 -9999.000000 -9999.000000 -9999.000000 -9999.000000 -9999.000000 -9999.000000 -9999.000000 -9999.000000 -9999.000000 -9999.000000 -9999.000000 -9999.000000 -9999.000000 -9999.000000 -9999.000000 -0.001505 -0.000908 -0.000027 0.006744 0.065198 0.001147 0.000853 0.001109 -0.022503 0.017018 0.053451 0.059638 0.031563 0.018657 0.014539 0.007260 0.006184 0.028213 0.129656 0.198334 0.252385 0.187581 -0.095586 -0.003622 0.006146 0.012108 -0.002535 -0.009142 -0.009548 -0.012733 -0.032516
-9999.000000 -9999.000000 -9999.000000 -9999.000000 -9999.000000 -9999.000000 -9999.000000 -9999.000000 -9999.000000 -9999.000000 -9999.000000 -9999.000000 -9999.000000 -9999.000000 -9999.000000 -9999.000000 -9999.000000 -9999.000000 -9999.000000 -9999.000000 -9999.000000 -9999.000000 -9999.000000 -9999.000000 -9999.000000 -9999.000000 -9999.000000 -9999.000000 -9999.000000 -9999.000000 0.000000 0.000396 0.000898 0.000935 0.006404 0.054721 0.048275 0.120862 0.115634 0.023203 0.000007 -0.000284 -0.005978 -0.001820 0.000222 0.000235 0.145983 0.227181 0.143975 -0.029863 -0.001271 0.000138 0.000222 -0.004193 -0.023825 -0.039019 -0.039247 -0.010902
-9999.000000 -9999.000000 -9999.000000 -9999.000000 -9999.000000 -9999.000000 -9999.000000 -9999.000000 -9999.000000 -9999.000000 -9999.000000 -9999.000000 -9999.000000 -9999.000000 -9999.000000 -9999.000000 -9999.000000 -9999.000000 -9999.000000 -9999.000000 -9999.000000 -9999.000000 -9999.000000 -9999.000000 -9999.000000 -9999.000000 -9999.000000 -9999.000000 -9999.000000 -9999.000000 -9999.000000 -0.000896 -0.000957 0.000813 0.038148 0.039444 0.020593 0.026011 0.035898 0.003611 -0.010143 -0.008492 -0.012065 -0.011441 -0.000222 -0.000136 0.031702 0.031472 0.140301 0.100704 -0.000346 -0.000134 -0.000222 -0.001640 -0.025575 -0.314452 -0.345849 0.026037
-9999.000000 -9999.000000 -9999.000000 -9999.000000 -9999.000000 -9999.000000 -9999.000000 -9999.000000 -9999.000000 -9999.000000 -9999.000000 -9999.000000 -9999.000000 -9999.000000 -9999.000000 -9999.000000 -9999.000000 -9999.000000 -9999.000000 -9999.000000 -9999.000000 -9999.000000 -9999.000000 -9999.000000 -9999.000000 -9999.000000 -9999.000000 -9999.000000 -9999.000000 -9999.000000 -9999.000000 -9999.000000 -9999.000000 0.001188 0.011753 0.013837 0.009973 0.012729 0.007408 0.001216 -0.004700 -0.005383 0.019669 -0.005039 0.007430 -0.017297 -0.001771 0.007037 0.055893 0.124768 -0.091642 -0.018047 -0.007192 -0.001807 -0.148476 -0.273089 -0.194490 0.053160
-9999.000000 -9999.000000 -9999.000000 -9999.000000 -9999.000000 -9999.000000 -9999.000000 -9999.000000 -9999.000000 -9999.000000 -9999.000000 -9999.000000 -9999.000000 -9999.000000 -9999.000000 -9999.000000 -9999.000000 -9999.000000 -9999.000000 -9999.000000 -9999.000000 -9999.000000 -9999.000000 -9999.000000 -9999.000000 -9999.000000 -9999.000000 -9999.000000 -9999.000000 -9999.000000 -9999.000000 -9999.000000 -9999.000000 0.001066 0.000000 0.000004 0.000172 0.000005 0.000266 0.000295 -0.000380 0.000298 0.172605 0.126636 0.107522 0.049310 0.057217 -0.000445 -0.062098 -0.044919 -0.108499 -0.205378 -0.015146 -0.002566 -0.033394 -0.203421 -0.078471 0.076872
-9999.000000 -9999.000000 -9999.000000 -9999.000000 -9999.000000 -9999.000000 -9999.000000 -9999.000000 -9999.000000 -9999.000000 -9999.000000 -9999.000000 -9999.000000 -9999.000000 -9999.000000 -9999.000000 -9999.000000 -9999.000000 -9999.000000 -9999.000000 -9999.000000 -9999.000000 -9999.000000 -9999.000000 -9999.000000 -9999.000000 -9999.000000 -9999.000000 -9999.000000 -9999.000000 -9999.000000 -9999.000000 -9999.000000 0.000000 -0.009040 -0.009390 -0.000488 -0.009308 -0.000200 0.000351 0.000304 0.003873 0.057936 0.045761 0.034372 0.018468 0.050816 0.111224 -0.026266 -0.097036 -0.132640 -0.197401 -0.184967 -0.001166 -0.000755 -0.019000 -0.002099 0.069701
