use_cases/Flooding_chicago/flooding_data/output/hUy_3600.asc
ncols 337
nrows 393
xllcorner 428428.000000
yllcorner 4602440.000000
cellsize 26.757400
NODATA_value -9999.000000
[rows 182 to 207 of 393, columns 236 to 294 of 337]
-1.180701 -2.460391 -3.863399 -0.154894 -0.000515 -0.000322 -0.000038 -0.000000 -0.000001 -0.000001 -0.000000 0.002295 0.734946 0.704927 -0.033894 -0.099198 0.519593 0.490061 0.242212 0.065638 -0.228890 -0.000150 -0.001171 1.548085 1.155212 1.052455 0.908190 1.076965 0.817491 0.386394 0.261777 0.224062 -0.006144 -0.116734 -0.369200 0.741252 2.430811 3.695475 3.914582 3.652372 3.258827 3.148134 1.970302 2.641736 1.437399 -0.062723 0.269481 0.072147 -0.123588 0.068320 -0.045680 0.321342 -9999.000000 -9999.000000 -9999.000000 -9999.000000 -9999.000000 -9999.000000 -9999.000000
0.006288 -1.481845 -6.012093 -1.710274 -0.052938 -0.015040 -0.005639 -0.000110 -0.000002 -0.000085 -0.000295 0.958178 1.477311 0.748070 -0.018365 -0.142803 0.375723 0.252498 -0.017210 -0.197911 -0.298848 -0.153579 1.361196 1.649844 1.165352 0.925660 0.870841 0.918407 0.381384 0.087385 -0.015075 -0.017912 -0.020481 0.013219 -0.384669 0.752474 2.393485 3.482311 3.852008 4.683444 3.719307 3.735654 2.373461 2.116716 0.784477 -0.251741 0.013989 0.135232 0.390092 -0.079282 -0.448063 0.406820 -9999.000000 -9999.000000 -9999.000000 -9999.000000 -9999.000000 -9999.000000 -9999.000000
0.000516 0.039765 -3.235431 -3.052756 -2.075441 -0.728535 -0.558309 -1.081382 -0.000170 -0.000342 0.217668 1.689045 1.563390 0.625429 0.153168 -0.068184 0.013605 0.120712 -0.075034 -0.178908 -0.381975 0.788038 1.761006 1.674079 1.086721 0.727599 1.019883 0.682651 -0.151770 -0.326611 -0.459110 -0.667768 -0.079179 -0.019133 0.031221 1.160994 2.574413 3.634968 4.411776 4.748272 4.106692 4.477112 0.437569 0.391795 0.395033 -0.152267 0.189354 0.098049 0.282601 -0.241312 -0.527673 0.519865 0.018631 -9999.000000 -9999.000000 -9999.000000 -9999.000000 -9999.000000 -9999.000000
0.000053 0.000555 -0.026352 -2.480280 -1.806842 -1.043899 -0.498251 -1.235442 -0.370551 -0.256434 0.524554 1.480330 1.291019 0.430933 0.013433 -0.067975 -0.080853 -0.094191 -0.073851 -0.027153 1.399747 3.217364 2.388537 2.399028 0.706557 0.400276 0.392359 0.112043 -0.361377 -1.397318 -1.381192 -1.611578 -0.921851 -0.035125 0.030080 1.884029 3.142240 4.064894 4.922573 5.301723 4.454710 2.943701 0.014408 0.007341 0.173859 0.119536 0.000059 0.000058 0.095952 0.085811 0.131022 0.043658 0.000075 -9999.000000 -9999.000000 -9999.000000 -9999.000000 -9999.000000 -9999.000000
0.000017 0.000023 0.000001 -0.589823 -0.644942 -0.644867 -0.273078 -0.830028 -0.424709 -0.337828 1.148686 1.210961 0.929308 -0.061166 -0.851434 -0.162179 -0.145349 -0.089998 0.004029 0.499788 4.409319 4.995567 1.262554 1.507887 0.355794 0.216253 0.000975 -0.048093 -0.309500 -1.082113 -1.085572 -1.269882 -0.971252 -0.138295 0.566205 1.845052 2.283963 3.270332 5.016703 4.203627 2.971983 2.632496 0.188729 0.000000 0.011516 0.014205 0.000000 0.000000 0.040408 0.000002 0.000132 0.000009 0.000008 0.000001 0.000005 -9999.000000 -9999.000000 -9999.000000 -9999.000000
0.000031 -0.000008 -0.000001 -0.204859 -0.342018 0.081382 0.136800 0.078018 -0.031356 0.039860 0.800269 1.074923 0.417644 -0.483763 -1.350412 -0.819632 -0.188203 -0.110525 0.791186 2.409845 4.373827 1.484797 0.040849 0.025512 0.004970 0.269347 -0.002204 -0.044423 0.103353 -0.629326 -0.693869 -0.810722 -0.442072 0.421090 1.048096 1.429652 1.854672 2.941583 4.576695 3.764555 3.322779 2.135130 0.337581 0.065088 0.009069 0.116707 -0.052739 -0.046845 0.004059 -0.000000 0.000000 -0.000007 0.000000 0.000006 0.000465 0.000955 -9999.000000 -9999.000000 -9999.000000
0.001474 0.001420 0.000034 -0.186707 -0.272951 0.337322 0.367559 0.172961 0.412219 0.650528 0.962015 1.029796 0.617680 -0.488356 -1.448571 -1.616313 -0.762955 0.985652 1.886076 2.920446 1.776099 0.000207 0.000001 0.000091 0.000134 0.000123 0.009028 0.000000 0.000000 -0.192216 0.120116 -0.153235 0.331920 0.589115 0.777878 1.184663 1.532120 2.987777 4.486744 4.547176 2.843252 1.955335 0.343784 0.075628 -0.030850 0.186851 0.150314 -0.090611 -0.075500 -0.036416 -0.000029 -0.049050 -0.000008 0.000012 0.000278 0.001862 0.000207 0.000132 0.000002
0.000515 0.000641 0.003470 -0.459110 0.027769 1.478226 1.253338 0.306643 0.617392 0.714660 0.449408 0.494821 1.329101 -0.126909 -1.154692 -1.211246 -0.442254 0.982674 1.361420 1.293343 1.109524 -0.100764 -0.000001 -0.000000 0.000000 0.000000 0.000000 0.053751 0.052417 0.319172 0.648754 0.808231 0.512310 0.569451 0.948110 1.216621 1.473906 2.052019 3.914881 3.253393 2.686387 1.099153 0.036988 0.261756 -0.036989 0.183246 0.198378 -0.122529 -0.279255 -0.074754 -0.091252 0.023126 0.000796 0.000023 0.000035 0.000581 0.001551 0.001426 0.008379
0.000011 0.000393 0.000435 -0.576654 0.277785 1.688534 0.931617 0.135123 0.421907 0.603422 0.780192 0.728459 0.606492 0.525130 -0.647238 -1.126925 0.210958 0.754773 0.603977 0.694491 0.634471 -0.208955 -0.000810 -0.000376 -0.000007 -0.000000 0.069139 0.593097 0.398577 1.057455 1.131184 0.596314 0.435008 0.653438 1.111907 0.728046 0.821173 1.790451 2.237450 3.018263 2.856473 0.961399 0.040472 0.025788 0.031224 0.250600 0.243124 -0.105804 -0.372400 -0.190113 -0.133820 0.026458 0.000852 0.000033 0.000084 0.000050 0.000293 0.000168 0.000170
-0.000000 0.000002 0.000000 0.045734 0.971131 1.921293 1.327193 -0.153886 0.313003 0.595925 1.106529 0.589918 1.371759 0.621172 -0.215961 -0.868391 0.042995 0.330163 0.173237 0.198355 0.157953 -0.245254 -0.155166 -0.251608 -0.000005 -0.000001 0.159905 0.828836 0.506452 1.193286 1.152539 0.737308 0.573354 0.644325 1.077277 0.638207 0.726164 1.668830 1.944542 2.681443 2.328906 1.055342 0.032305 0.018445 0.173008 0.261023 0.301738 -0.191518 -0.428608 -0.251082 -0.228643 -0.006305 -0.000000 -0.000007 0.000001 0.000001 0.000000 0.000001 0.000000
-0.000001 -0.000005 -0.000000 0.675439 1.377123 1.584695 0.963754 -0.205023 0.210410 0.861778 1.073222 0.365182 1.059680 0.004305 0.592182 -0.165043 0.338973 0.438460 -0.057057 -0.125209 -0.094227 -0.225047 -0.122768 -0.164259 -0.127064 -0.033330 0.874041 1.057793 0.705483 1.478874 0.980309 0.828420 0.531262 0.506005 0.756594 0.642422 0.720189 1.696054 1.732173 2.429908 2.039182 0.788661 0.086419 0.075116 0.591558 0.313284 0.144762 -0.328197 -0.626362 -0.409720 -0.397990 -0.014398 -0.033354 -0.000033 -0.000104 -0.000005 -0.000000 -0.000001 -0.000000
0.010369 0.513634 0.567473 1.224186 1.891062 0.737605 0.991137 0.477045 0.489253 0.696030 0.842826 0.002269 0.000164 0.000044 0.000101 -0.001046 0.000001 0.000097 -0.043385 -0.012333 -0.041396 -0.263879 0.000000 -0.150604 -0.372878 0.234039 1.466064 1.515779 0.828503 0.985039 1.240151 0.782625 0.803114 0.663858 0.646951 1.087639 1.147101 1.582012 2.296116 2.111919 1.916364 0.418303 0.086396 0.153241 0.588185 0.353137 -0.039180 -0.464289 -0.837830 -0.710295 -0.651335 -0.353063 -0.889145 -0.348821 -0.361282 -0.009906 -0.011095 -0.000126 -0.000087
0.536381 0.546859 0.850750 1.027167 1.228871 0.651851 1.104552 0.085956 0.068648 0.025361 0.009165 0.000713 0.000001 0.000001 0.000000 -0.001565 -0.000001 -0.000000 0.000628 -0.000052 -0.000041 -0.220332 -0.096390 -0.079802 0.583374 0.626968 2.003110 1.703422 1.138191 0.874852 0.982364 1.106883 1.139408 0.851170 0.831105 1.339958 1.142059 1.449752 2.736478 2.097425 1.565379 0.265355 0.194491 0.279309 0.520515 0.155622 -0.022801 -0.350210 -0.573335 -0.692175 -0.376845 -0.151166 -1.057254 -0.849662 -1.033026 -0.338321 -0.092856 -0.190947 0.129783
0.862329 0.573452 0.548396 0.541938 0.278850 0.490353 0.294995 0.028399 0.022179 0.000165 0.000422 0.000667 -0.000001 -0.000001 -0.000000 -0.000816 -0.006776 -0.007687 0.000658 -0.000054 -0.004787 -0.005519 -0.174971 0.717754 1.495412 0.830793 2.069940 1.093926 0.548843 0.759559 0.943710 0.921077 0.694796 1.058465 1.326307 1.330415 1.324501 1.639374 2.498342 1.240165 0.390410 0.405004 0.231244 0.304102 0.214099 0.046736 0.000060 0.285988 0.025543 -0.272913 -0.053858 0.154548 0.229051 0.138690 -0.168415 0.038972 0.243808 -0.312637 -0.188104
0.543166 0.000383 0.000639 0.000465 0.000348 0.054858 0.073969 0.098892 0.004583 0.000000 0.000000 0.000007 -0.000004 -0.000463 -0.000003 0.001073 -0.073460 0.628814 0.200573 0.740023 0.817392 1.477493 1.106361 1.128907 1.189436 1.175931 1.388942 0.125335 0.108109 0.832573 0.958207 0.868744 0.678855 1.818095 1.577248 1.082385 1.398542 1.054460 1.122511 0.151855 0.341357 0.414932 0.267753 0.353942 0.005480 0.000001 0.000000 0.711639 0.567228 0.139807 0.260074 0.387892 0.586016 0.799168 0.534317 1.156326 0.570012 0.305212 -0.237116
0.000128 0.000001 0.000000 0.000000 0.000000 0.011029 0.021241 0.092987 0.003991 0.000690 -0.000163 -0.000002 -0.000007 -0.001952 -0.000080 0.015095 0.815408 1.449159 0.249247 1.222106 1.003810 1.434594 0.950909 0.264171 0.214223 0.057078 0.014165 -0.053492 0.109327 1.674206 1.489192 1.181513 0.881689 1.702702 1.337467 0.966386 0.656507 0.858143 0.887816 0.131607 0.131293 0.353221 0.220532 0.185018 0.004487 -0.000001 -0.000523 1.576760 0.614098 0.537456 0.677848 0.531806 0.757421 0.788019 0.352544 0.395449 0.008421 0.000127 0.000127
0.000002 -0.000000 -0.000000 -0.000000 -0.000000 0.031719 0.044314 0.023941 0.008383 0.000336 -0.000221 -0.002061 -0.002620 -0.000301 -0.009660 1.344318 1.227827 1.510717 1.106287 1.175704 0.796426 1.782087 0.491071 0.000260 0.000006 -0.020514 -0.011021 -0.117168 0.876677 2.153902 1.443096 1.252542 0.863170 1.459799 1.066223 0.632261 0.468867 0.676142 0.681946 0.118207 0.147657 0.514740 0.071350 0.000044 -0.004443 0.000387 0.272889 1.549306 0.615749 0.895356 0.839489 0.436644 0.518448 0.530334 0.000326 0.000000 0.000000 0.000000 0.000004
-0.000002 -0.000138 -0.000097 -0.000248 -0.039796 0.168236 0.080135 0.025559 0.006146 -0.008143 -0.017775 -0.017730 0.147402 0.147306 0.638695 1.383795 0.576672 0.653726 0.300162 0.113837 0.817639 1.129447 0.596740 0.000381 0.000291 -0.038262 -0.032563 -0.224949 1.251722 2.534216 2.461696 1.638486 0.954678 1.261159 0.584824 0.372421 0.321124 0.496038 0.510322 0.186127 0.380091 0.151379 0.000079 0.000126 0.000028 0.014371 0.601585 1.703241 1.042738 1.027567 0.634953 0.380167 0.031092 0.021085 -0.000104 -0.000000 -0.000002 -0.000121 -0.000005
-0.000116 -0.000290 -0.103770 0.014698 0.087419 0.216176 0.030981 0.021130 0.000000 -0.003560 -0.046148 -0.004390 0.261694 0.279625 0.854830 0.403601 0.752228 0.878109 0.000001 0.000001 0.279648 1.523796 0.007413 0.000836 0.006332 0.052214 0.029969 -0.154290 1.490624 3.500970 2.874454 1.658015 0.364291 0.531035 0.227091 0.228539 0.140542 0.616687 0.691932 0.192170 0.484724 0.149114 0.000088 0.000001 -0.000009 0.057192 1.272295 1.999494 1.144512 1.018132 0.314555 0.236818 -0.219781 -0.174275 -0.145058 -0.427399 -0.002515 -0.002796 -0.000892
-0.000211 -0.000018 0.109752 0.069042 0.105098 0.103682 0.010580 0.065188 0.005032 0.000960 -0.006060 0.000229 0.394644 0.454990 0.063695 0.907159 0.403354 0.537292 -0.000001 -0.000001 0.437498 0.813385 0.000089 0.000246 0.001581 0.003023 0.001739 0.082737 2.497910 3.741674 2.811104 1.763808 0.185297 0.344506 -0.001180 0.127969 0.118982 0.316508 0.414946 0.168051 0.560760 0.671965 0.155894 0.121481 0.071017 1.074148 2.095356 2.413557 1.022732 0.784287 0.331806 0.014970 0.040079 -0.183850 -0.054610 -0.371972 -0.206507 -0.445155 -0.494177
-0.083551 -0.015656 0.182411 0.065017 0.139987 0.122071 0.000150 0.000089 -0.002701 -0.000101 0.000110 0.000146 0.234398 0.214322 0.195003 1.165993 0.000001 0.633859 0.416750 0.364926 0.190067 0.670516 -0.000034 0.000549 0.000195 0.000139 0.000003 0.029095 2.579228 2.792683 2.773282 0.424487 0.035625 0.011235 -0.002462 0.052456 0.114632 0.157841 0.330836 0.140831 0.499570 0.946317 0.957620 0.475886 0.488036 1.093215 1.412273 1.402277 0.149711 0.106534 0.047436 0.029428 0.036457 0.003491 0.053059 0.000442 0.000099 0.017757 0.054796
-0.028796 -0.007544 0.197679 0.090020 0.000239 0.000456 0.000079 0.000003 -0.003584 -0.006890 -0.000328 0.000572 0.376277 0.331084 1.831608 1.249750 0.455391 0.483634 0.403823 0.440949 0.192522 0.315115 -0.389943 -0.000169 0.000006 -0.000017 -0.003265 1.233904 3.179911 3.383834 1.173894 0.199759 0.078942 0.000002 0.106043 0.235410 0.235389 0.000065 0.000171 0.086295 0.352916 0.992134 0.907291 0.734903 0.707975 1.048035 1.117501 1.012227 0.115345 0.000000 0.051286 0.029005 0.000004 0.000780 0.000652 0.000252 -0.000014 0.060306 0.026849
-0.008542 -0.002126 0.030193 0.000007 0.000008 0.000009 0.000000 0.000000 -0.000375 -0.269734 0.121428 0.257958 0.434079 1.130595 1.746364 0.211733 0.270883 0.276952 0.323065 0.430822 0.000001 0.097684 -0.480560 -0.000475 -0.000227 0.080327 0.632098 1.343367 2.392926 1.626207 1.292528 0.365337 0.081801 0.000006 0.000730 0.000555 0.001594 0.000144 0.000004 0.000002 0.236529 1.135212 1.264030 1.001771 0.954495 1.072606 0.909337 0.765900 0.046171 -0.024599 0.013312 0.000001 0.000005 0.000001 -0.000227 -0.000238 0.029411 0.079117 0.000001
-0.002594 -0.006799 0.000001 -0.000002 -0.000008 -0.000009 -0.000210 -0.000004 0.000001 0.001418 0.325264 0.844892 0.973470 1.072134 1.208400 0.000035 0.158492 0.306193 0.233176 0.193469 -0.000001 -0.046126 -0.377759 -0.000177 -0.000115 0.074459 0.844526 1.580306 2.714285 0.628874 0.613193 0.657038 0.000003 0.000005 0.000131 0.000008 0.000557 0.000014 0.000003 0.000005 0.408202 0.419125 1.602778 1.181676 1.148667 1.174252 0.851656 0.168259 0.029642 -0.055264 -0.056567 -0.000002 -0.000006 -0.000002 -0.000500 -0.000214 0.041609 0.053739 -0.000001
-0.000898 -0.014002 -0.000003 -0.000007 -0.000533 -0.000446 -0.000661 -0.000216 -0.000001 0.010157 0.692248 0.760529 1.153809 0.369435 0.774338 0.194627 0.242291 0.170514 0.313116 0.195582 0.060214 -0.064979 -0.220424 -0.113464 -0.074404 0.047216 0.349740 0.589715 2.588218 0.767719 0.736690 0.750347 0.000000 0.000000 0.000001 0.000002 0.000000 -0.000011 -0.000004 0.000010 0.484292 0.519077 1.932411 1.420381 1.305869 1.389139 0.000007 0.000006 0.000002 -0.058363 -0.050534 -0.034705 -0.016148 -0.001815 -0.000770 -0.000252 0.073105 0.052494 0.000205
-0.000000 -0.011007 -0.001958 -0.000351 -0.011152 -0.005355 -0.003001 -0.001192 -0.000023 0.046421 0.967365 0.949785 0.691176 0.290382 0.944944 0.189420 0.201328 0.191123 0.187158 0.167643 0.120516 0.110589 -0.095996 -0.106437 -0.108450 -0.053413 0.258694 0.462083 2.114058 1.456740 0.704246 0.738312 -0.000002 -0.000000 -0.000001 -0.000001 -0.000135 -0.000888 0.252366 0.141507 0.865691 1.087739 1.831423 0.657301 1.578192 0.636092 -0.000001 -0.000003 -0.000001 -0.019948 0.114897 -0.476008 -0.460097 -0.000772 -0.000585 -0.000192 0.132448 0.083804 -0.000556
