use_cases/Flooding_chicago/flooding_data/output/hUy_1500.asc
ncols 337
nrows 393
xllcorner 428428.000000
yllcorner 4602440.000000
cellsize 26.757400
NODATA_value -9999.000000
[rows 260 to 285 of 393, columns 0 to 57 of 337]
-9999.000000 -9999.000000 -9999.000000 -9999.000000 -9999.000000 -9999.000000 -9999.000000 -9999.000000 -9999.000000 -9999.000000 -9999.000000 -9999.000000 -9999.000000 -9999.000000 -9999.000000 -9999.000000 -9999.000000 -9999.000000 -9999.000000 -9999.000000 -9999.000000 -9999.000000 -9999.000000 -9999.000000 -9999.000000 -9999.000000 -9999.000000 -9999.000000 -9999.000000 0.005800 0.052160 0.412586 0.473205 0.426495 0.038224 0.234650 0.466844 1.089770 0.391097 0.155146 -0.050424 0.442019 0.300851 0.175382 0.062813 0.117349 0.126122 0.150596 0.484534 1.035759 0.516616 0.183569 -0.328732 0.317463 0.333014 -0.073409 0.117814 0.358096
-9999.000000 -9999.000000 -9999.000000 -9999.000000 -9999.000000 -9999.000000 -9999.000000 -9999.000000 -9999.000000 -9999.000000 -9999.000000 -9999.000000 -9999.000000 -9999.000000 -9999.000000 -9999.000000 -9999.000000 -9999.000000 -9999.000000 -9999.000000 -9999.000000 -9999.000000 -9999.000000 -9999.000000 -9999.000000 -9999.000000 -9999.000000 -9999.000000 -9999.000000 0.003663 0.009385 0.017163 0.282338 0.695671 0.358147 0.035361 0.405321 1.042565 0.439993 0.280422 -0.009589 0.571591 0.440869 0.267521 0.124398 0.182056 0.157489 0.182909 0.548216 0.975145 0.430964 0.096091 -0.285643 0.314097 0.363028 -0.074615 0.385526 0.231882
-9999.000000 -9999.000000 -9999.000000 -9999.000000 -9999.000000 -9999.000000 -9999.000000 -9999.000000 -9999.000000 -9999.000000 -9999.000000 -9999.000000 -9999.000000 -9999.000000 -9999.000000 -9999.000000 -9999.000000 -9999.000000 -9999.000000 -9999.000000 -9999.000000 -9999.000000 -9999.000000 -9999.000000 -9999.000000 -9999.000000 -9999.000000 -9999.000000 -9999.000000 0.000000 0.000396 0.001456 0.046729 0.470858 0.303758 0.260298 0.320165 1.152484 0.723563 0.342866 0.127271 0.611727 0.423951 0.403131 0.204219 0.169685 0.239135 0.238494 0.438729 1.163982 0.249402 0.025743 -0.426735 0.080045 0.141801 0.024343 0.100244 0.162044
-9999.000000 -9999.000000 -9999.000000 -9999.000000 -9999.000000 -9999.000000 -9999.000000 -9999.000000 -9999.000000 -9999.000000 -9999.000000 -9999.000000 -9999.000000 -9999.000000 -9999.000000 -9999.000000 -9999.000000 -9999.000000 -9999.000000 -9999.000000 -9999.000000 -9999.000000 -9999.000000 -9999.000000 -9999.000000 -9999.000000 -9999.000000 -9999.000000 -9999.000000 -0.000545 0.000495 0.005688 0.012645 0.118062 0.104927 0.242497 0.274151 0.891658 0.708977 0.451933 0.287567 0.767767 0.506729 0.526785 0.450631 0.241099 0.270004 0.247071 0.391032 0.991145 0.161206 -0.018538 -0.561254 0.108607 0.013468 0.028710 0.013764 0.051940
-9999.000000 -9999.000000 -9999.000000 -9999.000000 -9999.000000 -9999.000000 -9999.000000 -9999.000000 -9999.000000 -9999.000000 -9999.000000 -9999.000000 -9999.000000 -9999.000000 -9999.000000 -9999.000000 -9999.000000 -9999.000000 -9999.000000 -9999.000000 -9999.000000 -9999.000000 -9999.000000 -9999.000000 -9999.000000 -9999.000000 -9999.000000 0.002012 0.000843 -0.000548 0.001137 0.006192 0.019350 0.020420 0.009680 0.314571 0.195427 1.052333 0.475673 0.505567 0.374830 0.856254 0.864339 0.962467 0.457398 0.184682 0.253569 0.264204 0.385563 1.159329 0.074281 -0.058280 -0.534823 0.172223 0.020509 0.027148 0.022661 0.111251
-9999.000000 -9999.000000 -9999.000000 -9999.000000 -9999.000000 -9999.000000 -9999.000000 -9999.000000 -9999.000000 -9999.000000 -9999.000000 -9999.000000 -9999.000000 -9999.000000 -9999.000000 -9999.000000 -9999.000000 -9999.000000 -9999.000000 -9999.000000 -9999.000000 -9999.000000 -9999.000000 0.000627 0.001204 0.000057 0.048905 0.000985 0.000809 -0.006010 0.000110 0.001988 0.017162 0.032923 0.019650 0.193644 0.285433 1.169692 0.503597 0.232569 0.131155 0.907155 0.847721 1.007158 0.509265 0.161631 0.134212 0.186619 0.181952 1.152419 0.112241 -0.001450 -0.385687 0.267850 0.028692 0.031216 0.044946 0.067451
-9999.000000 -9999.000000 -9999.000000 -9999.000000 -9999.000000 -9999.000000 -9999.000000 -9999.000000 -9999.000000 -9999.000000 -9999.000000 -9999.000000 -9999.000000 -9999.000000 -9999.000000 -9999.000000 -9999.000000 -9999.000000 -9999.000000 -9999.000000 -9999.000000 -9999.000000 0.001230 0.000471 -0.000048 -0.005681 0.051284 0.001131 0.000339 -0.008265 -0.004185 0.001270 0.001406 0.047658 0.037698 0.335311 0.617491 1.371431 0.556256 0.219712 0.089500 1.116612 1.054799 1.356306 0.388622 0.048512 0.001203 0.013678 0.013972 0.029335 0.215421 0.037850 0.033895 0.393926 0.059847 0.092536 0.047041 0.053908
-9999.000000 -9999.000000 -9999.000000 -9999.000000 -9999.000000 -9999.000000 -9999.000000 -9999.000000 -9999.000000 -9999.000000 -9999.000000 -9999.000000 -9999.000000 -9999.000000 -9999.000000 -9999.000000 -9999.000000 -9999.000000 -9999.000000 -9999.000000 -9999.000000 0.002181 0.000578 -0.000433 -0.000343 -0.013110 0.033699 0.001586 -0.000298 -0.002805 -0.066228 0.002959 0.002160 0.073756 0.074410 0.552348 1.322314 1.983024 0.098572 0.092753 0.073165 1.306164 1.026572 1.550275 0.732579 0.000083 0.001141 0.007402 0.007897 0.030986 0.050664 0.035979 0.039570 0.234038 0.133999 0.067926 0.060544 0.053394
-9999.000000 -9999.000000 -9999.000000 -9999.000000 -9999.000000 -9999.000000 -9999.000000 -9999.000000 -9999.000000 -9999.000000 -9999.000000 -9999.000000 -9999.000000 -9999.000000 -9999.000000 -9999.000000 -9999.000000 -9999.000000 -9999.000000 -9999.000000 0.007271 0.003101 -0.000721 -0.010322 -0.100091 -0.007395 0.000744 0.001959 -0.000662 -0.155030 0.009822 0.431050 0.277597 0.385447 0.824765 0.746064 0.806461 0.883914 0.013803 0.019242 0.009684 0.356621 1.419295 0.574661 0.579961 -0.000146 0.000000 0.000010 0.000472 0.022325 0.016136 0.009635 0.045071 0.118306 0.117446 0.058036 0.082249 0.047691
-9999.000000 -9999.000000 -9999.000000 -9999.000000 -9999.000000 -9999.000000 -9999.000000 -9999.000000 -9999.000000 -9999.000000 -9999.000000 -9999.000000 -9999.000000 -9999.000000 -9999.000000 -9999.000000 -9999.000000 -9999.000000 -9999.000000 0.000530 0.028945 0.003500 -0.005411 -1.076538 -0.198552 0.090926 0.000042 0.000000 -0.000455 -0.061216 0.640602 1.107363 0.580329 0.307497 1.445493 0.155724 0.114371 0.107475 0.027375 0.039417 0.023216 0.382401 0.594496 0.713264 0.699865 0.326449 -0.006020 -0.008443 -0.000221 0.000513 0.001075 0.001286 0.038831 0.050658 0.041085 0.062297 0.107825 0.032728
-9999.000000 -9999.000000 -9999.000000 -9999.000000 -9999.000000 -9999.000000 -9999.000000 -9999.000000 -9999.000000 -9999.000000 -9999.000000 -9999.000000 -9999.000000 -9999.000000 -9999.000000 -9999.000000 -9999.000000 -9999.000000 0.000000 0.000000 0.010490 0.000994 -0.002409 -1.266168 0.151133 0.683923 -0.044141 0.120243 -0.001826 0.030602 1.239778 1.544541 0.558478 -0.148547 0.165490 0.007776 0.025677 0.017106 0.027729 0.085049 0.061760 0.030668 0.627197 0.760203 0.733613 0.401437 0.040402 -0.016739 -0.009756 -0.000587 -0.000607 -0.000023 0.000625 0.003591 0.016081 0.068981 0.072000 0.013510
-9999.000000 -9999.000000 -9999.000000 -9999.000000 -9999.000000 -9999.000000 -9999.000000 -9999.000000 -9999.000000 -9999.000000 -9999.000000 -9999.000000 -9999.000000 -9999.000000 -9999.000000 -9999.000000 -9999.000000 -9999.000000 -0.009284 -0.005237 0.000000 0.000088 0.012707 -1.263950 0.224856 0.777356 0.149808 0.241739 0.058243 0.056168 1.386191 1.231341 0.393004 -0.748667 0.163835 0.012128 0.057170 0.002306 0.006219 0.043804 0.029916 0.014243 0.071105 0.647375 0.654186 0.396491 0.200609 0.056210 0.019699 -0.059039 0.031583 0.030891 -0.000491 -0.000728 0.002806 0.030492 0.032042 0.001380
-9999.000000 -9999.000000 -9999.000000 -9999.000000 -9999.000000 -9999.000000 -9999.000000 -9999.000000 -9999.000000 -9999.000000 -9999.000000 -9999.000000 -9999.000000 -9999.000000 -9999.000000 -9999.000000 -9999.000000 -0.002144 -0.036670 -0.013347 -0.001155 -0.000613 0.006831 -0.197379 0.719402 1.080491 0.216387 0.365392 0.018131 0.265103 1.779007 1.158619 0.251402 -0.287885 0.216756 0.011859 0.102197 0.002861 0.015873 0.015011 0.006909 0.032014 0.015092 0.672007 0.824788 0.469989 0.235830 0.202172 0.148340 0.047172 0.085620 0.048937 -0.033072 0.003342 0.000622 0.000222 0.038947 0.000379
-9999.000000 -9999.000000 -9999.000000 -9999.000000 -9999.000000 -9999.000000 -9999.000000 -9999.000000 -9999.000000 -9999.000000 -9999.000000 -9999.000000 -9999.000000 -9999.000000 -9999.000000 -9999.000000 -9999.000000 -0.005326 -0.052788 -0.001391 -0.001019 -0.000876 -0.000025 0.018893 0.028793 0.032953 0.217908 0.770222 0.040803 0.048584 0.039358 0.046946 0.323619 1.666723 0.370810 0.589570 0.196404 0.001750 0.027404 0.029709 0.025245 0.078709 0.050309 0.033932 0.456803 0.317721 0.178091 0.091646 0.132002 0.150723 0.152774 0.048165 -0.012440 0.003063 0.002369 -0.000222 0.027555 0.000833
-9999.000000 -9999.000000 -9999.000000 -9999.000000 -9999.000000 -9999.000000 -9999.000000 -9999.000000 -9999.000000 -9999.000000 -9999.000000 -9999.000000 -9999.000000 -9999.000000 -9999.000000 -9999.000000 -9999.000000 -9999.000000 -0.028248 -0.006230 -0.009369 -0.004855 -0.000023 0.703672 0.291160 0.050760 0.377754 0.202830 0.069255 0.069759 0.036532 0.025565 0.019564 0.053396 0.242203 0.331927 0.337478 0.139432 0.049919 0.045166 0.009310 0.018121 0.025030 0.016736 0.146093 0.356434 0.328913 0.182819 0.187979 0.190089 0.180986 0.015000 0.010262 0.026147 0.005351 0.004470 0.002561 0.002540
-9999.000000 -9999.000000 -9999.000000 -9999.000000 -9999.000000 -9999.000000 -9999.000000 -9999.000000 -9999.000000 -9999.000000 -9999.000000 -9999.000000 -9999.000000 -9999.000000 -9999.000000 -9999.000000 -9999.000000 -9999.000000 -9999.000000 -0.015262 -0.013996 -0.013610 0.002640 0.018671 0.135915 0.143637 0.068360 0.120727 0.074213 0.076663 0.033327 0.004315 0.020538 0.060384 0.080348 0.033118 0.576668 0.252519 0.102261 0.038677 0.000214 0.001201 0.009904 0.007326 0.009143 0.158084 0.199011 0.287304 0.185167 0.263793 0.418787 0.003537 0.002787 0.015897 0.005150 0.001844 0.003201 0.000197
-9999.000000 -9999.000000 -9999.000000 -9999.000000 -9999.000000 -9999.000000 -9999.000000 -9999.000000 -9999.000000 -9999.000000 -9999.000000 -9999.000000 -9999.000000 -9999.000000 -9999.000000 -9999.000000 -9999.000000 -9999.000000 -9999.000000 -9999.000000 -9999.000000 -0.001247 0.000141 0.005208 0.015713 0.036774 0.036137 0.020993 0.228354 0.077399 0.040762 0.000779 0.011608 0.036385 0.061789 0.021397 0.024877 0.228224 0.288507 0.159484 -0.000090 0.000069 0.000360 0.000360 0.000308 0.063457 0.068791 0.338239 0.664857 0.199703 0.575555 0.124288 0.003146 0.000003 0.000069 0.001121 0.000000 -0.002341
-9999.000000 -9999.000000 -9999.000000 -9999.000000 -9999.000000 -9999.000000 -9999.000000 -9999.000000 -9999.000000 -9999.000000 -9999.000000 -9999.000000 -9999.000000 -9999.000000 -9999.000000 -9999.000000 -9999.000000 -9999.000000 -9999.000000 -9999.000000 -9999.000000 -9999.000000 -9999.000000 0.000740 0.002394 0.002012 0.014262 0.011220 0.089653 0.054577 0.109639 0.000698 0.002525 0.002889 0.037275 0.003663 0.006318 0.005349 0.233249 1.628591 0.168672 -0.000315 -0.000360 -0.000360 0.000180 0.137804 0.146893 0.402043 0.237910 0.143672 0.400262 0.100256 0.002797 -0.023144 0.000117 -0.000271 -0.002757 -0.002736
-9999.000000 -9999.000000 -9999.000000 -9999.000000 -9999.000000 -9999.000000 -9999.000000 -9999.000000 -9999.000000 -9999.000000 -9999.000000 -9999.000000 -9999.000000 -9999.000000 -9999.000000 -9999.000000 -9999.000000 -9999.000000 -9999.000000 -9999.000000 -9999.000000 -9999.000000 -9999.000000 -0.000261 -0.000254 0.000042 0.000005 0.000326 0.007224 0.000279 0.133489 -0.000385 0.001458 0.004437 0.003611 0.000000 0.000000 0.000000 0.053603 0.304236 0.072815 0.037393 0.007677 -0.000916 -0.000632 0.194195 0.227944 0.233978 0.000699 0.002300 0.006790 0.012183 0.009606 -0.026439 0.000189 -0.001441 -0.003495 -0.001819
-9999.000000 -9999.000000 -9999.000000 -9999.000000 -9999.000000 -9999.000000 -9999.000000 -9999.000000 -9999.000000 -9999.000000 -9999.000000 -9999.000000 -9999.000000 -9999.000000 -9999.000000 -9999.000000 -9999.000000 -9999.000000 -9999.000000 -9999.000000 -9999.000000 -9999.000000 -9999.000000 -9999.000000 -0.002058 -0.001798 -0.002483 -0.000208 -0.000003 0.000239 0.172966 0.062211 0.000345 0.000507 0.001256 -0.009617 -0.008647 0.041606 0.052855 0.035594 0.023852 0.018132 0.011988 0.003086 0.023103 0.165934 0.235259 0.284535 -0.000425 -0.000579 0.002727 0.013244 0.050925 -0.002735 -0.000637 -0.002215 -0.002306 -0.010636
-9999.000000 -9999.000000 -9999.000000 -9999.000000 -9999.000000 -9999.000000 -9999.000000 -9999.000000 -9999.000000 -9999.000000 -9999.000000 -9999.000000 -9999.000000 -9999.000000 -9999.000000 -9999.000000 -9999.000000 -9999.000000 -9999.000000 -9999.000000 -9999.000000 -9999.000000 -9999.000000 -9999.000000 -9999.000000 -9999.000000 -9999.000000 -0.001505 -0.000908 -0.000027 0.006744 0.065200 0.001147 0.000853 0.001109 -0.022504 0.017018 0.053451 0.059637 0.031561 0.018657 0.014539 0.007260 0.006184 0.027730 0.127638 0.195081 0.249532 0.187409 -0.097114 -0.003590 0.006052 0.012108 -0.002535 -0.009142 -0.009548 -0.012733 -0.032509
-9999.000000 -9999.000000 -9999.000000 -9999.000000 -9999.000000 -9999.000000 -9999.000000 -9999.000000 -9999.000000 -9999.000000 -9999.000000 -9999.000000 -9999.000000 -9999.000000 -9999.000000 -9999.000000 -9999.000000 -9999.000000 -9999.000000 -9999.000000 -9999.000000 -9999.000000 -9999.000000 -9999.000000 -9999.000000 -9999.000000 -9999.000000 -9999.000000 -9999.000000 -9999.000000 0.000000 0.000396 0.000898 0.000935 0.006404 0.054721 0.048274 0.120862 0.115632 0.023203 0.000007 -0.000284 -0.005978 -0.001820 0.000222 0.000235 0.143488 0.224645 0.143667 -0.031857 -0.001237 0.000138 0.000222 -0.004192 -0.023825 -0.039019 -0.039248 -0.010901
-9999.000000 -9999.000000 -9999.000000 -9999.000000 -9999.000000 -9999.000000 -9999.000000 -9999.000000 -9999.000000 -9999.000000 -9999.000000 -9999.000000 -9999.000000 -9999.000000 -9999.000000 -9999.000000 -9999.000000 -9999.000000 -9999.000000 -9999.000000 -9999.000000 -9999.000000 -9999.000000 -9999.000000 -9999.000000 -9999.000000 -9999.000000 -9999.000000 -9999.000000 -9999.000000 -9999.000000 -0.000896 -0.000957 0.000813 0.038148 0.039445 0.020593 0.026009 0.035899 0.003611 -0.010143 -0.008493 -0.012065 -0.011441 -0.000222 -0.000135 0.029618 0.030480 0.140286 0.098347 -0.000340 -0.000134 -0.000222 -0.001640 -0.025575 -0.313605 -0.345112 0.025739
-9999.000000 -9999.000000 -9999.000000 -9999.000000 -9999.000000 -9999.000000 -9999.000000 -9999.000000 -9999.000000 -9999.000000 -9999.000000 -9999.000000 -9999.000000 -9999.000000 -9999.000000 -9999.000000 -9999.000000 -9999.000000 -9999.000000 -9999.000000 -9999.000000 -9999.000000 -9999.000000 -9999.000000 -9999.000000 -9999.000000 -9999.000000 -9999.000000 -9999.000000 -9999.000000 -9999.000000 -9999.000000 -9999.000000 0.001188 0.011753 0.013837 0.009972 0.012729 0.007408 0.001216 -0.004700 -0.005383 0.019388 -0.005032 0.007536 -0.016980 -0.002814 0.006184 0.056521 0.123369 -0.092215 -0.017478 -0.007192 -0.001808 -0.148484 -0.272679 -0.193825 0.052965
-9999.000000 -9999.000000 -9999.000000 -9999.000000 -9999.000000 -9999.000000 -9999.000000 -9999.000000 -9999.000000 -9999.000000 -9999.000000 -9999.000000 -9999.000000 -9999.000000 -9999.000000 -9999.000000 -9999.000000 -9999.000000 -9999.000000 -9999.000000 -9999.000000 -9999.000000 -9999.000000 -9999.000000 -9999.000000 -9999.000000 -9999.000000 -9999.000000 -9999.000000 -9999.000000 -9999.000000 -9999.000000 -9999.000000 0.001065 0.000000 0.000004 0.000172 0.000005 0.000266 0.000295 -0.000380 0.000297 0.171899 0.126303 0.107317 0.049409 0.057568 -0.001589 -0.061260 -0.044432 -0.109087 -0.200123 -0.015116 -0.002563 -0.033351 -0.203407 -0.078075 0.077596
-9999.000000 -9999.000000 -9999.000000 -9999.000000 -9999.000000 -9999.000000 -9999.000000 -9999.000000 -9999.000000 -9999.000000 -9999.000000 -9999.000000 -9999.000000 -9999.000000 -9999.000000 -9999.000000 -9999.000000 -9999.000000 -9999.000000 -9999.000000 -9999.000000 -9999.000000 -9999.000000 -9999.000000 -9999.000000 -9999.000000 -9999.000000 -9999.000000 -9999.000000 -9999.000000 -9999.000000 -9999.000000 -9999.000000 0.000000 -0.009040 -0.009390 -0.000488 -0.009308 -0.000200 0.000351 0.000304 0.003873 0.057926 0.045735 0.034348 0.018455 0.051424 0.107141 -0.026411 -0.096403 -0.132620 -0.194348 -0.179779 -0.001165 -0.000705 -0.019329 -0.001808 0.070095
