use_cases/Flooding_chicago/flooding_data/output/hUy_1200.asc
ncols 337
nrows 393
xllcorner 428428.000000
yllcorner 4602440.000000
cellsize 26.757400
NODATA_value -9999.000000
[rows 156 to 181 of 393, columns 58 to 115 of 337]
0.607532 -0.433135 0.102986 -0.118078 -0.302010 -0.149632 0.073110 0.108548 0.104418 0.152836 0.153707 0.185128 0.088156 0.077865 0.176602 0.010128 -0.393559 0.046186 0.064152 -0.181686 -0.221807 -0.319405 -0.012624 -0.029543 -0.002855 0.008642 0.006398 0.001516 0.002155 0.002409 0.243669 0.242129 -0.020452 0.001541 -0.000434 -0.001794 0.000584 0.001276 0.011314 -0.065474 -0.030283 -0.000666 -0.000222 -0.000233 -0.000691 -0.001748 -0.006366 -0.011929 0.001173 0.005231 0.006921 -0.013398 -0.001145 0.036525 0.011524 -0.004003 0.159919 0.003285
0.138404 -0.099862 0.273076 0.032404 -0.279588 -0.284657 -0.095638 0.054252 0.084307 0.136105 0.094821 0.094199 0.037796 0.024601 0.051831 0.109864 -0.231811 0.059753 0.049720 -0.207087 -0.100551 -0.251553 0.048281 -0.031177 -0.002051 0.009074 0.018622 0.003801 0.004944 0.006079 0.365872 0.245574 0.091817 -0.000549 -0.002063 0.000183 0.000350 0.000606 0.000352 -0.088838 -0.038045 -0.000474 -0.003946 -0.005356 -0.001506 -0.001637 -0.008785 -0.016890 -0.001834 0.007815 0.001640 -0.016578 -0.043811 0.036848 0.000326 0.000121 0.000891 0.002552
0.028336 0.022128 0.523450 0.011626 -0.339203 0.505076 -0.223345 0.008264 0.000317 0.000299 0.056502 0.024530 0.057884 0.030590 0.076631 0.120763 -0.171801 0.140461 0.025164 -0.223646 0.059250 -0.224448 0.063092 -0.042023 -0.004583 0.017335 0.074334 0.008630 0.011129 0.014743 0.069268 0.052185 0.266744 0.005567 -0.001447 -0.000054 -0.001144 -0.001351 -0.000478 -0.067742 -0.038951 -0.001390 -0.013994 -0.003548 -0.027023 -0.003136 -0.014734 -0.021134 0.000000 0.000198 -0.000943 -0.000076 -0.050828 -0.000003 -0.000208 -0.000106 -0.000380 -0.002852
0.025088 0.035290 0.022737 0.009706 -0.495628 0.464520 -0.133033 0.010596 -0.000690 -0.000435 0.054002 0.061241 0.202095 0.081767 0.110004 0.160635 -0.063524 0.156977 -0.053532 -0.533158 0.200844 -0.199588 0.100696 0.027085 -0.002097 0.001424 0.012447 0.009526 0.017449 0.110986 0.010233 0.026950 0.064269 0.055567 -0.002385 -0.017782 -0.001046 -0.001240 -0.108401 -0.221150 -0.116139 -0.000551 -0.002783 -0.013804 -0.030066 -0.171890 -0.022457 -0.012014 -0.003041 -0.000397 -0.000856 -0.005883 -0.098740 -0.067316 -0.042479 -0.031308 -0.003572 -0.077068
0.016562 -0.004051 -0.018354 -0.009484 -0.385983 0.375487 -0.037182 0.050506 -0.057007 -0.121196 0.040443 0.064643 0.475102 0.096727 0.314558 0.177745 0.009922 0.193727 -0.149358 -0.547248 0.338624 -0.144255 0.039719 0.141705 0.001514 0.000873 0.000477 0.004875 0.073649 0.177539 0.006378 0.006814 0.006048 0.014212 -0.001066 -0.360009 -0.007393 -0.001660 -0.138349 -0.213995 0.000105 0.000133 -0.001076 -0.022396 -0.162603 -0.708989 -0.008848 -0.004489 -0.002151 -0.000419 -0.000281 -0.034660 -0.520950 -0.353862 -0.485577 0.049034 0.396874 0.019859
-0.002556 -0.014103 -0.108932 -0.158824 -0.244362 0.314869 -0.035471 0.054282 -0.098588 -0.188439 0.010815 -0.007030 0.489848 0.190560 0.447138 0.152751 0.006559 0.156594 -0.274706 -0.490805 0.508123 -0.094067 0.034614 0.906622 0.012377 0.000103 0.000000 0.000000 -0.003014 0.104591 0.003976 0.000000 0.000000 0.000000 -0.019984 -0.018897 -0.365917 -0.116106 -0.162355 -0.171347 -0.000128 -0.000372 -0.007097 -0.003923 -0.000330 -0.276781 0.000137 -0.002612 -0.001825 0.000183 0.000152 0.000344 0.016921 -0.040880 -0.461203 0.117147 0.366694 0.001526
0.040600 0.035111 -0.052783 -0.190908 -0.043116 0.258782 -0.075233 0.070254 -0.002299 -0.100490 0.027840 0.049259 0.482258 0.142037 0.511310 0.159382 0.047420 0.150045 -0.299685 -0.377673 0.735957 -0.647893 -0.010482 0.501912 0.064175 -0.000144 -0.000477 -0.014418 -0.008895 0.062813 0.001622 -0.002105 -0.001102 0.003043 0.018920 0.359718 -0.333884 -0.079367 -0.116171 -0.542079 -0.007053 -0.008580 -0.044511 -0.002355 -0.061887 -0.193878 -0.000663 -0.002543 -0.002353 -0.000642 -0.000238 0.000263 0.000635 0.027919 -0.238112 0.055356 0.271526 0.002258
0.030764 0.009542 0.001282 -0.501769 0.118309 0.279578 0.010242 0.137867 0.042516 -0.044279 0.095662 0.130931 0.517984 0.070346 0.490983 0.202374 0.009763 0.349253 -0.209898 -0.141799 1.309631 -0.790018 0.167041 0.141625 0.173427 0.037576 -0.012341 -0.011512 -0.012817 0.000732 0.000953 -0.003043 -0.001173 0.079855 0.037146 0.477574 0.010650 0.037957 -0.060488 -0.397815 -0.103858 -0.256601 -0.359590 -0.180107 -0.025308 -0.256450 -0.087792 -0.006834 -0.007714 -0.009552 -0.028033 -0.003443 -0.001157 0.000676 0.000965 0.000961 0.000795 0.000386
0.010447 0.001036 0.001327 -0.273496 0.220735 0.230140 0.108652 0.186580 0.095114 -0.038850 0.098193 0.128456 0.592048 0.031916 0.621158 0.144161 0.005531 0.026372 0.011725 0.394371 2.223151 -0.060588 0.187310 0.013031 0.350293 0.098795 0.026873 0.034107 -0.004147 -0.000411 -0.002272 -0.003156 -0.001465 0.010159 0.301516 0.006319 0.003663 0.006947 -0.019258 -0.166570 0.011565 0.005135 -0.623922 -1.109086 -0.217348 -0.143451 -0.073345 -0.017897 -0.014154 -0.008534 -0.082714 -0.058636 -0.017709 -0.000943 -0.001066 -0.001011 -0.000816 -0.000390
0.000414 0.001468 0.005717 0.113512 0.383134 0.191353 0.122640 0.286916 0.304519 -0.027740 0.120261 0.126252 0.325897 -0.060817 0.726009 0.234638 0.000788 0.001166 0.012689 0.012194 0.010034 0.036702 0.012220 0.017691 0.034938 0.025264 0.172402 0.012698 0.132898 -0.001029 -0.001871 -0.025585 -0.001236 0.000008 0.000098 0.000000 0.000000 0.000067 0.000074 -0.056808 0.041599 0.037492 -0.341173 -0.865616 -1.134234 -0.053116 0.000529 0.005371 -0.008575 -0.051535 -0.032096 -0.190676 -0.006209 -0.000785 -0.029761 -0.026118 -0.017278 -0.004231
0.000050 0.004581 0.054230 0.507119 0.505591 0.087537 0.026930 0.216474 0.175490 0.023354 0.019081 0.009756 0.456073 -0.106529 0.714378 0.279493 -0.000183 -0.000055 0.000135 0.000076 0.000214 0.005094 0.007847 0.004197 0.008342 0.008019 0.032335 0.054053 0.162269 -0.009917 -0.018215 -0.016766 -0.020628 -0.021034 -0.001104 -0.013198 -0.005350 -0.000464 -0.000141 0.000446 0.000031 0.000178 0.000503 -0.855117 -0.912042 -0.008704 -0.000066 0.000000 -0.004620 -0.062567 -0.125724 -0.335292 -0.121448 -0.007484 -0.772992 -0.889860 -0.036672 -0.002097
-0.000367 0.018000 0.108095 0.228530 0.155464 0.001560 0.075164 0.074217 0.051984 0.052515 0.031948 0.016606 0.633755 -0.070403 0.585999 0.256631 -0.000727 -0.011308 -0.000169 -0.000063 -0.000058 0.000000 0.000000 0.000000 0.000000 0.000320 0.026279 0.019844 0.307519 -0.115110 -0.156844 -0.160498 0.017235 0.021467 0.008797 -0.246454 -0.013117 -0.006950 -0.003009 -0.000699 -0.026002 -0.001885 -0.000231 -0.663873 -1.897511 -0.202550 -0.007189 -0.003663 0.002677 -0.008586 -0.321500 -0.098280 -0.001343 -0.053084 -0.112212 -1.074485 -0.016658 -0.020895
-0.002242 0.038591 0.103856 0.163839 0.053492 0.004205 0.099088 0.109294 0.060907 0.063376 0.029243 0.015204 0.896237 0.101039 0.486522 0.239927 -0.011958 -0.010465 -0.056520 -0.009699 -0.012723 -0.006965 -0.010009 -0.021817 -0.019482 -0.000565 0.015664 0.011838 0.013130 -0.043657 -0.108286 -0.187927 0.036721 0.049084 0.027438 -0.194850 -0.594602 -0.094245 -0.012671 -0.008111 -0.056281 -0.175393 -0.397005 -1.053952 -2.036632 -0.151813 0.000715 -0.011257 0.035670 0.028926 0.139664 0.061672 0.171754 0.098184 0.031758 -0.644522 -0.347440 -0.241304
0.027676 0.048468 0.073636 0.076699 0.007488 0.089043 0.546534 0.573622 0.113312 0.298467 0.241950 0.347274 0.934779 0.012709 0.013835 0.014700 -0.029211 -0.015674 -0.187027 -0.129610 -0.027787 -0.019937 -0.036770 -0.050445 -0.026684 -0.000348 0.000010 0.000360 0.000360 0.000122 -0.082858 -0.081067 0.119915 0.120786 -0.016312 -0.060047 -0.061345 -0.045703 -0.011563 -0.006797 -0.047583 -0.310687 -0.557386 -1.055181 -0.760869 0.001157 0.013303 0.002534 0.043677 0.012774 0.014246 0.190579 0.012635 0.003663 0.000187 -0.013694 -0.001214 -0.166433
-0.042729 0.000000 0.000000 0.000000 0.107877 0.179965 1.010356 0.687194 -0.183657 0.282365 0.029896 0.082193 0.014879 0.000006 0.000203 0.000006 -0.140604 -0.069516 -0.414230 -0.037359 -0.111523 -0.155816 -0.043867 -0.026263 -0.030473 -0.005447 -0.008693 -0.000360 -0.000360 -0.000093 -0.238420 -0.037856 0.000020 0.000785 -0.030145 0.109461 -0.019544 -0.028054 -0.057856 -0.029547 0.183582 -0.457342 -0.687058 -0.948284 -0.603382 0.000064 0.000000 0.003973 0.023190 0.000352 0.000158 0.012507 0.001407 0.000000 -0.000102 -0.003947 -0.002006 -0.069595
-0.093309 -0.113699 -0.068416 0.110477 0.127205 0.188083 1.382615 1.605310 -0.316104 0.097965 0.012655 0.000632 -0.006364 -0.023671 -0.000462 -0.006177 -0.216794 -0.089928 -0.181384 -0.008020 -0.023586 -0.021017 -0.008398 -0.009211 -0.035998 -0.042419 -0.018765 -0.007478 -0.015326 -0.092713 -1.449103 -0.108760 -0.007736 0.000224 0.001033 0.001541 0.001038 0.033950 -0.010397 0.126419 0.018769 -0.566907 -0.568199 -0.999180 -0.410686 -0.000630 -0.009857 -0.001167 0.000416 -0.000170 -0.000106 -0.000001 -0.000240 -0.008653 -0.016254 -0.137321 -0.022363 -0.025840
-0.043768 -0.204303 -0.455669 0.095277 0.162110 0.091103 0.323043 0.168837 0.000015 0.000395 0.000767 0.000291 -0.002374 -0.092050 0.013850 -0.118716 -0.329923 -0.131362 -0.203701 -0.005434 -0.005979 0.021949 -0.003226 -0.003955 -0.008824 -0.167395 -0.161978 -0.169071 -1.481681 0.323443 -0.495406 0.311931 -0.035599 -0.000643 -0.000763 -0.000551 0.000789 0.009746 0.020236 0.010040 -0.014663 -0.731349 -0.652123 -1.003004 -0.373287 -0.052246 -0.044648 -0.000637 0.000123 -0.000739 -0.007624 -0.007296 -0.011586 -0.038123 -0.657310 -0.483978 0.272907 0.142766
0.048603 -0.004671 0.285924 0.132810 0.124378 0.080516 0.069220 0.042644 -0.212711 -0.000602 -0.000836 -0.000614 -0.000908 0.041443 0.040421 -0.060773 -0.272017 -0.186618 -0.248539 -0.015987 -0.015289 0.022461 -0.002607 -0.011217 -0.089825 -0.165296 -0.180600 -0.204985 -0.864923 0.045442 -0.169017 0.206463 -0.008982 -0.012752 -0.024141 -0.001364 -0.000932 0.000414 0.008775 0.000212 -0.000187 -0.727249 -0.637319 -0.956041 -0.358512 -0.517160 -0.004003 0.000020 0.000136 -0.000607 -0.021307 -0.025933 -0.028128 0.361985 -0.390614 -0.067252 0.413093 0.688892
0.172674 0.169941 0.696176 0.227477 0.160440 0.125626 0.130702 0.074351 -0.199577 -0.149778 -0.088188 -0.176337 -0.000728 0.129116 0.073666 -0.663912 -0.235654 -0.236521 -0.297169 -0.021581 -0.117286 0.024326 -0.099395 -0.185160 -0.117132 -0.122013 -0.124603 -0.162848 -0.131381 0.090034 0.089736 -0.065372 -0.011890 -0.021734 -0.039249 -0.027882 -0.001273 -0.000591 -0.000022 -0.000102 0.000043 -0.621765 -0.581348 -0.905221 -0.974949 -0.427957 0.000073 0.000000 -0.000070 -0.009472 -0.122569 -1.225586 0.964867 0.569768 -0.075114 0.086276 0.124472 1.123100
0.123914 0.069549 0.174522 0.123195 0.074095 0.030856 0.041620 0.019015 -0.107264 -0.260524 -0.665085 -0.439949 0.054624 0.106898 0.055563 -0.198930 -0.306685 -0.331476 -0.431508 -0.037907 -0.028967 0.230561 -0.012166 -0.119692 -0.114960 -0.131340 -0.048159 -0.044382 -0.077458 0.000000 0.000000 -0.009757 -0.057416 -0.056465 -0.475902 -0.052664 -0.008197 -0.005268 -0.010351 -0.000685 -0.000103 -0.632547 -0.663043 -1.057890 -0.643545 -0.503256 -0.000151 -0.004212 -0.008252 -0.185940 0.441435 -0.290909 0.929248 0.000000 0.019400 0.883673 0.577182 1.828459
0.007228 0.001217 0.062657 0.052916 0.027946 0.005736 0.020144 0.008091 0.005796 -0.104941 -0.431052 -0.199908 0.009283 0.010601 -0.019382 -0.046549 -0.321867 -0.496422 -0.678122 -0.057053 -0.040140 0.100467 0.043202 -0.076681 -0.138885 -0.044778 -0.030349 -0.199092 -0.139061 -0.001325 -0.006410 -0.023252 0.000841 -0.658454 -0.536946 0.077318 -0.001608 -0.026054 -0.031229 -0.002235 -0.000944 -0.257066 -0.383686 -0.696205 -0.746262 -0.664573 -0.018613 -0.007710 -0.018421 -0.240567 0.511878 0.003359 1.013691 -0.008567 0.000731 0.039879 0.016405 0.012716
-0.012563 -0.003939 0.096342 0.079456 0.038702 0.004153 0.057166 0.031411 0.012834 0.029571 0.469762 0.277633 -0.039327 -0.078887 -0.083707 -0.022315 -0.294856 -0.573713 -0.799370 -0.503240 -0.025842 0.000444 0.131193 0.074660 -0.040005 -0.026313 -0.031526 -0.636832 -0.088644 -0.000840 -0.019584 -0.446835 0.106200 -0.656396 0.007004 0.007944 0.007003 -0.002134 -0.069611 -0.024165 0.205729 -0.107820 -0.278104 -0.634315 -0.605387 -1.601707 -0.070653 -0.007951 -0.025714 -0.164329 0.501188 0.178630 1.096555 -0.191645 0.000096 0.001262 0.010164 0.005097
-0.004210 0.054870 0.098376 0.083595 0.041389 0.195672 0.137805 0.116543 0.046754 0.118695 0.162486 0.125666 0.313271 -0.068924 -0.220247 -0.120023 -0.192646 -0.618712 -0.866114 -0.610267 -0.009046 -0.000025 0.000000 0.000066 -0.008385 0.002878 0.008064 -0.282605 -0.603413 -0.011283 -0.006435 0.000513 0.000388 -0.395316 0.000000 0.000000 0.000065 0.000001 -0.437442 -0.170561 0.295015 0.001669 0.000672 -0.512279 -0.388008 -1.594456 -0.508454 -0.306137 -0.355594 -0.104305 0.434821 0.471176 1.596102 -0.025331 -0.008777 0.000253 0.000360 0.001154
0.026554 0.050903 0.174206 0.070973 0.039762 0.065249 0.031748 0.021833 0.008202 0.034662 0.068698 0.033254 0.045796 -0.037263 0.004600 -0.075289 -0.167008 -0.676277 -1.358643 -1.179695 -0.289776 -0.021371 -0.005371 -0.000524 0.018377 0.119787 0.113637 0.014359 -0.565456 -0.319567 -0.003065 -0.001496 -0.000477 -0.359168 -0.005342 -0.005378 -0.000547 -0.000035 -0.234830 0.157539 0.180630 0.000654 -0.000155 -0.262747 -0.270533 -1.069862 -0.458791 -1.103076 -0.356663 -0.230280 0.247596 0.626280 1.927144 0.002994 -0.000726 0.000064 0.000031 0.000337
0.004419 0.042458 0.141777 0.064866 0.002578 0.002747 0.002230 0.001016 0.000248 0.000321 0.105309 0.000766 0.009183 0.030515 0.186529 0.000749 -0.010295 -1.106504 -1.168231 -1.078523 -0.207713 -0.244391 0.187783 0.002780 0.008187 0.021668 0.014829 0.023927 -0.338408 -0.226783 -0.300530 -0.001176 -0.039477 -0.823416 -0.020663 -0.013949 -0.004640 0.000185 0.039031 0.365657 0.002983 -0.001302 -0.011826 -0.151453 -0.520599 -0.682655 -0.336764 -0.641833 -0.202756 -0.200715 0.108966 0.794358 1.936905 0.059146 0.007354 -0.000215 -0.000167 -0.000195
-0.001593 0.051917 0.002433 0.003637 0.003179 0.001038 0.000262 0.000052 -0.000149 0.000130 0.092621 0.001169 0.001298 0.023745 0.112463 0.001916 -0.002869 -1.151065 -1.393104 -1.283862 -0.220756 -0.251381 0.285015 0.005775 0.000626 0.008624 0.006411 0.016594 0.070832 -0.009910 -0.244792 -0.146948 -0.801011 -0.770545 -0.350997 -0.020923 -0.014253 0.000554 0.008356 0.017327 0.001271 -0.013554 -0.022237 -0.125256 -0.692252 -0.956660 -0.125368 -0.313993 -0.035244 -0.031279 -0.072944 0.568989 1.527537 0.000165 -0.000095 -0.001247 -0.007911 -0.000380
