use_cases/Flooding_chicago/flooding_data/output/hUy_3360.asc
ncols 337
nrows 393
xllcorner 428428.000000
yllcorner 4602440.000000
cellsize 26.757400
NODATA_value -9999.000000
[rows 182 to 207 of 393, columns 174 to 231 of 337]
0.000248 0.000129 0.000035 -0.000018 -0.000007 0.001576 -0.017806 0.406732 0.590737 1.254301 0.505378 -0.308448 -0.101833 1.717750 0.080706 -0.000552 -0.000564 -0.003137 -0.006636 -0.303175 0.365242 -0.298580 0.853142 -0.061724 1.464948 0.052142 0.064831 1.159193 0.019716 0.005940 0.000062 -0.000214 -0.007648 -0.000143 -0.000123 -0.000189 0.372872 -0.027642 0.120708 0.408315 0.001695 -0.001577 -0.004604 -0.002756 -0.001508 -0.000722 -0.020674 -0.007075 -0.009726 -0.000261 0.000125 0.000001 1.582733 4.924617 4.836602 4.420602 2.798583 0.035575
0.000040 0.004113 0.000050 -0.000095 -0.000113 0.009728 0.002553 0.369241 0.703185 1.453992 0.673236 -0.264393 -0.131196 1.952494 0.225522 0.051511 -0.039662 -0.049733 -0.046731 -0.420613 0.691463 0.008434 1.378699 0.027968 0.004643 0.001423 0.073026 0.159623 0.001274 0.002989 0.000015 -0.002775 -0.005231 -0.001220 -0.000280 -0.000261 0.128917 -0.003994 0.003830 0.000482 0.000025 -0.000235 -0.011714 -0.002096 -0.001318 -0.000503 -0.023993 -0.027195 0.099254 0.499933 0.216341 0.518483 3.297920 5.618973 3.265202 3.000328 1.397216 0.015451
-0.000011 0.000997 0.000008 0.006024 0.043364 0.061936 0.009765 0.179678 0.704674 1.554464 0.566283 0.047304 0.002620 0.000849 0.000921 0.002048 0.011804 -0.003611 0.149338 0.189483 1.366258 0.773289 0.007434 0.003904 0.002365 0.001646 0.001382 0.098288 0.000042 0.000071 0.000000 -0.000450 -0.028668 -0.000538 -0.010577 -0.000946 0.071399 0.000000 0.000013 0.000013 -0.000001 -0.000078 -0.015080 -0.012387 -0.033532 -0.026855 -0.047729 1.046549 1.447770 1.505197 0.324195 0.466285 1.926160 2.959986 1.858981 2.249905 1.965643 0.042191
-0.000339 -0.000009 0.000002 0.000485 0.022144 0.019504 0.021106 0.001562 0.615734 1.773232 0.997465 0.002716 0.000000 0.000015 0.000322 0.001416 0.002713 0.024586 0.093674 0.107137 0.019359 0.027561 0.009426 0.000670 0.000983 0.000349 0.000004 0.141071 0.000007 0.000051 -0.000029 0.000393 0.037778 -0.048085 0.032880 -0.098179 -0.039115 -0.003019 -0.000013 -0.000013 -0.000035 -0.000030 -0.000893 -0.027259 -0.041107 0.970446 1.214196 1.361555 1.982731 1.679448 0.001512 0.001308 0.763633 1.077296 1.921666 4.056788 2.213068 0.116582
-0.011900 -0.000448 -0.000006 -0.000000 0.022231 0.019160 0.003725 0.000301 0.117381 1.201067 1.679988 0.618721 -0.000339 -0.000001 0.000000 0.000552 0.002211 0.013373 0.031807 0.054657 0.006485 0.024976 0.007893 0.002008 0.002087 0.000596 -0.000008 0.138775 -0.000037 0.000067 -0.000016 0.011647 0.007225 -0.110587 0.370814 -0.036620 -0.074589 -0.332495 -0.000710 -0.001218 -0.000151 -0.000037 -0.006603 0.615090 0.953467 1.258903 1.540709 1.418505 0.378508 0.002389 0.000693 0.000571 0.000032 0.121311 1.785535 3.574314 3.658891 0.314086
-0.018519 -0.000491 -0.000024 0.000264 0.018646 0.008998 0.000422 0.000037 0.002228 0.008356 1.062663 2.335762 -0.007500 -0.001011 -0.000450 0.000022 0.001383 0.001467 0.017264 0.032252 0.024588 0.010503 0.002081 0.004226 0.002931 0.000470 -0.000074 0.112522 0.001751 0.000005 0.000039 0.001029 0.001434 0.072675 0.004990 0.016493 0.005740 -0.335370 -0.196216 -0.175320 -0.047163 -0.021832 0.182156 0.692924 0.947980 1.733322 1.604796 0.000007 0.000004 0.000002 0.000005 0.000001 0.000023 0.049964 1.398732 3.018886 4.284500 1.938671
-0.033973 -0.001202 -0.000131 0.000476 0.000273 0.000058 -0.000015 -0.000006 0.005590 0.009208 0.945446 0.870521 0.562985 -0.005596 -0.001434 -0.000007 0.000083 0.000239 0.002041 0.011517 0.019630 0.005324 0.009996 0.014010 0.010581 0.000642 -0.000121 0.067297 -0.000377 -0.000004 0.000004 0.000005 0.000206 0.015414 0.007200 0.003418 0.000208 0.000086 -0.067573 -0.211597 -0.152680 -0.187586 0.271763 0.733946 1.158431 1.661962 1.679670 -0.000008 0.000000 -0.000002 -0.000005 -0.000001 0.000004 0.012641 0.304580 2.978608 4.251983 2.721490
-0.006151 -0.000157 -0.000082 -0.000188 -0.000090 -0.000027 -0.000020 -0.000021 0.014380 0.015426 0.667600 0.731534 0.642595 -0.034507 -0.002599 -0.000051 -0.000014 0.000368 0.000019 0.016894 0.000738 0.000816 0.004400 0.006746 0.000968 0.000033 -0.089103 0.038691 0.030482 -0.000005 -0.000006 -0.000005 0.001362 0.010026 0.000101 0.000074 0.000034 0.000197 0.000127 -0.158164 -0.096960 -0.372258 0.499927 0.526685 1.204368 1.459641 1.200362 0.151706 -0.000082 -0.001820 -0.002996 -0.000992 -0.000012 0.062590 0.586647 2.279555 3.784650 2.626190
-0.002404 -0.000051 -0.002795 -0.000496 -0.000248 -0.002810 -0.001122 0.003641 0.026258 0.018221 0.490840 0.827926 0.604633 0.192608 -0.007768 -0.000035 -0.000015 0.000000 0.000026 0.007193 0.000006 0.000019 0.000381 0.002325 0.001115 0.000035 -0.049124 0.018086 0.030618 -0.082705 0.000023 0.000006 0.000151 0.002427 0.001222 0.000180 0.000050 0.000323 0.000208 -0.060012 -0.062944 -0.003745 0.530191 0.457932 1.286358 1.219817 0.894360 0.146385 -0.005851 -0.559310 -0.046181 0.968405 0.629961 0.548099 0.720168 2.667518 2.815462 1.973576
-0.003062 -0.004736 -0.026249 -0.002991 -0.006518 -0.010070 -0.010658 0.001567 0.015805 0.002502 0.406676 0.673247 0.421126 0.375811 0.013466 0.000803 0.000139 -0.000025 -0.000017 -0.000000 -0.000003 -0.000001 0.000000 0.000006 0.000001 0.000002 -0.026164 -0.053935 -0.087405 0.010922 0.000055 0.000023 0.000034 0.000566 0.000510 0.003519 0.002151 0.006372 0.004729 -0.016856 0.029518 0.142309 0.783862 0.603413 1.593666 0.865060 0.742266 0.257614 0.167891 0.678210 1.361424 1.518888 0.774070 0.728163 1.800492 2.917305 1.233082 0.023362
-0.000686 -0.020722 -0.009822 -0.001512 -0.000300 0.000677 0.005630 -0.003502 0.052151 -0.291253 0.506777 0.638177 0.273999 0.007125 0.007507 0.001741 0.001154 -0.000142 -0.000300 -0.001204 -0.003611 -0.000021 -0.000613 -0.000008 -0.000002 -0.000002 -0.044964 -0.141473 0.045567 0.002240 0.000121 0.000024 0.000000 0.000000 0.000012 0.000699 0.000370 0.000822 0.000425 -0.003036 0.210503 0.284209 0.846935 0.382540 1.022572 0.854349 0.643907 0.418122 0.488660 1.131877 1.457477 1.410961 0.528346 0.541241 1.592756 1.669872 0.016142 0.000939
-0.000119 -0.001792 -0.212158 -0.002077 0.005991 0.009927 0.000913 -0.000406 0.873486 -0.294472 0.418417 0.382513 0.163923 0.000084 0.002033 0.009985 0.005015 0.003886 -0.000123 -0.028919 -0.003402 -0.000037 -0.001598 -0.001299 -0.000793 -0.000786 -0.045098 -0.143988 0.000008 0.000884 -0.000037 -0.000165 -0.002427 -0.000705 -0.000012 -0.000000 -0.000000 0.000002 0.000000 -0.000518 0.416537 0.299046 0.726240 0.379345 1.248225 0.597477 0.585215 0.451011 0.583476 0.896670 1.253803 1.429802 0.576241 0.709013 0.781622 0.802932 0.001098 0.000726
-9999.000000 -0.004438 -0.004554 -0.003173 0.000000 0.000697 0.000406 0.036185 1.044348 -0.028349 0.288538 0.386079 0.217077 -0.000433 0.000899 0.002875 0.007942 0.007280 -0.000115 -0.008170 -0.054329 -0.001363 -0.001741 -0.001787 -0.002488 -0.001015 -0.231850 -0.045588 -0.000003 0.000000 -0.000021 -0.006632 -0.012417 -0.001795 -0.000475 -0.000426 -0.000852 -0.000004 -0.000627 -0.000055 0.505540 0.151331 0.787906 0.716530 1.384990 0.290376 0.226946 0.429161 0.510909 1.035467 1.312723 1.420001 1.180898 1.605100 1.387307 0.788569 0.002491 0.000096
-9999.000000 -9999.000000 -0.003500 -0.001693 0.000073 0.004612 0.002392 0.017999 0.007283 0.041193 0.003502 0.247544 0.345281 -0.000462 0.000179 0.003176 0.009761 0.008607 0.000071 0.000059 -0.059787 -0.069882 -0.041558 -0.017367 -0.026786 -0.008171 -0.432632 -0.007941 -0.001017 -0.000151 -0.001040 -0.014996 -0.017245 -0.007935 -0.001159 -0.001159 -0.003242 -0.001039 -0.002207 -0.000100 0.535986 0.149629 0.488507 0.787612 1.454367 0.000645 0.001312 0.001359 0.211119 0.675815 1.301175 1.584697 1.433622 1.733918 2.025741 1.265418 0.162120 0.108907
-9999.000000 -9999.000000 -9999.000000 -0.000421 0.000198 0.015093 0.005536 0.006829 0.002118 0.000058 -0.000092 0.232280 0.280377 -0.000159 -0.000096 0.000016 0.010270 0.008377 0.000143 0.000075 -0.036225 -0.033323 -0.014654 -0.046406 -0.004038 -0.000112 -0.557900 -0.009089 -0.002405 -0.000845 -0.001540 -0.020430 -0.029069 -0.016843 -0.000942 -0.004794 -0.003869 -0.005168 -0.000080 -0.000093 0.551901 0.000054 0.512165 0.502870 1.436115 0.000749 0.000674 -0.000810 0.000688 0.346743 1.138128 1.052861 1.313063 1.855319 2.122304 1.844260 0.535285 0.405626
-9999.000000 -9999.000000 -9999.000000 0.000001 0.000085 0.002783 0.017093 0.000142 0.000003 0.000056 0.002392 0.448977 0.483190 0.002701 -0.000040 -0.000000 0.000021 0.000054 0.000022 -0.000025 0.000004 -0.016410 -0.010570 -0.012041 -0.001682 -0.000770 -0.405800 -0.271801 -0.004125 -0.003079 -0.004942 -0.004103 -0.062133 -0.003071 -0.003634 -0.010286 -0.004921 -0.007873 -0.001433 0.136657 0.444663 0.000173 0.498769 0.801307 1.689177 0.282406 0.032350 -0.225618 -0.012465 0.294723 0.421472 0.872192 1.320570 1.928925 2.679879 1.934164 1.036951 0.772158
-9999.000000 -9999.000000 -9999.000000 -9999.000000 0.000185 0.001806 0.001496 0.000077 0.000009 0.000058 0.006957 0.068540 1.189505 0.033919 -0.000022 -0.001592 -0.000042 -0.000089 -0.000153 -0.000070 -0.000007 -0.005146 -0.005577 -0.005882 -0.001175 -0.001004 -0.304636 -0.222125 -0.004378 -0.005821 -0.000544 -0.000891 -0.069643 -0.030382 -0.002045 -0.011167 -0.004630 -0.007429 -0.009055 0.201242 0.306813 0.146630 0.838683 0.696936 1.522713 0.681608 0.323520 -0.205849 -0.074741 0.347950 0.578389 0.881228 1.418457 2.130592 2.540498 2.061996 1.130309 0.811397
-9999.000000 -9999.000000 -9999.000000 -9999.000000 0.000150 0.000035 0.000473 0.000043 0.000021 0.000001 0.031348 0.066640 0.053279 0.023240 -0.000054 -0.003997 -0.000997 -0.001791 -0.001313 -0.006170 -0.004237 -0.002314 -0.023989 -0.004316 -0.001078 -0.000477 -0.132112 -0.548252 -0.011541 -0.007994 -0.001562 -0.000641 -0.027804 -0.019598 -0.017941 -0.020993 -0.009309 -0.041829 -0.000585 0.358600 0.436277 0.526397 1.018610 1.163165 1.883421 1.091509 0.436017 0.006711 -0.157388 0.199166 0.473816 1.009686 1.529378 1.550575 2.614089 1.844702 1.010229 0.590285
-9999.000000 -9999.000000 -9999.000000 -9999.000000 -0.000000 -0.000014 0.000000 0.000003 0.000009 0.000015 0.048885 0.102814 0.000081 0.000521 -0.000015 -0.013807 -0.002243 -0.004004 -0.002515 -0.015700 -0.002770 -0.013781 -0.029542 -0.008456 -0.010307 -0.005006 -0.195416 -0.379863 -0.187449 -0.008093 -0.010574 -0.016048 -0.041010 -0.035150 -0.024756 -0.029754 -0.017748 0.166474 0.054990 0.390994 0.533994 0.758996 1.169714 1.258717 2.058784 1.156788 0.628797 0.129762 0.092002 -0.023639 0.481747 0.999159 1.496741 1.450117 1.821809 1.299307 0.894067 0.428763
-9999.000000 -9999.000000 -9999.000000 -9999.000000 -9999.000000 -0.001374 -0.000206 -0.000003 0.000025 0.000028 0.020673 0.037441 0.000017 0.000028 0.000007 -0.031251 -0.074205 -0.039782 -0.088090 -0.057336 -0.004834 -0.017056 -0.019650 -0.015077 -0.016055 -0.014965 -0.374812 -0.629806 -0.069358 -0.044059 -0.027883 -0.017672 -0.093480 -0.058197 -0.809196 -0.891972 0.384068 0.706178 0.458217 0.673223 1.146955 1.170905 1.158258 1.420152 2.008479 1.286477 0.653111 0.174431 0.114718 0.184786 0.435675 0.688779 1.093800 1.343487 1.821602 0.827925 0.384425 0.003607
-9999.000000 -9999.000000 -9999.000000 -9999.000000 0.000210 -0.002046 -0.000383 -0.000802 0.000007 0.000034 0.029682 0.060163 0.000012 0.000049 0.000001 0.000002 -0.004791 -0.005544 -0.016762 -0.038382 -0.123989 -0.105782 -0.008159 -0.013305 -0.036494 0.003790 -0.289592 -0.481501 -0.193971 -0.238893 0.159236 -0.966596 -0.406635 0.278100 -0.016588 -0.173589 0.805905 0.881796 0.574407 0.700386 1.460568 1.561232 1.177184 1.682114 2.061296 1.150812 0.851703 0.170003 0.101972 0.131970 0.270587 0.292709 0.641310 1.242272 0.994256 0.004543 0.000059 0.000105
-9999.000000 -9999.000000 -9999.000000 -9999.000000 -0.001312 -0.028306 -0.002247 -0.000822 -0.000220 -0.000048 0.025676 0.046725 -0.000001 0.000000 -0.000002 -0.000002 0.008193 0.000005 0.000082 -0.006275 0.079873 -0.123486 -0.364333 -0.115442 -0.012303 -0.006845 -0.241465 -0.364944 -0.138096 0.009019 0.501426 -0.144608 0.039470 0.445621 0.271584 0.111490 0.724985 0.710454 0.756001 0.998656 1.522219 1.329464 1.437135 1.463976 1.649769 0.960016 0.593232 0.136764 -0.000412 -0.016513 0.187473 0.216565 0.481256 0.591767 0.363604 0.000007 0.000013 0.000103
-9999.000000 -9999.000000 -9999.000000 -9999.000000 0.000034 -0.003436 -0.049037 -0.000405 -0.000206 -0.000051 0.019655 0.006588 0.007470 -0.000151 -0.000441 -0.036349 -0.011576 -0.000005 0.000518 -0.000837 0.285419 0.043288 -0.104763 -0.039103 -0.055102 -0.145179 -0.204124 0.042098 -0.227062 0.578372 0.553759 0.745263 0.452428 0.578067 0.417866 0.261488 0.733681 0.824843 0.647808 1.005402 1.226958 1.163808 0.942295 1.402964 0.858363 0.459122 0.245922 0.240248 -0.037484 0.070228 0.100224 0.112985 0.215976 0.431400 0.000005 -0.000007 -0.000054 -0.000129
-9999.000000 -9999.000000 -9999.000000 0.000000 0.000025 0.000010 -0.025336 -0.000140 -0.000103 0.006448 0.088260 -0.015432 0.078734 -0.036477 -0.067781 -0.097868 -0.021042 -0.009626 -0.000843 0.041128 0.465728 0.060085 0.000039 0.000020 -0.055302 -0.066932 0.133722 0.382153 1.052061 0.897824 0.654322 0.582835 0.658500 0.557751 0.434041 0.310185 0.634787 0.803705 0.762849 0.723042 1.026694 0.672144 0.444277 1.038770 0.702434 0.305073 0.113323 0.048810 -0.188865 -0.136084 0.046986 0.001632 0.002095 0.000054 -0.012770 -0.002388 -0.007873 -0.011619
-9999.000000 -9999.000000 -9999.000000 -0.000870 -0.000043 -0.000020 -0.014245 -0.009505 -0.002968 0.013765 0.073767 0.085710 0.000151 -0.007434 -0.014973 -0.016962 -0.183770 -0.010126 -0.023307 0.073777 0.178534 0.000000 -0.000012 -0.000010 -0.015002 0.394939 0.440802 0.925607 1.105261 1.111108 0.521068 0.427917 0.798237 0.584981 0.364121 0.410730 0.696260 0.901029 0.729205 0.703010 0.340487 0.392049 0.038413 1.177782 0.690644 0.223926 -0.026047 -0.069169 -0.250241 -0.259075 -0.000008 0.000006 0.000000 -0.000003 -0.001362 -0.764920 -1.404281 0.420078
-9999.000000 -9999.000000 -9999.000000 -0.004884 -0.000033 0.000635 0.210279 -0.186502 -0.177313 0.014593 0.000001 0.000000 0.000000 0.000000 0.000000 -0.006036 -0.008204 -0.004327 -0.053961 0.013455 0.007716 0.003109 -0.014217 -0.015996 0.218284 0.863166 0.783664 0.893794 1.016690 0.528613 0.086711 0.059045 0.340493 0.297346 0.438190 0.472475 0.863404 1.093377 1.118703 0.329597 0.009354 0.011338 0.004007 1.068682 0.960035 0.195566 -0.031163 -0.064015 -0.280355 -0.312435 -0.381963 -0.000008 -0.000419 -0.020366 0.015261 -0.100249 -0.903809 0.379949
