use_cases/Flooding_chicago/flooding_data/output/hUy_180.asc
ncols 337
nrows 393
xllcorner 428428.000000
yllcorner 4602440.000000
cellsize 26.757400
NODATA_value -9999.000000
[rows 156 to 181 of 393, columns 174 to 231 of 337]
0.000395 0.003670 0.003366 0.004246 0.007669 0.046922 0.204966 0.156371 0.001102 0.001120 0.000756 0.252071 0.026988 0.047192 0.009522 0.000843 0.038648 0.067474 0.020832 0.000375 0.000220 0.000104 -0.006191 -0.016929 0.001043 0.019971 0.020264 0.037523 0.045658 0.010718 0.001042 0.001462 0.014945 0.005880 0.005880 0.000199 0.000063 0.005860 0.028756 0.018061 0.018488 0.000541 0.018391 0.021240 0.000996 -0.000003 -0.000123 0.000050 0.001948 0.015054 0.016720 0.004861 0.007984 0.037632 0.066263 0.035229 0.041190 0.068747
-0.000730 0.004788 0.008642 0.013433 0.001027 0.056926 0.069313 0.242427 0.004484 0.006709 0.003942 0.575841 0.076862 0.064129 0.006721 0.000516 0.007027 0.030185 0.006725 0.000298 -0.000220 -0.000104 -0.012910 -0.140332 -0.000326 0.004827 0.009277 0.015823 0.016270 0.001362 -0.000298 -0.000218 0.000000 0.000000 0.000000 -0.000071 -0.000065 -0.000003 0.000160 0.000528 0.000665 0.083967 0.095458 0.061479 0.273376 0.282030 -0.011746 -0.000031 0.001102 0.003389 0.005081 0.019621 0.042444 0.023565 0.017699 0.008531 0.034230 0.150015
0.135182 0.002389 0.019009 0.035453 1.026543 0.054926 0.107849 0.371030 0.031784 0.010155 0.036792 0.328441 0.081380 0.080925 0.036861 0.011438 0.015162 0.004846 0.000233 -0.001046 -0.001488 -0.000844 -0.000826 -0.081415 0.000789 0.000000 0.000000 0.000000 0.000068 -0.000084 -0.014851 -0.014216 -0.000928 -0.007171 -0.007212 -0.006591 -0.000687 -0.016507 -0.000965 -0.000188 0.001008 0.063024 0.023690 0.022996 0.007248 0.318872 -0.001962 0.000904 0.002191 0.015024 0.022051 0.023677 0.031783 0.002800 0.000117 0.000195 0.014303 0.057860
0.131782 0.014101 0.080636 0.071259 0.066518 0.114290 0.143831 0.186772 0.035981 0.010840 0.029424 0.165922 0.068725 0.044947 0.059693 0.076729 0.026879 0.031476 -0.000558 -0.001809 -0.001281 -0.000666 -0.000754 -0.088255 -0.000126 -0.004119 -0.009208 -0.005324 -0.000459 -0.000307 -0.011206 -0.020640 -0.001672 -0.019198 -0.014699 -0.017290 -0.000903 -0.008402 0.002551 -0.000660 0.001885 0.027074 0.010640 0.000973 0.000696 0.135512 0.084018 0.014643 0.012884 0.008667 0.012040 0.013865 0.017546 0.001412 -0.015586 -0.001895 0.000793 0.003023
0.161396 0.034950 0.050982 0.056529 0.031016 0.201347 0.161418 0.074825 0.036312 0.008742 0.026183 0.081406 0.068746 0.028197 0.043366 0.062094 0.017877 0.019871 0.133820 0.011104 -0.032100 -0.003194 -0.000954 -0.050250 -0.037641 -0.011219 -0.022472 -0.017278 -0.006844 -0.010112 -0.015673 -0.070140 -0.035863 -0.033886 -0.020560 -0.026915 -0.000910 0.026937 0.023045 0.225064 0.005044 0.001368 0.000277 0.000391 0.002517 0.302785 0.205406 0.015489 0.005328 0.000174 0.000398 0.000558 0.008243 0.000295 -0.043929 -0.025870 -0.003608 -0.001092
0.152286 0.037240 0.042109 0.029816 0.055089 0.176807 0.107543 0.108886 0.028911 0.004218 0.017666 0.025689 0.064794 0.014256 0.030018 0.041187 0.013823 0.019164 0.032897 0.024574 0.211725 0.134354 -0.017669 -0.031090 -0.272621 -0.023752 -0.029071 -0.030733 -0.017626 -0.025347 -0.009070 -0.106915 -0.061753 -0.035493 -0.031562 -0.040235 -0.006588 0.115166 0.121300 0.030210 0.022446 0.001765 -0.000077 0.001038 0.015593 0.370698 0.017455 0.007410 -0.000002 -0.000134 -0.000331 -0.000402 -0.000013 -0.000107 -0.034765 -0.120167 -0.017948 -0.002976
0.137977 0.035703 0.035410 0.024690 0.074375 0.076616 0.135419 0.126477 0.033802 0.000675 0.006370 0.011277 0.000900 0.000541 0.010523 0.011662 0.007785 0.012378 0.017831 0.034901 0.028549 0.029903 -0.055484 0.049542 -0.579635 -0.046800 -0.024855 -0.037714 -0.028737 -0.045476 -0.017975 -0.086562 -0.066057 -0.035053 -0.049932 0.020225 0.008477 0.023286 0.039113 0.033618 0.005924 0.000563 -0.000654 0.003004 0.042007 0.216788 0.007116 -0.000318 -0.009010 -0.024334 -0.007709 -0.011009 -0.007147 -0.005513 -0.032824 -0.194515 -0.026141 -0.001263
0.178711 0.008672 0.035304 0.006981 0.083878 0.059305 0.129996 0.109142 0.040396 0.001084 0.000037 0.000001 -0.012779 -0.032711 0.000005 0.000156 0.000004 0.000348 0.014275 0.008402 0.009679 0.009143 0.000850 0.041146 0.097685 0.059541 -0.034527 -0.034552 -0.070812 -0.130328 -0.009908 -0.033263 -0.023356 -0.008489 -0.041354 0.095639 0.042014 0.014566 0.027190 0.009739 0.000672 0.000119 0.000042 0.013922 0.161904 0.026494 0.005347 -0.001931 -0.031267 -0.055032 -0.018584 -0.024624 -0.016025 -0.018994 -0.034255 -0.258328 -0.025934 -0.015951
0.079086 0.002883 0.021496 0.006019 0.073180 0.077928 0.062879 0.094357 0.038071 0.002181 0.000401 0.000945 0.036165 0.098651 0.004227 -0.000497 -0.020869 -0.000371 0.000000 0.000374 0.000347 0.000147 0.001536 0.027361 0.272390 0.135928 0.024768 0.147297 -0.006801 -0.018980 -0.002264 -0.012634 -0.002897 0.004171 0.145208 0.032358 0.022301 0.000275 0.007239 0.000325 0.000115 -0.000053 0.000304 0.031551 0.045006 0.009166 0.022305 0.005628 -0.035314 -0.369135 -0.029328 -0.021818 -0.018031 -0.028783 -0.026939 -0.312663 -0.069845 -0.032045
0.175827 0.027444 0.007227 0.020922 0.045538 0.056770 0.056903 0.067617 0.007813 0.003061 0.001581 0.003679 0.029837 0.417310 0.034831 0.003134 -0.119562 0.059467 0.001004 -0.000064 0.000389 -0.000084 0.005537 0.035503 0.151743 0.012274 0.022683 0.315380 0.028317 0.008267 0.008566 0.001997 0.034168 0.029052 0.028537 0.093736 0.000982 0.000024 -0.000003 -0.000207 -0.000183 -0.001268 -0.000229 0.003092 0.038623 0.034704 0.005989 0.027144 0.017432 -0.040965 -0.251446 -0.026925 -0.023398 -0.002012 0.099484 0.172371 0.742998 0.013454
0.101086 0.020307 0.025704 0.062265 0.016950 0.016229 0.136701 0.024646 0.022774 0.005940 0.001971 0.007224 0.023686 0.248654 0.017681 0.017507 0.090715 0.160161 0.007359 -0.000286 0.000947 -0.000534 0.010880 0.076116 0.070994 0.003405 0.083054 0.205196 0.110843 0.016625 0.002106 0.002758 0.007365 0.013292 0.021985 0.029849 0.001396 -0.000570 -0.007044 -0.006571 -0.006704 0.000374 0.020612 0.002112 0.011215 0.015237 0.004152 0.034702 0.012935 0.043060 0.017014 0.009328 0.004446 0.009158 0.166022 0.081344 0.053211 0.063956
0.001357 0.002662 0.017169 0.037013 0.013384 0.019033 0.079799 0.086113 0.065080 0.011720 0.003284 0.045928 0.133545 0.116101 0.015464 0.014716 0.024241 0.075991 0.023296 -0.000386 0.004887 -0.000273 0.030457 0.099723 0.089478 0.018750 0.044214 0.125344 0.092321 0.100709 0.022453 0.018915 0.001033 0.006516 0.010784 0.000278 -0.001770 -0.032017 -0.009398 -0.016195 -0.013195 0.001184 0.029594 0.003486 0.000994 0.000000 0.011701 0.020151 0.009994 0.010528 0.041117 0.020373 0.019696 0.048877 0.131410 0.009702 0.012750 0.025432
0.004131 0.021384 0.021505 0.033507 0.009762 0.017119 0.103954 0.050470 0.022558 0.037649 0.020703 0.079132 0.080133 0.024809 0.008905 0.007741 0.012118 0.023971 0.012259 0.004864 0.032051 0.075090 0.136787 0.180844 0.157015 0.021732 0.012639 0.133644 0.028652 0.054908 0.042421 0.006878 0.000181 0.000000 0.000000 -0.000120 -0.000861 0.007672 0.032177 0.010668 0.020244 0.001739 0.001881 0.005499 0.002812 0.004196 0.014230 0.001120 0.000932 0.000501 0.008493 0.049978 0.058721 0.035263 0.021267 0.000530 0.005901 0.024552
0.006510 0.012140 0.018279 0.026894 0.007712 0.015688 0.097950 0.010641 0.008717 0.017034 0.008839 0.028255 0.024982 0.013190 0.001284 0.000582 0.000373 0.000374 0.010984 0.000659 0.006472 0.015588 0.017260 0.140403 0.019501 0.016669 0.010601 0.097485 0.019446 0.026658 0.031616 0.002648 -0.001024 -0.007462 0.000070 0.044662 0.267239 0.195511 0.026445 0.004546 0.006890 0.039638 -0.001165 0.000859 0.002039 0.006153 0.013439 0.001721 0.000836 0.000120 0.000199 0.018418 0.018507 0.001890 0.029356 -0.000057 0.000434 0.015665
0.016700 0.000576 0.006502 0.010142 0.000795 0.008826 0.040341 0.000288 0.000000 0.000000 0.000145 0.000148 0.000010 0.000000 -0.000191 -0.000271 -0.000029 -0.000005 -0.000000 -0.000030 -0.000001 0.000326 0.005147 0.062024 0.013257 0.001423 0.007990 0.057702 0.017220 0.015103 0.014565 0.001070 0.002065 -0.093665 -0.001697 0.052476 0.077037 0.065317 0.025192 0.001291 0.000033 0.069178 0.132627 0.000034 0.002373 0.002058 0.003360 0.000769 -0.000191 -0.000464 -0.000235 0.000082 0.000421 0.000536 0.028135 0.032594 -0.000025 0.000003
0.008062 0.000298 0.000101 0.000016 0.000369 0.000516 0.002421 0.000436 -0.023955 -0.008461 -0.000454 -0.000141 -0.005624 -0.014795 -0.043218 -0.006060 -0.000580 -0.000378 -0.018069 -0.018958 -0.009181 -0.001797 -0.000150 0.000135 0.001376 0.000702 0.001395 0.011797 0.012065 0.008527 0.000617 0.003110 0.019871 0.183579 0.029743 0.036641 0.032326 0.021859 0.018106 0.003026 0.002664 0.085030 0.176890 0.002884 0.008720 0.004307 0.004987 -0.001245 -0.000900 -0.010147 -0.033743 -0.001118 -0.000507 0.000980 0.024027 0.054931 0.015941 -0.005977
0.033690 0.001044 -0.000204 -0.008673 -0.000836 -0.000376 -0.000645 -0.000690 -0.042846 -0.017373 -0.019230 -0.018686 -0.031237 -0.096941 -0.048146 -0.008996 -0.001815 -0.007208 -0.040374 -0.035502 -0.029451 -0.064831 0.005916 0.157545 0.001316 0.000258 0.000297 0.000060 0.000000 0.000000 0.000137 0.024409 0.122429 0.132651 0.025148 0.018816 0.011992 0.000849 0.000658 0.003369 0.013720 0.217046 0.265443 0.017554 0.047018 0.017290 0.017049 -0.025211 -0.013755 -0.037129 0.096148 0.015892 -0.000627 0.004865 0.090081 0.121634 0.081405 -0.013923
0.093635 0.013385 -0.011681 -0.023853 -0.007281 -0.000597 -0.000842 -0.005703 -0.046292 -0.040145 -0.044874 -0.032585 -0.217269 -0.205569 -0.029368 -0.013168 -0.002051 -0.037087 -0.014906 -0.009905 -0.004428 0.414095 0.061686 0.042815 0.002390 0.000753 0.000157 -0.000562 -0.015627 -0.008223 -0.000308 0.033436 0.066319 0.024449 0.019911 0.002411 0.000091 -0.000049 0.000795 0.019500 0.078716 0.193828 0.154209 0.109762 0.065270 0.023504 0.012041 -0.062150 -0.048359 0.139805 0.428859 0.075503 0.015705 0.032918 0.030338 0.027218 0.017038 -0.003447
0.063336 0.006647 -0.139065 -0.025422 -0.017192 -0.005809 -0.017285 -0.016228 -0.046276 -0.026370 -0.063452 -0.121869 -0.241437 -0.008036 -0.007895 -0.026837 -0.018833 -0.009760 -0.046242 -0.033575 -0.003484 0.041796 0.033782 0.011419 0.000642 0.000255 -0.000359 -0.018231 -0.023805 -0.072810 -0.000463 0.003810 0.026871 0.017290 0.015013 0.010158 0.019101 0.002138 -0.000054 0.092194 0.118183 0.108154 0.091930 0.037735 0.085113 0.023196 0.007929 0.074445 0.299321 0.199958 0.095015 0.066916 0.053107 0.011546 0.009467 0.010876 0.000843 -0.000041
0.016927 0.001903 -0.071463 -0.005622 -0.026787 -0.016269 -0.035837 -0.029023 -0.036674 -0.038282 0.035131 0.057068 0.041470 0.210317 -0.001405 -0.000512 -0.065952 -0.030327 0.044213 -0.015381 0.001408 0.006633 0.009595 0.000825 -0.000471 -0.000854 -0.011256 -0.053888 -0.069765 -0.027566 -0.000430 0.013997 0.020263 0.016639 0.005445 0.006030 0.006771 0.020225 0.154749 0.251936 0.034846 0.032659 0.038082 0.014762 0.058229 0.022618 0.035715 0.051069 0.096475 0.017806 0.020299 0.023306 0.018703 0.001765 0.001260 0.000490 -0.000071 0.001840
0.000220 -0.000105 -0.036673 -0.047748 -0.043373 -0.038162 -0.039582 -0.109919 -0.049357 -0.039473 0.006466 0.003916 0.010554 0.017006 0.000983 0.011964 0.037774 0.446611 0.365483 0.309604 0.021749 0.000000 0.000000 -0.000184 -0.005366 -0.013622 -0.022988 -0.232342 -0.125315 -0.008685 0.020875 0.015046 0.012893 0.006069 0.000000 0.000090 0.003811 0.011576 0.034643 0.031971 0.038963 0.016207 0.003599 0.046208 0.034081 0.040385 0.016605 0.034414 0.033977 0.007777 0.000676 0.000198 0.000101 -0.000194 -0.000496 -0.000330 -0.008632 -0.000511
-0.000071 -0.008986 -0.002227 -0.040900 -0.063094 -0.105688 -0.065090 -0.210411 -0.047934 -0.004124 0.000000 0.000000 0.000000 0.000000 0.015837 0.031959 0.074730 0.039544 0.031500 0.022702 0.020051 -0.005880 -0.005880 -0.016395 -0.015543 -0.052733 -0.070397 -1.066704 0.018544 0.024186 0.018817 0.004296 0.007643 -0.000168 -0.005877 -0.000272 -0.000006 0.000123 0.001565 0.000819 0.010739 0.009711 0.015671 0.095613 0.063329 0.000580 0.016037 0.006415 0.000596 0.000166 -0.000036 -0.000096 -0.000071 -0.018942 -0.021494 -0.010763 -0.044410 -0.009561
0.028374 -0.033792 0.031475 0.037685 -0.053100 -0.078587 -0.042191 -0.099217 -0.206587 -0.008736 -0.011107 -0.008878 -0.012315 -0.006756 0.071999 0.082479 0.029320 0.014657 0.010170 0.000885 0.000313 -0.008923 -0.015175 -0.049278 -0.071900 0.101258 -0.038910 -0.019117 0.011185 0.012771 0.008577 0.000092 -0.000343 -0.010757 -0.013933 -0.008990 -0.008732 -0.000300 -0.003352 -0.000069 0.000616 0.001519 0.008877 0.016299 0.131588 0.000871 0.000360 0.000360 -0.000058 -0.000102 -0.008280 -0.007394 -0.008181 -0.027331 -0.073845 -0.089207 -0.018541 -0.011892
0.007896 0.003166 0.044104 0.013653 0.021670 0.032628 0.081412 0.016298 -0.116792 -0.139282 -0.025443 -0.019283 -0.040126 -0.023712 0.009878 0.013666 0.020542 0.007014 0.000581 -0.000063 -0.000015 -0.000521 -0.026368 0.002282 0.063026 0.558759 0.045228 0.016805 0.000999 0.003161 0.000637 -0.000147 -0.000491 -0.022738 -0.011087 -0.015278 -0.014565 -0.002042 0.009312 -0.008918 -0.000187 0.000465 0.000220 0.008466 0.037756 0.000333 -0.000360 -0.000360 -0.007329 -0.006404 -0.028015 -0.019076 -0.023944 0.000471 0.008800 -0.021468 -0.009358 0.038961
0.000579 0.026159 0.031549 0.003361 0.011605 0.013163 0.014468 0.036994 0.048653 -0.020011 0.010001 -0.058956 -0.061638 -0.002472 0.000132 0.000331 0.000402 0.000013 -0.000073 -0.012391 -0.001532 -0.000703 0.035244 0.025763 0.092429 0.232122 0.193364 0.070230 0.002578 0.028790 0.001395 -0.001878 -0.004068 -0.019130 -0.022993 -0.040041 -0.007456 -0.002233 0.033404 0.026623 -0.000159 -0.000446 -0.000220 0.000068 0.000130 -0.000424 -0.014596 -0.009666 -0.022317 -0.014046 -0.004614 -0.001322 0.002532 0.007641 0.013336 -0.000022 0.175673 0.141571
0.001185 0.016951 0.003496 0.000731 0.000768 0.001459 0.001808 0.059490 0.021339 0.031131 0.210243 0.020459 0.027535 0.035678 -0.000137 -0.000398 -0.000558 -0.010436 -0.006455 -0.031492 -0.024552 0.057815 0.095586 0.075609 0.074207 0.044709 0.028959 0.241235 0.015831 0.038322 0.000818 -0.002572 -0.003815 -0.004976 -0.003414 -0.004412 -0.017129 0.033446 0.063984 0.145333 -0.000420 -0.007703 -0.006696 -0.000542 -0.000309 -0.003013 -0.051050 -0.023536 -0.030021 -0.002227 0.009370 -0.000526 -0.000067 -0.000004 0.036055 0.026464 0.108538 0.039238
