use_cases/Flooding_chicago/flooding_data/output/hUy_3300.asc
ncols 337
nrows 393
xllcorner 428428.000000
yllcorner 4602440.000000
cellsize 26.757400
NODATA_value -9999.000000
[rows 104 to 129 of 393, columns 116 to 173 of 337]
-9999.000000 -9999.000000 -9999.000000 -9999.000000 -9999.000000 -9999.000000 -9999.000000 -9999.000000 -9999.000000 -9999.000000 -9999.000000 -9999.000000 -9999.000000 -9999.000000 0.000000 0.000000 0.002009 0.001073 0.005285 0.000323 0.000845 0.253811 0.367049 0.017517 0.021334 0.003348 0.001012 0.006018 0.000579 0.016408 0.048955 -0.085429 0.057811 0.328098 0.052021 -0.479475 0.000037 0.000000 0.000027 0.000050 0.000055 0.000004 0.000000 0.000000 0.000000 0.000000 0.004215 0.664103 0.205650 0.400124 0.253916 -0.114824 -0.259974 0.272312 0.010806 0.005560 0.561043 0.678969
-9999.000000 -9999.000000 -9999.000000 -9999.000000 -9999.000000 -9999.000000 -9999.000000 -9999.000000 -9999.000000 -9999.000000 -9999.000000 -9999.000000 -9999.000000 -9999.000000 -9999.000000 -0.001814 0.000000 0.000000 0.000000 -0.000019 0.001843 0.013967 0.062798 0.015898 0.000515 0.002912 0.000334 0.000144 0.000094 0.056465 -0.040862 -0.000806 0.039052 0.065404 -0.027510 -0.027098 -0.000014 -0.002348 -0.000039 -0.000000 -0.000072 -0.000803 -0.008671 -0.006312 -0.002027 0.025119 0.044176 1.113266 0.316006 0.459879 0.196796 0.101460 0.083614 0.005451 0.000762 0.000485 0.418616 0.581852
-9999.000000 -9999.000000 -9999.000000 -9999.000000 -9999.000000 -9999.000000 -9999.000000 -9999.000000 -9999.000000 -9999.000000 -9999.000000 -9999.000000 -9999.000000 -9999.000000 -0.000227 -0.003052 -0.001524 -0.003491 -0.001060 -0.000187 0.000438 0.000741 0.000684 0.000259 0.000829 0.000036 -0.001096 -0.000291 0.000012 0.004172 -0.008624 0.060681 0.116464 -0.038391 -0.066996 -0.028883 -0.001543 -0.006454 -0.000786 -0.000117 -0.000033 -0.000331 -0.012873 -0.046772 -0.045570 0.046236 0.049639 0.034411 0.052027 0.082258 0.214752 0.149137 0.673158 0.030387 0.002472 0.001062 0.313908 0.626291
-9999.000000 -9999.000000 -9999.000000 -9999.000000 -9999.000000 -9999.000000 -9999.000000 -9999.000000 -9999.000000 -9999.000000 -9999.000000 -9999.000000 -9999.000000 -0.000008 -0.000104 -0.009348 -0.005997 -0.035937 -0.022162 -0.002242 -0.001342 -0.000869 -0.000241 -0.000042 -0.000104 -0.000104 -0.022956 -0.000206 -0.000095 0.000008 0.093827 0.140539 0.000064 -0.053397 -0.055075 -0.033021 -0.040636 -0.007623 -0.002359 -0.000360 -0.000090 -0.000478 -0.000450 -0.005168 -0.010714 0.025722 0.016875 0.004706 0.006169 0.089297 0.074095 0.081387 0.165953 0.013748 0.011220 0.001883 0.106889 0.962549
-9999.000000 -9999.000000 -9999.000000 -9999.000000 -9999.000000 -9999.000000 -9999.000000 -9999.000000 -9999.000000 -9999.000000 -9999.000000 -9999.000000 0.000039 -0.012821 -0.000499 -0.002041 -0.034987 -0.013730 -0.008218 -0.002547 -0.027506 -0.000860 -0.000777 -0.000286 -0.000173 -0.000083 -0.068372 -0.001850 -0.000309 -0.000033 -0.000001 -0.000012 -0.000005 -0.017468 -0.131677 -0.010803 -0.070156 -0.048873 -0.002839 -0.002873 -0.011486 -0.001804 -0.000069 0.000085 -0.012845 0.000000 0.000049 0.000017 0.001072 0.037607 0.147598 0.185399 0.008445 0.013737 0.007266 0.002021 0.083865 1.030580
-9999.000000 -9999.000000 -9999.000000 -9999.000000 -9999.000000 -9999.000000 -9999.000000 -9999.000000 -9999.000000 0.000082 0.000284 -0.000000 -0.000027 -0.011407 -0.000363 -0.000664 -0.012610 -0.008348 -0.005251 -0.001717 -0.010666 -0.048588 -0.001901 -0.009156 -0.005476 -0.019597 -0.024672 -0.018894 -0.007798 -0.025765 -0.027674 -0.000123 -0.001760 -0.010881 -0.328249 -0.020335 -0.029500 -0.020442 -0.016703 -0.033441 -0.030249 -0.000885 -0.000226 0.000133 -0.007470 -0.014653 -0.000783 -0.000030 0.008083 0.050648 0.090654 0.064358 0.006499 0.011621 0.005924 0.017282 0.063001 0.560526
-9999.000000 -9999.000000 -9999.000000 -9999.000000 -9999.000000 -9999.000000 -9999.000000 -9999.000000 0.000352 -0.000080 -0.000354 -0.002179 -0.003363 -0.057824 -0.003744 -0.001458 -0.035932 -0.020814 -0.033982 -0.017130 -0.044875 -0.071454 -0.023491 -0.017747 -0.008535 -0.026383 -0.061637 -0.041466 -0.025598 -1.080844 0.010171 0.529719 0.013153 0.080728 -0.252161 -0.227243 -0.010990 -0.011203 -0.004196 -0.034238 -0.076042 -0.005191 -0.002410 0.003801 0.570636 0.305703 0.123013 0.124146 0.041508 0.207453 0.003963 0.002952 0.001890 0.006250 0.003244 0.008582 0.006832 0.017116
-9999.000000 -9999.000000 -9999.000000 -9999.000000 0.000093 0.000095 0.000000 0.000017 -0.000154 -0.001858 -0.000217 -0.004505 -0.006261 -0.100259 -0.009686 -0.008661 -0.036682 -0.021766 -0.037306 -0.048945 -0.040622 -0.089749 -0.061886 -0.015121 -0.009673 0.002900 -0.186206 -0.078986 -0.215744 -0.963568 0.051303 0.833272 0.000595 0.001743 -0.174703 -0.149784 -0.126055 -0.003010 -0.008435 -0.055492 -0.133287 -0.052575 -0.003211 0.001169 0.001658 0.003232 0.001084 0.002007 0.005635 0.007685 0.000319 0.001417 0.000260 0.000012 0.000100 0.001499 0.003966 0.002617
-9999.000000 -9999.000000 0.000660 0.000184 -0.000044 -0.000009 -0.000057 -0.000052 -0.000391 -0.001039 -0.005813 -0.006007 -0.008841 -0.167917 -0.013813 -0.014131 -0.018182 -0.023666 -0.025417 -0.077229 -0.061235 -0.106301 -0.085805 -0.014029 -0.000667 0.000000 0.000000 -0.014514 -0.697001 -0.849811 -0.070761 0.702087 0.000024 0.000008 -0.056413 -0.223107 -0.324526 -0.003103 -0.009377 0.020612 -1.254953 -0.025142 -0.000062 0.000000 0.000000 0.000000 0.000000 0.000000 0.000000 0.000005 -0.000011 -0.001007 -0.000536 -0.000006 -0.000005 0.000000 0.000000 0.000000
0.000169 0.000723 0.005202 -0.001319 -0.010515 -0.004056 -0.000022 -0.002327 -0.003056 -0.005354 -0.016551 -0.011474 -0.008032 -0.065671 -0.095697 -0.014776 -0.009057 -0.021648 -0.031906 -0.086266 -0.058209 -0.263833 -0.211543 -0.013790 -0.003349 -0.000652 -0.001796 -0.031479 -0.082366 -0.495665 -0.141615 0.222072 -0.000024 -0.000008 -0.036739 -0.324323 -0.379609 -0.005625 -0.001968 0.004172 -0.169674 -0.156532 -0.001293 -0.001413 -0.000676 -0.000805 -0.006628 -0.010928 -0.000991 -0.000068 -0.002917 -0.016472 -0.023926 -0.002600 -0.006749 -0.001540 -0.001540 -0.002769
0.000000 -0.000216 -0.000793 -0.037540 -0.087014 -0.009090 -0.002604 -0.004469 -0.004531 -0.008885 -0.027986 -0.032089 -0.001148 -0.060530 -0.213380 -0.010102 -0.008356 -0.017522 -0.099131 -0.121495 -0.222781 -0.331594 -0.138687 -0.041465 -0.004211 -0.001137 -0.039652 -0.031257 -0.067420 -0.091430 -0.052890 -0.040939 -0.000595 -0.001743 -0.053179 -0.844074 -0.929996 -0.015834 -0.000719 0.000058 0.009246 -0.316512 -0.324243 -0.004458 -0.007437 -0.001754 -0.010057 -0.037423 -0.001651 -0.003323 -0.005909 -0.269281 -0.289652 -0.615450 -0.703089 -0.003567 -0.004124 -1.563849
-0.000641 -0.000933 -0.000628 -0.043286 -0.046955 -0.069737 -0.004499 -0.009213 -0.003038 -0.012381 -0.020900 -0.072285 -0.002199 -0.051425 -0.213130 -0.080453 -0.077603 -0.123346 -0.169051 -0.053133 -0.278579 -0.232140 -0.042666 -0.003659 -0.010879 -0.001097 -0.100353 -0.068649 -0.030702 -0.046573 -0.028077 -0.092888 -0.039235 -0.015978 0.023956 -0.525784 -0.687465 -0.284895 -0.000292 -0.000119 -0.000003 -0.000000 -0.185793 -0.433818 -0.741322 -0.001695 -0.010783 -0.792055 -0.005880 -0.004935 -0.011397 0.585981 0.333698 0.102898 -0.335684 -0.486699 -0.253481 -1.245417
-0.000395 -0.030526 -0.000235 -0.040996 -0.039672 -0.029327 -0.317196 -0.009775 -0.004564 -0.009681 -0.093392 -0.104370 -0.069350 -0.051857 -0.295207 -0.223515 -0.224232 -0.050218 -0.089806 -0.033799 -0.273736 -0.259593 0.098790 0.000043 -0.002291 -0.029525 -0.041032 -0.034229 -0.094511 -0.079959 -0.042029 -0.150825 -0.084406 -0.036444 0.119954 -0.417176 -0.455611 -0.313252 -0.002287 -0.004450 -0.004653 -0.016503 -0.068214 -0.284664 -0.000047 -0.002258 -1.071439 0.029201 0.393951 -0.777156 -0.355582 1.284737 0.690095 0.302629 -0.143311 -0.873009 -0.230500 -1.004050
-0.000058 -0.026002 -0.028674 -0.035400 -0.031285 -0.015603 -0.117559 -0.093662 -0.271052 -0.146189 -0.038890 -0.052278 -0.025006 -0.213122 -0.197546 -0.163760 -0.179536 -0.247546 -0.238200 -0.077942 -0.066578 -0.076263 -0.000028 -0.000732 0.000024 -0.004634 -0.028859 -0.079155 -0.160392 -0.105817 -0.047293 -0.387802 -0.177080 -0.009860 0.002002 -0.278102 -0.411713 -0.477192 -0.001555 -0.007034 -0.014309 -0.780548 -0.395816 -0.238827 -0.096430 -1.156568 -0.448993 0.318073 0.667147 -0.199079 0.368949 1.849876 0.769943 0.421582 0.069319 -0.535695 -0.296619 -1.043050
0.000024 0.000008 -0.019999 -0.034139 -0.027301 -0.009749 -0.056016 -0.015987 -0.156400 -0.124070 0.000024 -0.023473 -0.089035 -0.155595 -0.170983 -0.152691 -0.130944 -1.007036 -0.691427 -0.060340 -0.089310 -0.032567 -0.016396 -0.000132 -0.000024 -0.000829 -0.033078 -0.269037 -0.313861 -0.272302 -0.284203 -0.398992 -0.048177 -0.001215 0.005020 -0.178509 0.112384 -0.429296 -0.166075 -0.102712 -1.042438 -1.141033 0.139255 -0.873173 -0.543372 -0.451322 0.040454 0.502667 1.013275 0.085878 0.777331 1.348219 0.000102 0.000000 0.000019 0.091406 0.163350 -0.794093
-0.000024 -0.000008 -0.011394 -0.031597 -0.286866 -0.009787 -0.000686 -0.000038 -0.151880 -0.137288 -0.000024 -0.004743 -0.080619 -0.146823 -0.144061 -0.103727 -0.890229 -0.591914 -0.236391 -0.028443 -0.142786 -0.022732 -0.017880 -0.002743 -0.003876 -0.004019 -0.250040 -0.295956 -0.437432 -0.655122 -0.310716 -0.146329 0.034804 0.005488 0.010179 0.024807 0.011244 -0.378562 -0.160735 -0.048167 -0.161884 -1.134432 -0.000572 -0.552474 -0.332874 -0.457198 -0.115595 0.454414 1.017977 0.086058 0.579309 0.411584 0.000005 -0.004530 -0.094911 0.472379 0.467443 -0.349746
-0.004538 -0.014633 -0.010405 -0.019815 -0.019473 -0.009463 -0.001800 -0.032737 -0.066779 -0.235655 -0.120611 -0.039598 -0.555862 -0.747924 -0.698674 -0.962039 -0.662159 -0.750705 -0.146091 0.147084 -0.395155 -0.011277 -0.028359 -0.016716 -0.003159 -0.180666 -0.246337 -0.254946 -0.397848 -0.666414 0.096215 0.290753 0.160240 0.012183 0.012205 0.001792 0.000912 0.000909 -0.227564 -0.045395 -0.003794 -0.879345 -0.135020 -0.259351 -0.106772 -0.271569 -0.162892 0.304263 0.866934 0.055853 0.348274 0.176813 0.070485 -0.508160 -0.203699 0.652312 0.692025 -0.131981
-0.011484 -0.107915 -0.066403 -0.054539 -0.008312 -0.005057 -0.001857 -0.077981 -0.124367 -0.795168 -1.647375 -0.266225 -0.170914 -0.367437 -0.350197 -0.574023 -0.420672 -0.489203 0.175665 0.156342 -0.154377 -0.009287 -0.261604 -0.614752 -0.068649 -0.363140 -0.201513 -0.170830 -0.291926 -0.700214 0.001492 0.019973 0.045122 0.020478 0.005322 0.005018 0.002129 0.003083 0.000543 -0.012856 -0.004190 -1.018364 -0.137465 -0.051150 -0.013176 -0.367747 -0.311171 0.292945 0.657888 0.132616 0.270403 0.048067 0.071906 -0.431039 -0.280733 0.593095 0.687925 -0.002768
-0.057756 -0.055588 -0.062659 -0.000123 -0.003023 -0.001703 -0.000829 -0.015578 -0.584327 -0.391881 -0.522998 -0.089795 -0.106189 -0.284857 -0.269276 -0.436375 -0.295048 -0.374221 0.185054 0.203156 -0.115846 -0.017426 -0.159963 0.001723 -0.032223 -0.482132 -0.179238 -0.053354 -0.030399 -0.607780 0.000225 0.004872 0.012000 0.011373 0.013316 0.006488 0.003286 0.020406 0.001989 -0.000382 0.004045 -0.972397 -0.114462 0.287842 0.152651 -0.264925 -0.502085 0.204602 0.707955 0.086602 0.093051 0.069909 0.056890 -0.161309 -0.362487 0.582800 0.722353 -0.005306
-0.018766 -0.278080 -0.027081 -0.007344 -0.000732 -0.000598 -0.000397 -0.072941 -0.318941 -0.315293 -0.446069 -0.080018 -0.112157 -0.296503 -0.220210 -0.373955 -0.262601 -0.350299 0.096101 0.136058 -0.176296 -0.055108 -0.160706 -0.012537 -0.058152 -0.851695 -0.180397 -0.007866 -0.019050 -0.262025 0.000013 0.000208 0.000255 0.019091 0.033494 0.006336 0.003648 0.007614 0.019341 0.021107 0.058105 -0.742842 0.101659 0.485886 0.179853 -0.091479 -0.570411 0.078046 0.621742 -0.062823 -0.305903 -0.097181 0.009538 0.012766 -0.480513 0.525583 0.668289 -0.025889
-0.032477 -0.259610 -0.224924 -0.004628 -0.002276 -0.000976 -0.000266 0.016249 -0.308434 -0.533692 -0.593891 -0.102011 -0.075740 -0.270400 -0.246701 -0.320662 -0.236820 -0.330917 -0.007950 0.081057 -0.179080 -0.088213 -0.168773 -0.018570 -0.053735 -1.174644 -0.050838 0.000257 0.142513 0.102267 0.000182 0.000255 0.000496 0.019587 0.001581 0.000607 0.000310 0.000089 0.010842 0.042912 0.040316 0.056675 0.889008 1.031411 0.468417 0.417982 -0.188912 0.218821 0.580639 -0.147840 -0.403839 -0.020699 0.143437 0.000077 -0.205107 0.978480 0.655072 0.041001
-0.019118 -0.289792 -0.258653 -0.001689 -0.001714 -0.000631 -0.000312 0.156535 -0.150245 -0.482063 -0.477611 -0.209074 -0.089464 -0.184172 -0.234745 -0.271524 -0.232051 -0.333917 -0.123288 -0.004712 -0.109394 -0.092134 -0.152804 -0.444732 -0.728570 -0.986771 -0.018786 0.000236 0.000896 0.000228 0.000018 -0.000073 0.000076 0.000349 0.000000 0.000011 -0.000125 -0.000058 0.005821 0.044788 0.033718 0.035161 0.034763 0.050986 0.042017 0.018665 0.002022 0.363101 0.409446 0.049513 -0.119634 0.653731 0.455144 -0.063913 0.665864 2.293767 1.570702 0.004277
0.000073 -0.376768 -0.396897 -0.167973 -0.002047 -0.000602 -0.000407 0.480967 -0.052924 -0.474445 -0.622461 -0.262554 -0.165785 -0.162882 -0.177657 -0.238448 -0.144802 -0.325217 -0.207961 -0.101898 -0.111070 -0.091697 -0.226472 -0.493237 -0.766542 -0.617723 -0.005415 -0.000186 -0.000353 -0.000061 -0.000034 -0.000240 -0.000528 -0.000430 -0.003136 -0.000570 -0.002039 -0.003874 0.016264 0.015280 0.014704 0.007642 0.024830 0.020415 0.014731 0.001948 0.001501 0.459302 0.383327 0.000193 0.001606 0.015889 0.012646 0.016257 0.017888 0.010183 0.026562 0.000000
-0.024872 -0.280444 -0.351237 -0.267844 -0.002192 -0.000739 -0.066272 0.656742 0.054471 -0.377668 -0.593540 -0.295138 -0.190575 -0.196552 -0.207930 -0.186190 -0.151995 -0.360343 -0.504678 -0.278792 -0.486111 -0.307078 -0.310210 -0.598965 -0.674258 -0.452777 -0.004493 -0.020095 -0.000875 -0.001041 -0.006581 -0.001181 -0.024156 -0.006628 -0.013368 -0.000262 -0.001083 -0.009631 0.011740 0.016555 0.025030 0.027497 0.014288 0.013473 0.000315 0.000429 0.000595 0.549469 0.409752 0.000070 0.001353 0.000709 0.011653 0.007994 0.003468 0.008138 0.022829 -0.004755
0.024562 -0.101936 -0.179282 -0.312528 -0.207634 -0.173853 0.148300 0.602803 0.128301 -0.323840 -0.593697 -0.272955 -0.181270 -0.131238 -0.192649 -0.162080 -0.133552 -0.295711 -0.627318 -0.384213 -0.495570 -0.404522 -0.467721 -0.525770 -0.363452 -0.006815 -0.152414 -0.351759 0.097652 0.113473 -0.119281 -0.011540 -0.039130 -0.010856 -0.001240 -0.000123 0.000013 -0.018545 0.007477 0.011418 0.055855 0.002959 0.001967 0.002540 0.000384 0.000286 0.000311 0.312212 0.255829 -0.000226 0.001249 0.001595 0.000724 0.000880 0.000709 0.007727 0.013911 0.005914
-0.002294 -0.097236 -0.000235 -0.272052 -0.407398 -1.358811 0.635548 0.744206 0.170726 -0.313509 -0.534615 -0.257325 -0.247462 -0.036651 -0.175773 -0.089833 -0.116307 -0.220316 -0.591532 -0.414749 -0.534972 -0.421169 -0.450927 -0.626199 -0.621386 -0.264609 -0.033395 -0.183053 0.150868 0.222694 0.030595 -0.224307 -0.511177 -0.034742 -0.004016 -0.002068 -0.000046 -0.022374 0.000169 0.000469 0.004866 0.001329 0.000095 0.000011 0.000052 0.000000 0.000340 0.202241 0.197950 0.590738 0.013875 0.026073 0.010422 0.010479 0.003017 0.002339 0.013872 0.016978
