use_cases/Flooding_chicago/flooding_data/output/hUy_3000.asc
ncols 337
nrows 393
xllcorner 428428.000000
yllcorner 4602440.000000
cellsize 26.757400
NODATA_value -9999.000000
[rows 52 to 77 of 393, columns 232 to 289 of 337]
0.013658 0.010790 0.036557 0.001263 0.000131 0.000330 0.000401 0.000013 0.000000 0.000000 -9999.000000 -9999.000000 -9999.000000 -9999.000000 -9999.000000 -9999.000000 -9999.000000 -9999.000000 -9999.000000 -9999.000000 -9999.000000 -9999.000000 -9999.000000 -9999.000000 -9999.000000 -9999.000000 -9999.000000 -9999.000000 -9999.000000 -9999.000000 -9999.000000 -9999.000000 -9999.000000 -9999.000000 -9999.000000 -9999.000000 -9999.000000 -9999.000000 -9999.000000 -9999.000000 -9999.000000 -9999.000000 -9999.000000 -9999.000000 -9999.000000 0.210283 1.325598 0.981642 0.858366 1.004567 1.287426 0.267513 0.190444 -0.001806 0.000512 0.001220 0.003770 -0.008521
0.000634 0.000353 0.000142 -0.002702 -0.000136 -0.000396 -0.000555 -0.010184 -0.004809 0.000046 -9999.000000 -9999.000000 -9999.000000 -9999.000000 -9999.000000 -9999.000000 -9999.000000 -9999.000000 -9999.000000 -9999.000000 -9999.000000 -9999.000000 -9999.000000 -9999.000000 -9999.000000 -9999.000000 -9999.000000 -9999.000000 -9999.000000 -9999.000000 -9999.000000 -9999.000000 -9999.000000 -9999.000000 -9999.000000 -9999.000000 -9999.000000 -9999.000000 -9999.000000 -9999.000000 -9999.000000 -9999.000000 -9999.000000 -9999.000000 0.000447 0.001861 1.083984 0.838505 0.992244 1.007837 1.482423 0.478899 0.376325 -0.026916 -0.000215 0.000971 0.000927 -0.004825
-0.000907 -0.000414 -0.000147 -0.155744 -0.009115 -0.008169 -0.008258 -0.026972 -0.008662 0.002044 -9999.000000 -9999.000000 -9999.000000 -9999.000000 -9999.000000 -9999.000000 -9999.000000 -9999.000000 -9999.000000 -9999.000000 -9999.000000 -9999.000000 -9999.000000 -9999.000000 -9999.000000 -9999.000000 -9999.000000 -9999.000000 -9999.000000 -9999.000000 -9999.000000 -9999.000000 -9999.000000 -9999.000000 -9999.000000 -9999.000000 -9999.000000 -9999.000000 -9999.000000 -9999.000000 -9999.000000 -9999.000000 -9999.000000 -9999.000000 -0.000339 0.000393 0.765997 0.763468 0.748898 0.948431 1.401703 0.660104 0.541696 -0.059485 -0.001663 -0.000339 0.000912 -0.001960
-0.009349 -0.007506 -0.000732 -0.205771 -0.159299 -0.014280 -0.014461 -0.042220 -0.003557 0.014019 -9999.000000 -9999.000000 -9999.000000 -9999.000000 -9999.000000 -9999.000000 -9999.000000 -9999.000000 -9999.000000 -9999.000000 -9999.000000 -9999.000000 -9999.000000 -9999.000000 -9999.000000 -9999.000000 -9999.000000 -9999.000000 -9999.000000 -9999.000000 -9999.000000 -9999.000000 -9999.000000 -9999.000000 -9999.000000 -9999.000000 -9999.000000 -9999.000000 -9999.000000 -9999.000000 -9999.000000 -9999.000000 -9999.000000 -9999.000000 0.936011 0.859709 0.781128 0.775694 0.683582 0.785267 1.230483 0.785153 0.765861 0.569892 -0.002047 -0.000553 0.000876 -0.001552
-0.027224 -0.040173 -0.001560 0.081677 -0.083469 -0.087466 -0.059234 -0.123778 -0.006006 0.006080 0.000695 0.001378 0.000095 -9999.000000 -9999.000000 -9999.000000 -9999.000000 -9999.000000 -9999.000000 -9999.000000 -9999.000000 -9999.000000 -9999.000000 -9999.000000 -9999.000000 -9999.000000 -9999.000000 -9999.000000 -9999.000000 -9999.000000 -9999.000000 -9999.000000 -9999.000000 -9999.000000 -9999.000000 -9999.000000 -9999.000000 -9999.000000 -9999.000000 -9999.000000 -9999.000000 -9999.000000 -9999.000000 -9999.000000 1.468596 1.156414 1.495914 1.111231 1.016955 1.135172 1.417358 0.885849 0.999903 0.937080 -0.000878 -0.000249 0.000000 -0.001702
-0.023083 0.000360 0.000360 0.000410 -0.046832 -0.036990 -0.170622 0.001282 0.016350 -0.005287 -0.062117 -0.007747 -0.021149 -9999.000000 -9999.000000 -9999.000000 -9999.000000 -9999.000000 -9999.000000 -9999.000000 -9999.000000 -9999.000000 -9999.000000 -9999.000000 -9999.000000 -9999.000000 -9999.000000 -9999.000000 -9999.000000 -9999.000000 -9999.000000 -9999.000000 -9999.000000 -9999.000000 -9999.000000 -9999.000000 -9999.000000 -9999.000000 -9999.000000 -9999.000000 -9999.000000 -9999.000000 -9999.000000 0.001790 1.738152 1.928867 2.146899 1.798533 1.392172 1.242580 1.453767 1.039530 0.949000 0.760459 -0.084368 -0.019953 -0.003332 -0.002958
-0.002167 -0.000360 -0.000360 0.000404 -0.015586 -0.021475 -0.080601 0.076802 0.086999 0.000379 -0.110575 -0.070169 -0.140273 0.036081 0.075029 -9999.000000 -9999.000000 -9999.000000 -9999.000000 -9999.000000 -9999.000000 -9999.000000 -9999.000000 -9999.000000 -9999.000000 -9999.000000 -9999.000000 -9999.000000 -9999.000000 -9999.000000 -9999.000000 -9999.000000 -9999.000000 -9999.000000 -9999.000000 -9999.000000 -9999.000000 -9999.000000 -9999.000000 -9999.000000 -9999.000000 -9999.000000 -9999.000000 0.155435 1.212438 2.062000 2.591895 1.674201 1.319764 0.978569 1.445414 1.036859 0.977382 0.456496 0.100234 -0.457735 -0.003971 -0.255441
-0.013935 -0.013049 -0.006012 -0.000176 -0.000004 -0.004904 -0.032987 0.178074 0.008648 0.057491 0.006227 -0.047093 -0.082994 0.045368 0.236669 0.099730 0.000000 0.000000 0.000000 -9999.000000 -9999.000000 -9999.000000 -9999.000000 -9999.000000 -9999.000000 -9999.000000 -9999.000000 -9999.000000 -9999.000000 -9999.000000 -9999.000000 -9999.000000 -9999.000000 -9999.000000 -9999.000000 -9999.000000 -9999.000000 -9999.000000 -9999.000000 -9999.000000 -9999.000000 -9999.000000 -9999.000000 0.001457 1.050260 1.954553 2.255386 1.802295 1.427197 1.059711 1.408574 1.302631 1.042251 0.714688 -0.091459 -0.165562 0.215037 -0.296197
-0.031928 -0.025718 -0.020300 -0.004096 -0.007867 -0.065115 0.094708 0.014727 0.006917 0.009454 -0.000320 -0.009660 -0.015700 0.163510 0.248245 0.102434 -0.055891 -0.280712 0.012833 0.000000 0.000000 -9999.000000 -9999.000000 -9999.000000 -9999.000000 -9999.000000 -9999.000000 -9999.000000 -9999.000000 -9999.000000 -9999.000000 -9999.000000 -9999.000000 -9999.000000 -9999.000000 -9999.000000 -9999.000000 -9999.000000 -9999.000000 -9999.000000 -9999.000000 -9999.000000 0.000000 -0.000101 0.403188 1.553574 2.278859 1.833878 1.563332 0.916984 1.202442 1.318535 1.167082 0.903334 -0.256988 -0.202354 0.256849 -0.148671
0.109308 -0.965469 -0.043039 -0.030443 -0.081509 -0.048577 0.025910 0.007737 0.003946 0.000224 -0.002147 -0.104529 0.092920 0.345356 0.256446 0.041974 -0.114721 -0.563987 0.002959 -0.218494 -0.010717 0.000000 -9999.000000 -9999.000000 -9999.000000 -9999.000000 -9999.000000 -9999.000000 -9999.000000 -9999.000000 -9999.000000 -9999.000000 -9999.000000 -9999.000000 -9999.000000 -9999.000000 -9999.000000 -9999.000000 -9999.000000 -9999.000000 -9999.000000 0.001213 -0.001022 -0.036983 0.801485 1.614902 1.974122 1.838968 1.108393 0.789656 1.233702 1.247405 1.059220 0.748976 -0.215923 -0.347176 0.001151 -0.082945
0.380156 -0.503109 -0.170090 -0.541757 -0.095192 -0.006663 0.020475 0.000345 0.000222 0.000164 -0.001053 -0.098595 0.097861 0.444391 0.342096 0.173127 0.024658 -0.589726 -0.077661 0.029347 -0.382615 -0.272385 -0.000174 0.052629 0.000009 0.000411 -9999.000000 -9999.000000 -9999.000000 -9999.000000 -9999.000000 -9999.000000 -9999.000000 -9999.000000 -9999.000000 -9999.000000 -9999.000000 -9999.000000 -9999.000000 -9999.000000 -9999.000000 0.001088 -0.001024 -0.042518 0.744735 1.687703 2.157731 1.831369 1.154400 0.755145 1.163140 1.237414 0.930283 0.629836 -0.393338 -0.242586 0.000011 0.000222
0.222304 -0.318297 -0.070576 0.460349 -0.246062 0.013492 0.006644 0.000200 -0.000222 -0.000003 -0.000000 0.068665 0.469466 0.795711 0.533744 0.637599 0.472007 -0.631012 -0.074650 0.139550 -0.438690 -0.554220 -0.012650 0.063595 -0.001738 -0.000013 0.000326 0.000276 0.173692 0.162168 -9999.000000 -9999.000000 -9999.000000 -9999.000000 -9999.000000 -9999.000000 -9999.000000 -9999.000000 -9999.000000 -9999.000000 -9999.000000 0.001019 -0.001362 -0.034881 0.848979 1.774799 2.370013 2.234964 1.495675 0.829448 1.196846 1.045905 0.878674 0.354861 -0.468451 -0.075807 -0.000274 -0.000222
0.269480 -0.185523 -0.218216 0.989533 0.042144 0.011839 0.000452 -0.001332 -0.007173 -0.004890 -0.005134 0.186569 0.117540 0.129009 0.141287 0.129688 0.126231 -0.336635 0.126492 0.154291 -0.616041 -0.728412 -0.014232 0.029992 -0.021455 -0.007962 -0.000208 -0.000003 0.320332 0.279077 0.347715 0.400636 0.359925 0.318677 1.401861 3.859184 11.959370 7.835737 1.951346 0.023425 0.000384 0.000384 -0.001811 -0.000120 1.054371 1.901398 2.599461 2.431273 1.440361 0.700199 0.987478 1.055154 0.863977 0.282896 -0.477205 -0.157967 0.042677 0.010575
0.287690 -0.161875 0.048482 0.019402 0.026282 0.007511 -0.000334 -0.001373 -0.011023 -0.016966 0.008066 0.323261 0.084692 0.164293 0.183965 0.210518 0.132156 0.000769 0.162070 0.036906 -0.788292 -1.066897 0.000360 0.000360 -0.018901 -0.090385 -0.015900 -0.017005 0.440286 0.760307 1.470062 2.180912 1.630738 1.263857 2.482644 6.403846 12.064585 5.735883 2.217647 0.088736 0.000284 0.000272 -0.000587 0.252636 1.263841 2.927586 2.986768 2.518496 1.234829 0.655653 0.882166 1.047639 0.763806 0.269442 -0.373578 -0.187178 0.062556 0.058719
0.300422 -0.180958 0.000526 0.001900 0.019098 -0.000018 -0.000738 -0.009689 -0.000734 -0.143484 -0.076403 0.289329 -0.011510 0.169487 0.199153 0.197288 0.102919 0.000957 0.000912 0.069813 -0.497265 -0.888903 -0.000360 -0.000360 0.358321 -0.113200 0.299440 0.662812 0.887626 1.057006 1.872027 2.208565 1.718031 1.194811 2.313868 6.077628 8.366545 4.873790 1.995387 0.190370 -0.000083 0.000000 -0.000050 0.409140 1.476876 2.976370 2.992329 2.177781 1.225449 0.469287 0.974108 0.921739 0.642988 0.177545 -0.211229 -0.191029 0.000782 0.013765
0.502002 -0.409786 0.000488 0.000305 0.000248 -0.002465 -0.001416 -0.045311 -0.004368 0.007894 -0.073590 0.249844 0.000717 0.175235 0.190877 0.116334 0.075990 0.000225 -0.000545 -0.000026 -0.490001 -1.043641 -0.054980 0.274888 0.382898 0.634495 1.222966 1.617133 1.004868 0.875223 1.788519 2.634411 1.552679 1.056658 3.405491 5.660861 8.898437 5.800698 2.502782 0.460386 -0.000433 -0.000272 0.000104 0.587817 1.615691 2.064550 2.211237 2.738934 1.383574 0.591011 1.082007 1.181558 0.476189 0.098237 -0.004140 0.000020 0.000237 0.000391
0.643124 0.108655 0.000453 -0.000193 -0.000687 -0.002998 0.000011 -0.006442 -0.001148 0.040997 0.288286 0.321971 -0.003947 0.137121 0.060501 0.066455 0.056567 -0.000104 -0.001174 -0.014928 -0.047333 -1.355003 -0.480984 0.461054 0.763906 1.060679 1.426219 1.750921 0.701265 1.078562 2.361534 2.358875 2.222442 1.507262 3.439344 5.122515 5.651280 3.136875 2.621137 0.388053 0.152789 -0.000384 -0.000400 1.037004 1.429619 2.770013 3.144631 2.052280 0.608291 0.343143 0.539304 0.549439 0.589087 0.000424 -0.000541 -0.040801 -0.000500 -0.000063
0.385465 0.400066 -0.000095 -0.002225 -0.017406 -0.000765 0.000012 0.000553 0.000960 0.032321 0.031339 0.429520 0.040745 -0.000172 0.000051 0.001133 0.001651 -0.000388 -0.048633 -0.013053 -0.009806 -0.762351 -0.226262 0.342212 0.648130 1.022768 1.662088 2.162706 0.802466 0.897448 2.268122 3.019942 2.478530 1.414558 3.572369 4.776210 4.721657 2.912846 2.414683 0.273491 0.201321 -0.009973 -0.178366 0.743559 1.585526 3.418280 3.522774 1.866041 0.625038 0.002829 0.585440 0.577779 0.595933 -0.000532 -0.000806 -0.055706 0.005808 -0.000104
0.305891 0.410869 -0.011724 -0.015352 -0.046884 -0.005852 -0.010322 0.000682 0.015157 0.025639 0.026920 0.010777 0.088912 -0.013362 -0.012446 0.000114 -0.000010 -0.000771 -0.229562 -0.104121 0.549271 -0.437142 -0.177067 0.242355 0.693998 0.930805 1.481827 2.410074 1.927942 1.721629 2.483535 2.345245 2.109971 1.368554 3.644740 4.437992 3.877022 2.204954 2.949205 0.247392 -0.087402 -0.252627 -0.195907 0.144494 0.904767 3.298632 3.912981 1.896780 0.621239 0.313189 0.574281 0.569077 0.586649 -0.000550 -0.094807 -0.053257 0.037503 -0.004389
0.336628 0.433625 -0.147629 -0.177906 -0.134666 -0.011411 -0.023276 0.000847 0.008672 0.010828 0.008968 0.000538 0.000379 -0.022775 -0.034060 -0.000531 -0.001074 -0.021693 0.024917 0.397503 0.764887 -0.179766 -0.083211 0.357924 0.762449 0.484465 1.552906 2.593249 2.757781 2.630943 3.107667 2.220096 2.548956 0.837077 3.721276 4.863665 4.148689 1.476403 2.984735 -0.100512 -0.549814 -0.305844 0.154827 0.357606 0.952758 4.047095 4.628828 2.777460 1.025116 0.699503 0.840054 0.491600 0.505004 -0.071671 -0.069255 -0.049465 0.154638 -0.027143
0.286092 0.544024 0.539119 0.447641 0.897574 -0.038725 -0.011166 0.000149 0.000222 0.000139 0.000096 -0.000037 0.000345 -0.041724 -0.082434 -0.000976 -0.001310 -0.090667 0.174925 0.500613 0.853056 -0.083922 0.063897 0.038975 0.020532 0.465416 1.444390 2.802046 3.118358 3.213371 3.810889 3.019357 0.568224 0.428661 3.926427 5.061641 4.026587 0.584353 2.976289 -0.580432 -0.407250 -0.254295 0.711013 0.311420 0.770664 3.778718 5.757658 3.261487 1.241016 0.967087 0.689376 0.571747 0.422106 0.006416 -0.041416 0.016184 0.430872 0.056148
0.168308 0.069904 1.121528 1.083648 1.308198 0.037931 0.023702 0.000314 -0.000222 0.000011 -0.000072 -0.000254 0.000909 -0.049054 -0.139036 -0.000753 -0.019918 -0.000544 0.208408 0.512532 0.867348 -0.104412 0.087116 0.001016 0.021955 0.066667 1.817052 3.550325 3.882225 3.449253 3.915480 1.722568 0.034484 0.199250 5.282845 5.483180 3.825604 0.292626 3.703847 -0.484646 0.154596 0.018434 0.004170 0.014443 0.476762 4.230139 6.383616 3.125626 1.227158 1.046489 0.941508 0.546745 1.051627 0.130911 0.077454 0.169994 0.379565 0.026196
0.101349 0.027860 0.021830 0.015013 0.030567 0.051002 0.012718 0.000402 -0.004495 -0.000321 -0.000518 0.007908 0.000813 0.022673 -0.105416 -0.016184 0.032078 -0.001723 0.159070 0.609057 0.829918 -0.119304 0.101325 0.000256 0.000885 0.117631 1.340413 3.939983 4.136707 5.203938 3.067652 1.773947 0.067912 0.113827 4.023520 5.510879 4.261013 1.204384 5.003107 0.069575 0.000123 0.000000 0.000000 0.000000 0.783324 4.373167 6.598363 3.367049 1.314881 1.279102 0.627282 0.571853 0.034498 0.024889 0.726385 0.032531 0.006435 0.008750
0.029607 0.024539 0.000063 0.000253 0.003929 0.017207 0.001046 0.000044 -0.016428 -0.004713 -0.000535 0.042312 0.256160 0.122067 -0.041412 -0.012878 0.008010 -0.074634 0.132611 0.284093 0.607846 -0.119372 0.025859 -0.000907 0.001295 0.914672 2.512187 2.209116 2.604015 2.790491 2.927467 1.704423 0.344068 0.779260 5.309883 3.785958 1.625069 0.354209 2.203577 0.197408 -0.000431 -0.002318 -0.007586 0.001969 3.053212 5.393495 5.410938 3.014737 1.235076 0.979303 0.586740 0.018624 0.007560 0.011070 0.011767 0.001351 0.000000 0.000000
0.001039 0.000443 -0.000063 -0.000143 0.000000 0.000000 -0.000159 -0.004018 -0.019563 -0.018232 0.002635 0.141825 0.150519 0.024170 0.111090 0.002578 -0.019092 -0.098850 0.139944 0.469296 0.335141 0.000574 0.036149 -0.107922 0.211444 1.971568 2.281364 1.608497 1.867366 2.136794 2.708473 1.837957 0.335095 1.119038 4.993226 4.982351 1.854742 1.680450 2.071849 1.129144 0.202158 -0.001194 0.220384 1.372964 4.938246 5.477646 3.104125 1.376920 0.872679 0.720309 0.013548 0.000334 0.000339 0.000001 0.000000 -0.001309 -0.011411 -0.009979
-0.001673 -0.002619 -0.018059 -0.008407 -0.008066 -0.008066 -0.017690 -0.012392 -0.022577 -0.146268 0.002616 0.251838 0.018986 0.041150 0.288836 0.126378 0.472246 -0.313617 0.186325 0.424272 0.003988 0.001226 -0.106357 -0.375200 0.844968 2.155404 2.956856 1.214327 0.921618 1.269639 1.493038 1.133139 -0.189354 0.962730 4.150294 5.926463 4.268758 2.729520 3.204146 2.057332 0.331433 0.001935 0.472605 2.897345 5.326887 5.419747 2.464458 0.809814 0.475079 0.407766 0.000400 0.000009 -0.000240 -0.000544 -0.000108 0.015135 -0.290806 -0.290684
