use_cases/Flooding_chicago/flooding_data/output/hUy_1200.asc
ncols 337
nrows 393
xllcorner 428428.000000
yllcorner 4602440.000000
cellsize 26.757400
NODATA_value -9999.000000
[rows 182 to 207 of 393, columns 232 to 289 of 337]
0.013518 0.578364 1.376920 0.549812 -0.684875 -0.856721 -1.271977 -0.010784 -0.010873 -0.005187 -0.001581 -0.000275 -0.000247 -0.000331 -0.000007 -0.000000 0.104451 0.027993 -0.237330 -0.135746 0.314986 -0.098080 0.140686 0.028798 -0.000914 -0.000340 -0.000288 0.223505 0.107253 0.152939 0.266109 0.141933 -0.026465 -0.040252 -0.087171 0.048987 0.040037 -0.015355 -0.019163 0.042545 1.344545 2.153510 1.697416 1.146378 0.530340 0.480637 0.367800 1.829715 1.005888 0.514329 0.053831 0.000948 -0.122572 -0.184069 0.527043 0.017650 -9999.000000 -9999.000000
0.006751 0.028434 0.045930 0.057404 0.027849 0.114031 -2.731840 -0.345447 -0.027552 -0.035604 -0.029648 -0.007908 -0.000554 -0.006855 -0.005766 0.004552 0.491831 0.036607 -0.259826 -0.189864 0.277079 -0.024845 0.104748 0.076360 -0.001399 -0.006078 0.228057 0.279613 0.130729 0.117833 0.274921 0.114753 -0.125758 -0.105625 -0.151279 0.000020 0.000549 0.001137 -0.016080 0.092651 0.918492 1.657188 1.969904 2.049609 0.804975 0.728775 0.340115 0.687946 0.610592 0.544092 0.136621 0.008208 -0.076711 -0.288707 0.658720 0.026473 -9999.000000 -9999.000000
0.001206 0.024959 0.017802 0.047345 0.016817 0.033024 -1.195328 -1.182643 -0.819842 -0.129285 -0.079235 -0.049918 -0.009010 -0.014044 -0.348927 0.317646 0.501682 0.040047 -0.085933 0.052445 0.144573 -0.017512 0.001760 0.000598 -0.009856 -0.023984 0.369383 0.363104 0.154464 0.099064 0.455353 0.111389 -0.129408 -0.164278 -0.186223 -0.191893 -0.000439 0.000914 0.000507 0.270575 0.781955 1.485900 2.489555 2.220797 0.976082 0.949261 0.006107 0.012423 0.056334 0.057225 0.013404 0.013404 0.139757 -0.209177 1.011953 0.061717 0.005106 -9999.000000
0.000891 0.005483 0.008680 0.019567 0.004386 0.016104 0.012599 -0.894337 -0.753894 -0.597880 -0.365490 -0.621776 -0.616199 -0.648135 -0.186848 0.339807 0.495038 0.071373 -0.060018 0.000479 0.001340 0.001201 0.002775 -0.000085 1.318410 0.630810 0.456497 0.927526 0.091706 0.046070 0.089495 0.052697 -0.077221 -0.997105 -1.011202 -0.667176 0.368403 0.001170 0.001037 0.465478 1.003716 1.615319 2.946590 2.763032 1.136049 0.208814 0.000172 0.005928 0.027045 0.027709 0.007141 0.007141 0.062502 0.039286 0.036011 0.021163 0.005306 -9999.000000
0.000004 0.000222 0.000103 0.000473 0.003048 0.001666 0.000359 -0.012849 -0.032729 -0.488150 -0.275500 -0.397722 -0.468279 -0.427780 0.323343 0.307405 0.301378 -0.194124 -0.598842 -0.000353 -0.000715 -0.001078 0.004807 -0.009863 1.857109 0.661997 0.008112 0.643681 -0.051230 0.044754 0.009590 0.004654 0.024853 -0.446264 -0.767219 -0.428187 0.506016 0.239437 0.433910 0.526299 0.497530 1.068720 3.043713 1.957960 0.438877 0.261174 -0.008578 0.000000 0.000000 0.000000 0.000000 0.000000 0.031720 0.000610 0.008881 0.001251 0.001213 0.000734
-0.004857 -0.000222 -0.000103 0.000877 0.004668 -0.000074 -0.000224 -0.002689 -0.015658 -0.001833 0.000148 -0.075710 0.120359 0.068276 0.220388 0.260439 -0.145844 -0.506899 -0.861286 -0.236546 -0.001192 -0.023375 0.559334 0.768466 1.104420 0.095834 0.005568 0.027378 0.018418 0.053662 0.022370 0.006788 0.012663 -0.138036 -0.730957 -0.274851 0.662267 0.730665 1.079326 0.407992 0.403836 0.958913 2.674544 1.737626 0.990179 0.173470 0.098924 0.247745 -0.018353 -0.033138 -0.006885 -0.010661 -0.000004 -0.000083 0.000000 -0.000872 -0.000032 0.000800
0.112868 -0.008866 -0.002534 0.001492 0.030175 0.028709 0.004310 -0.117236 -0.521569 -0.002376 -0.001298 -0.000784 0.389988 0.538600 0.201516 0.151232 -0.198422 -0.493551 -0.948603 -0.699990 -0.200280 0.381543 0.939235 1.115250 0.033724 0.000007 0.000326 0.007209 0.006307 0.008456 0.017156 0.000000 0.000000 0.000041 -0.090491 0.187285 1.046441 0.872951 0.800638 0.324157 0.258680 0.990779 2.535280 2.720323 1.032433 0.084965 0.004968 0.273897 0.005026 0.009404 0.218417 -0.435375 -0.012914 -0.010002 -0.003663 -0.028281 -0.001221 0.000977
0.042046 0.000914 0.000996 0.003185 0.015640 0.024111 0.038225 0.361475 -0.277853 0.524126 -0.039783 0.002118 0.346889 0.566928 0.000612 0.000117 0.089398 -0.127431 -0.800185 -0.534493 -0.043445 0.552908 0.644364 0.341453 0.013367 -0.000288 -0.000208 -0.000003 0.000149 0.000160 0.000004 -0.018993 -0.017822 0.003482 0.513186 1.181225 1.456299 0.688381 0.893388 0.393156 0.214184 0.432081 1.919238 1.749302 1.331839 0.001362 0.000554 0.016452 0.080104 0.126743 0.222584 -0.312613 -0.119369 -0.058340 -0.071915 -0.069973 -0.000287 0.001370
0.013370 0.011288 0.003152 0.004088 0.001546 0.013956 0.016413 0.573066 -0.130871 0.883465 0.049768 -0.003731 0.132347 0.589531 0.078033 -0.111378 0.000000 0.035866 -0.526750 -0.551169 0.184355 0.680354 0.286253 0.178609 0.016803 -0.000393 -0.007017 -0.009385 -0.000696 -0.000044 -0.000028 0.204862 0.110910 0.533156 0.981673 0.469784 0.561248 0.708175 1.099463 0.053414 0.014152 0.459988 0.602946 1.671347 2.096597 0.003627 0.000247 0.000331 0.000279 0.224582 0.176169 -0.095688 0.011659 -0.044598 -0.031144 -0.012079 0.000596 0.001638
0.000289 0.000105 0.000222 0.000103 0.000108 0.000377 0.000198 0.017618 0.446466 1.228015 0.221642 -0.093696 -0.230795 0.602878 0.348344 -0.201144 0.619765 0.012069 -0.235675 -0.372620 0.311592 0.831175 0.117769 0.153065 0.038133 -0.001027 -0.031999 -0.034980 -0.000714 -0.000329 0.003146 0.418087 0.239502 0.731914 0.836694 0.360973 0.514717 0.654110 1.463888 0.073685 0.022917 0.517096 0.588315 1.458134 1.794760 0.277127 -0.000569 -0.000393 -0.000239 0.151530 0.190284 -0.122438 0.002047 0.125957 -0.011928 0.000125 -0.000038 -0.000631
0.000163 -0.000135 -0.000222 -0.000103 -0.000559 -0.000648 -0.000232 0.082823 0.728397 0.998746 0.082870 -0.197191 -0.594727 0.586867 0.634312 0.166386 0.026179 0.007235 0.060476 0.033570 0.031132 0.027599 0.004216 0.223082 0.113650 0.001171 -0.009476 -0.010005 -0.019737 -0.009841 0.360676 0.570307 0.367733 0.936170 0.459783 0.250841 0.350405 0.433783 1.299486 0.098960 0.032442 0.660083 0.593725 1.339907 1.503659 0.656534 -0.017048 -0.017630 -0.080631 0.063514 0.256089 -0.125625 0.018034 0.250992 -0.004135 -0.001352 -0.017675 -0.002028
-0.002452 -0.018469 -0.003946 -0.008729 -0.006549 0.069351 0.078499 0.224059 1.210341 0.163787 0.178002 0.325803 -0.426888 0.878235 1.154102 0.024197 0.013701 0.004488 0.007735 0.003867 0.000326 0.007189 0.003807 0.031878 0.022385 0.001572 0.000000 -0.004697 -0.058787 -0.171522 0.994495 0.988243 0.418767 0.281938 0.503080 0.134494 0.459723 0.529960 1.317303 0.781234 0.541173 0.637109 1.318738 1.058702 1.290509 0.479723 -0.450178 -0.659583 -0.052504 0.134896 0.491406 -0.074863 -0.015713 0.644811 0.225046 0.190471 -0.472860 -0.026843
0.441016 -0.644007 -0.692997 -0.265891 0.002382 0.138115 0.221250 0.300222 0.385052 0.294183 0.311242 0.067145 0.089325 0.048521 0.051882 0.027264 0.000360 0.000360 0.000130 -0.001039 -0.000208 -0.000003 0.000834 0.000415 0.000017 0.004243 -0.012588 -0.002365 0.484405 0.757934 1.593350 1.077569 0.569001 0.175033 0.172602 0.214153 0.681246 0.648083 1.492597 1.329457 0.655432 0.586811 1.925922 0.987126 0.799778 0.432417 -0.214392 -0.578992 0.043718 0.030233 0.018581 -0.025256 -0.061885 0.729329 0.324097 0.275860 -0.207885 -0.255142
1.071812 0.262543 -0.151010 0.175682 0.105310 0.311901 0.209636 0.143015 0.051702 0.453291 0.217009 0.104371 0.084344 0.010776 0.018508 0.020430 -0.000360 -0.000360 -0.000130 -0.003282 -0.022859 -0.014159 -0.001415 -0.000655 -0.016105 0.288772 -0.120934 0.677810 0.893233 1.106211 2.331020 0.736660 0.099049 0.038295 0.110027 0.153622 0.121352 0.781172 1.904373 1.493628 0.901466 0.670804 1.188031 0.008146 0.003623 0.757432 -0.125741 -0.468188 0.012106 0.009829 0.003984 0.017677 0.019539 0.499493 0.464200 0.400731 0.230249 -0.049281
1.438735 0.577837 -0.100089 0.177663 0.029848 0.005626 0.010919 0.010149 0.012382 0.161654 0.176328 0.265186 0.021459 0.000000 0.000000 0.000261 -0.001197 -0.014095 -0.002019 -0.009751 -0.103197 0.125749 -0.292038 0.393221 0.510358 1.578144 1.165824 1.014273 0.907057 0.861353 0.862563 0.004298 0.000976 0.060285 0.130244 0.142336 0.121169 1.718283 2.087655 1.153182 1.058011 0.166151 0.163406 0.000554 0.002094 0.626765 -0.045814 0.172248 0.000609 0.000208 0.000003 0.053981 0.075745 0.546288 0.545915 0.474566 0.376757 0.125101
1.195793 0.200696 0.201449 0.008837 0.008949 0.000391 0.000175 0.000068 0.000088 0.045384 0.062735 0.211200 0.016417 -0.001813 -0.003677 -0.000451 -0.001082 -0.028694 -0.004361 -0.006235 0.678971 1.675198 0.627644 0.817887 0.749746 1.529220 0.963525 0.224403 0.155297 0.025917 0.003069 0.001291 -0.000306 0.727382 0.527276 0.357945 0.296030 1.553023 1.781820 1.110654 0.218543 0.221226 0.197402 0.000247 0.000331 0.012812 0.372765 0.012153 0.002206 -0.000326 -0.005981 0.343513 0.030856 0.640999 0.962882 0.725831 0.563843 -0.020298
0.963154 -0.157713 0.000255 0.000323 0.000418 -0.000121 -0.000142 -0.000065 -0.000086 0.095482 0.113434 0.069422 0.028576 0.000005 -0.002979 -0.014520 -0.024160 -0.008995 -0.028675 1.238195 1.085865 1.135536 0.964306 0.852636 0.586841 1.793488 0.381732 0.000932 0.000037 -0.006268 -0.002559 -0.001735 0.575838 1.169895 0.601896 0.465079 0.399060 1.317988 1.548424 0.833134 0.180657 0.236194 0.229745 -0.000569 -0.000393 0.013365 0.007408 0.000904 0.005770 -0.001195 -0.122831 0.410350 0.025536 0.813166 0.978665 1.003614 0.469707 -0.166502
0.328894 -0.000578 0.000003 -0.000405 -0.000586 -0.008838 -0.005341 -0.009752 -0.031710 0.314229 0.175287 0.070831 0.021234 -0.025318 -0.048679 -0.055087 0.112097 0.141241 0.583871 1.288730 0.460276 0.527224 0.256438 0.099723 0.489904 0.875458 0.449381 0.001023 0.001473 0.003225 0.005949 0.003833 1.029035 1.508734 1.501132 0.853490 0.480908 1.166525 0.770352 0.573247 0.404168 0.216007 0.194504 0.167469 0.194720 0.000808 0.000347 0.000743 0.000347 -0.000712 0.259706 0.706856 0.410583 0.834060 0.620963 0.566437 0.380898 0.004157
0.324850 0.494521 -0.000603 -0.007010 -0.008057 -0.014782 -0.191567 -0.209313 0.233445 0.434040 0.086778 0.057617 0.000000 -0.014160 -0.104489 -0.015325 0.236459 0.300524 0.867087 0.341104 0.620147 0.712473 0.000360 0.000360 0.210813 1.164820 0.009004 0.002195 0.018548 0.058057 0.054391 0.095276 1.161342 2.515316 2.024756 0.862404 0.052696 0.402575 0.181151 0.256733 0.309976 0.706152 0.614725 0.347142 1.130193 0.002929 -0.000439 -0.001073 -0.000439 -0.000467 0.562678 1.196147 0.679485 0.935217 0.017980 0.016728 0.576161 0.016526
0.082192 0.082000 0.113861 -0.087707 -0.014845 -0.003334 0.204606 0.006602 0.257075 0.262175 0.071753 0.102204 0.007598 0.003819 -0.018146 0.000273 0.358882 0.472952 0.047062 0.784971 0.339185 0.419280 -0.000360 -0.000360 0.342241 0.630293 0.000506 0.001187 0.008425 0.016704 0.011979 0.009785 2.008320 2.815024 2.302142 1.068665 0.060778 0.016636 0.004449 0.093601 0.269450 0.453914 0.465927 0.314789 1.137663 0.305335 -0.038960 -0.045422 -0.035847 0.461729 1.036355 1.599289 0.137640 0.124678 0.028881 0.004054 0.095686 0.021362
0.018576 0.018230 0.025379 0.052102 -0.076435 -0.003849 0.367623 0.048329 0.277179 0.278002 0.013073 0.007052 -0.010640 -0.000746 0.001289 0.001726 0.196146 0.172032 0.150942 1.032222 0.000000 0.512041 0.336156 0.280604 0.144836 0.564981 -0.000222 0.000866 0.000771 0.000835 0.000041 0.000001 1.696034 1.793818 1.329340 0.093898 0.009755 0.009834 0.010572 0.293247 0.352415 0.014034 0.035934 0.378475 0.951685 0.838058 1.029757 0.295019 0.295094 0.533594 0.634103 0.671507 0.003356 0.016396 0.009445 0.011308 0.019729 0.004639
0.001130 0.007625 0.012741 0.005766 -0.017281 0.013585 0.393305 0.128086 0.013290 0.023510 0.006420 0.000764 -0.020541 -0.038022 -0.003906 0.002667 0.321789 0.275958 1.720602 1.128568 0.394091 0.393053 0.320931 0.339486 0.146679 0.278769 -0.289058 -0.000540 0.000315 -0.000263 -0.010298 0.877905 2.125035 2.167531 0.568286 0.045179 0.023060 0.000710 0.049257 0.061172 0.076996 0.005312 0.008783 0.014919 0.157020 0.881119 0.910709 0.595600 0.563554 0.588448 0.596382 0.560613 0.002150 0.000000 0.010238 0.012454 0.000904 0.006571
-0.000994 0.000000 0.000065 0.000065 -0.000692 0.026475 0.074060 0.001085 0.000990 0.000992 0.000000 0.000025 -0.004106 -0.310106 0.059510 0.167391 0.372697 1.024241 1.649658 0.188572 0.205681 0.217506 0.252485 0.322369 0.000222 0.102408 -0.343591 -0.000828 -0.000591 0.049423 0.429741 0.975065 1.661827 0.823103 0.643023 0.127584 0.025212 0.001479 0.032534 0.022406 0.049871 0.010030 0.000765 0.000373 0.038793 0.593440 1.203864 0.824286 0.781071 0.628828 0.520238 0.480853 0.003538 -0.002657 0.000164 0.000347 0.000743 0.000347
-0.009921 -0.005378 -0.000556 -0.000124 0.004704 0.011701 0.000234 -0.000186 -0.001032 -0.001271 -0.011136 -0.000950 0.000402 0.001331 0.291908 0.826371 0.899343 0.978340 1.128733 0.000702 0.128688 0.252228 0.195981 0.135277 -0.000222 0.003242 -0.244525 -0.000894 -0.000847 0.059944 0.663855 1.090792 2.064387 0.262727 0.270116 0.260421 0.000323 0.001106 0.009010 0.001516 0.020700 0.001937 0.000440 0.000039 0.121482 0.129070 1.462200 0.944928 0.928444 0.661753 0.486876 0.018719 0.004889 -0.006085 -0.008936 -0.000439 -0.001073 -0.000439
-0.015049 -0.014617 -0.004645 -0.000678 0.003597 -0.028599 -0.000524 -0.001162 -0.021203 -0.017783 -0.028099 -0.010268 -0.000666 0.007952 0.659652 0.721247 1.077384 0.325378 0.720675 0.156411 0.205209 0.142856 0.274932 0.151541 0.040271 -0.011623 -0.114386 -0.057034 -0.043016 0.043738 0.188543 0.272537 2.050123 0.404477 0.366054 0.353109 -0.000009 0.000083 0.000222 0.000374 0.000020 -0.000917 -0.000658 -0.000369 0.218063 0.229449 1.721024 1.018574 1.043895 0.720516 0.000695 0.000795 0.000391 -0.009295 -0.009770 -0.026233 -0.026663 -0.006378
-0.001494 -0.003785 -0.021138 -0.002233 -0.000127 -0.038670 -0.012718 -0.004579 -0.077933 -0.054804 -0.055427 -0.031457 -0.002299 0.041431 0.936794 0.908309 0.649834 0.259463 0.895258 0.168888 0.175516 0.167001 0.165500 0.143248 0.092823 0.139702 -0.006853 -0.045579 -0.067072 -0.034574 0.169696 0.239250 1.663170 1.048264 0.378648 0.379230 -0.000153 -0.000284 -0.000222 -0.000423 -0.005893 -0.008082 0.012813 0.127290 0.660638 0.831612 1.668950 0.279044 1.159720 0.246986 0.000035 -0.000721 -0.000367 -0.003345 0.186374 -0.436939 -0.388184 -0.003910
