use_cases/Flooding_chicago/flooding_data/output/hUy_2820.asc
ncols 337
nrows 393
xllcorner 428428.000000
yllcorner 4602440.000000
cellsize 26.757400
NODATA_value -9999.000000
[rows 156 to 181 of 393, columns 232 to 289 of 337]
0.612443 0.000826 0.005633 -0.000413 -0.019781 -0.015645 -0.012612 -0.004792 0.000222 0.000310 -0.190227 -0.145288 -0.116169 0.165251 0.204915 0.016818 0.543597 0.988622 1.160269 1.225472 1.095809 1.788597 2.279281 2.618527 1.988652 1.531252 1.563879 0.716922 0.147653 0.050344 -0.002796 0.007882 0.078559 0.017286 0.007867 0.006592 0.009623 0.000385 -0.002806 -0.422678 0.113680 0.011468 0.001207 0.000305 -0.000189 -9999.000000 -9999.000000 -9999.000000 -9999.000000 -9999.000000 -9999.000000 -9999.000000 -9999.000000 -9999.000000 -9999.000000 -9999.000000 -9999.000000 -9999.000000
1.779523 0.010646 0.000000 -0.005342 -0.009446 -0.108085 -0.073272 -0.001970 -0.000222 0.000347 -0.074783 -0.030911 -0.042264 0.425057 0.386276 0.365439 0.651797 1.044239 0.305532 0.284529 0.249335 0.898244 2.118405 2.695248 2.545774 1.973255 1.414430 0.733465 -0.003243 0.000227 -0.001933 0.000604 0.000820 0.000846 0.000329 0.000000 0.000000 -0.007359 0.154295 -0.664528 -0.062448 0.013667 0.002310 0.001656 0.001459 -9999.000000 -9999.000000 -9999.000000 -9999.000000 -9999.000000 -9999.000000 -9999.000000 -9999.000000 -9999.000000 -9999.000000 -9999.000000 -9999.000000 -9999.000000
0.751441 0.006400 -0.001240 -0.003435 -0.031728 -0.329624 -0.679421 0.167587 0.002117 0.002286 -0.000230 0.223817 0.139413 0.394771 0.526062 0.443528 0.279769 0.323215 0.337271 0.294817 0.244802 0.931991 1.851158 2.542194 2.238628 1.810390 1.358858 0.713104 0.038649 0.000009 -0.000876 -0.000334 -0.000915 -0.001002 -0.000955 -0.030930 -0.025802 -0.152613 0.382614 -0.676536 -0.229271 0.002345 0.006207 0.000681 0.000681 -9999.000000 -9999.000000 -9999.000000 -9999.000000 -9999.000000 -9999.000000 -9999.000000 -9999.000000 -9999.000000 -9999.000000 -9999.000000 -9999.000000 -9999.000000
0.231134 -0.000030 -0.001053 -0.024518 -0.525430 -0.066955 -0.423612 0.195516 0.002552 0.002383 0.002138 0.140363 0.038951 0.462719 0.507677 0.212394 0.274360 0.762774 0.816897 0.676525 0.544906 0.863303 2.087580 2.261642 2.068173 2.005219 1.308992 0.701429 0.094819 -0.000156 -0.000830 -0.000655 -0.016695 -0.010376 -0.101703 -0.297108 -0.243700 -0.239521 0.379312 -0.534170 0.029183 0.000870 0.000872 0.000000 0.000000 -9999.000000 -9999.000000 -9999.000000 -9999.000000 -9999.000000 -9999.000000 -9999.000000 -9999.000000 -9999.000000 -9999.000000 -9999.000000 -9999.000000 -9999.000000
-0.000324 -0.015825 -0.024205 -0.464338 -0.231018 -0.039257 -0.422837 0.340145 -0.007343 0.000637 0.001724 0.221161 0.065215 0.423795 0.688717 0.226784 0.748254 1.149327 1.216212 0.940906 0.737988 0.988438 1.455251 1.787152 1.675493 1.695698 1.509887 0.906668 0.214212 -0.000560 -0.001442 -0.006351 -0.128220 -0.148120 -0.058287 -0.197902 -0.186078 -0.248259 0.168087 -0.342895 0.023256 0.001278 0.000736 -0.000681 -0.000681 -0.000071 -9999.000000 -9999.000000 -9999.000000 -9999.000000 -9999.000000 -9999.000000 -9999.000000 -9999.000000 -9999.000000 -9999.000000 -9999.000000 -9999.000000
0.006360 -0.577649 -0.209200 -0.062431 -0.079203 -0.044324 -0.413265 0.370624 0.260638 -0.019683 0.014244 0.188125 0.186615 0.535674 0.721841 0.634647 0.977418 1.542461 1.494374 0.977915 0.797251 0.749441 0.562095 1.382936 1.005028 1.034611 1.256068 0.969033 0.143638 -0.000293 -0.014183 -0.088585 0.065968 -0.069836 -0.041811 -0.200227 -0.234488 -0.364272 -0.010499 0.000380 0.000278 -0.000136 -0.002656 -0.009341 -0.006617 -0.003097 -9999.000000 -9999.000000 -9999.000000 -9999.000000 -9999.000000 -9999.000000 -9999.000000 -9999.000000 -9999.000000 -9999.000000 -9999.000000 -9999.000000
0.057634 -0.522367 0.046560 0.243671 0.174480 -0.013710 -0.352615 0.328168 0.341342 0.080418 -0.034835 0.093193 0.854672 0.835672 0.812696 0.946019 1.278827 1.679333 1.291108 0.962862 0.585896 0.214100 0.357667 0.492617 0.860011 0.879356 1.113053 0.879509 0.127224 0.009376 0.008671 0.049374 0.007513 0.000619 0.091984 -0.205000 -0.286902 -0.507728 -0.004064 -0.000076 -0.000581 -0.001857 -0.002387 -0.052615 -0.007662 -0.003189 -9999.000000 -9999.000000 -9999.000000 -9999.000000 -9999.000000 -9999.000000 -9999.000000 -9999.000000 -9999.000000 -9999.000000 -9999.000000 -9999.000000
0.119083 -0.690601 0.283387 0.524934 0.415078 0.041861 -0.233323 0.405931 0.291501 0.094918 -0.325815 0.006677 1.094760 0.844794 0.706717 1.015190 1.073547 1.188267 1.126722 0.514416 0.600122 0.283248 0.425993 0.384392 0.779202 0.817499 0.865880 0.436545 0.052180 0.000064 0.001755 0.016031 0.001168 0.000442 0.000302 0.032998 -0.321519 -0.722499 -0.032650 -0.002048 -0.021472 -0.007223 -0.001090 -0.017778 -0.004220 -0.004513 -9999.000000 -9999.000000 -9999.000000 -9999.000000 -9999.000000 -9999.000000 -9999.000000 -9999.000000 -9999.000000 -9999.000000 -9999.000000 -9999.000000
0.090463 -0.652005 0.483004 0.854671 0.725356 0.162342 -0.049651 0.852951 0.306283 0.276623 -0.233527 0.033688 0.954529 1.182516 0.930031 0.724921 0.776192 0.728176 0.662072 0.510655 0.594522 0.386840 0.383834 0.114121 0.527107 0.584331 0.510754 0.126399 -0.011461 0.027292 0.000626 0.000717 0.000661 -0.000448 -0.000653 0.000041 -0.051515 -0.666151 -0.718453 -0.260549 0.416694 -0.003258 0.000155 -0.007680 0.000903 0.003370 -9999.000000 -9999.000000 -9999.000000 -9999.000000 -9999.000000 -9999.000000 -9999.000000 -9999.000000 -9999.000000 -9999.000000 -9999.000000 -9999.000000
0.100442 -0.688269 0.736543 1.266816 1.055442 0.256137 0.244393 1.169104 0.330662 0.523553 0.313253 0.212351 0.741533 0.886639 1.087169 0.302070 0.227170 0.517635 0.368829 0.522498 0.616959 0.795820 0.573906 0.085874 0.399081 0.376175 0.267277 -0.175643 -0.130213 0.102813 0.000622 0.000174 -0.000911 -0.000799 -0.020693 -0.000497 -0.019433 -0.474551 -0.933191 -1.022263 0.083029 0.000557 0.003025 -0.000379 0.003580 0.002794 0.026052 -9999.000000 -9999.000000 -9999.000000 -9999.000000 -9999.000000 -9999.000000 -9999.000000 -9999.000000 -9999.000000 -9999.000000 -9999.000000
0.131488 -0.685899 0.854309 1.556756 1.265955 0.385772 0.447856 1.130018 0.456131 0.857975 0.801183 0.351068 0.467858 1.011143 0.723154 0.053595 0.072123 0.315573 0.556747 0.771185 0.885141 0.462432 0.383630 0.104860 0.169168 0.079692 -0.030722 -0.320953 -0.022184 0.006769 0.000220 -0.000919 -0.000916 -0.000620 -0.017923 -0.020473 0.000000 -0.037166 -0.448022 -0.999494 0.000143 0.000392 0.000796 0.000630 0.003139 0.002663 0.020019 -9999.000000 -9999.000000 -9999.000000 -9999.000000 -9999.000000 -9999.000000 -9999.000000 -9999.000000 -9999.000000 -9999.000000 -9999.000000
0.217595 -0.629050 1.133898 1.853334 1.520698 0.476333 0.715252 1.236469 0.870188 1.178293 1.076364 0.472269 0.536990 0.725301 0.428631 -0.023966 -0.088608 0.215069 0.489493 0.638292 0.377978 0.002158 0.000946 0.075961 -0.028592 -0.069633 -0.229621 -0.439339 0.000068 -0.000009 -0.000462 -0.022238 -0.015076 -0.001828 -0.105590 -0.013365 -0.007639 -0.023214 -0.019273 -1.241736 -0.000141 -0.000366 -0.000717 -0.000437 -0.000016 0.000148 0.000405 -9999.000000 -9999.000000 -9999.000000 -9999.000000 -9999.000000 -9999.000000 -9999.000000 -9999.000000 -9999.000000 -9999.000000 -9999.000000
0.859985 -0.004577 1.709054 2.326372 1.924518 0.538253 0.783430 1.161400 1.201829 1.457351 1.294709 0.305505 0.563483 0.632024 0.120250 -0.121327 -0.146024 0.143983 0.491781 0.568916 0.340947 0.000844 -0.000601 0.000533 -0.036745 -0.096308 -0.280564 -0.188556 -0.000520 -0.005785 -0.039922 -0.051640 -0.035767 -0.001042 -0.102461 -0.068404 -0.006195 -0.013431 -0.007987 -1.103857 -0.009071 -0.020282 -0.027484 -0.027167 -0.006791 -0.000371 -0.000544 -9999.000000 -9999.000000 -9999.000000 -9999.000000 -9999.000000 -9999.000000 -9999.000000 -9999.000000 -9999.000000 -9999.000000 -9999.000000
0.013025 0.008672 1.167566 1.424097 1.135771 0.736275 0.918350 1.350309 1.271988 1.366547 0.535468 0.016907 0.028502 0.022523 0.004930 -0.166341 -0.197169 0.105658 0.548788 0.602673 0.326902 -0.134588 0.314063 0.001212 0.021703 -0.086894 -0.147275 -0.174307 -0.121933 -0.407537 -0.105885 -0.475153 -0.008833 -0.010003 -0.071161 -0.057194 -0.002957 -0.005306 -0.044296 -1.276156 -1.317592 -0.035352 -0.060934 -0.073143 -0.024122 -0.009646 -0.008539 -0.000872 -9999.000000 -9999.000000 -9999.000000 -9999.000000 -9999.000000 -9999.000000 -9999.000000 -9999.000000 -9999.000000 -9999.000000
0.000208 0.002543 1.528334 1.711822 1.303823 0.776956 0.905386 1.966944 1.375588 1.335079 0.521604 0.035684 0.001829 0.001321 0.003226 -0.132626 -0.415524 0.049780 0.580193 0.610544 0.374872 -0.032465 0.361400 0.174381 0.079480 -0.064220 -0.135998 -0.126200 -0.223234 -0.208211 -0.100503 -0.279052 -0.027670 -0.023191 -0.321761 -0.245855 -0.072018 -0.190216 -0.329625 -1.301053 -1.376951 -0.017586 -0.031850 -0.160707 0.012890 -0.035085 -0.010197 0.376520 -9999.000000 -9999.000000 -9999.000000 -9999.000000 -9999.000000 -9999.000000 -9999.000000 -9999.000000 -9999.000000 -9999.000000
-0.000326 0.013025 3.465392 1.919130 1.373022 0.899488 1.388193 1.933043 1.179192 0.093904 0.116284 0.015361 0.004210 0.001943 0.024594 -0.033241 -0.489271 -0.050999 0.557745 0.555818 0.286082 -0.019864 0.590077 0.445449 0.000000 -0.017944 -0.090412 -0.076228 0.051253 0.167305 -0.219788 -0.283955 -0.182408 -0.188289 -0.594259 0.060488 0.254706 -0.004605 -0.333307 -1.431261 -1.372188 0.194573 0.401095 0.083590 0.157516 -0.154431 -0.030947 0.382100 0.464475 -9999.000000 -9999.000000 -9999.000000 -9999.000000 -9999.000000 -9999.000000 -9999.000000 -9999.000000 -9999.000000
-0.012070 0.580035 4.076827 2.185217 1.384039 1.401450 1.616364 1.127505 0.007832 0.006542 0.065374 0.005692 0.007876 0.001949 0.012137 0.035159 -0.351330 -0.030936 0.767028 0.530481 0.156869 0.036296 0.714101 0.525635 0.257753 0.102898 0.177926 0.080852 0.070827 0.103707 -0.266388 -0.423629 0.000000 -0.139225 -0.004072 0.313027 0.466919 -0.004497 -0.794063 -1.463107 -1.384743 0.335933 0.579101 0.131938 0.106520 0.034586 0.402311 0.153358 0.204775 0.105382 -9999.000000 -9999.000000 -9999.000000 -9999.000000 -9999.000000 -9999.000000 -9999.000000 -9999.000000
0.307597 2.073258 3.213707 2.643263 1.614954 1.001294 1.106455 0.005726 0.000000 0.000027 0.002899 0.006965 0.006900 0.000222 0.000005 0.139994 0.099312 0.486839 0.680543 0.512494 0.169086 0.412555 0.735269 0.518822 0.143613 0.055358 0.111612 0.000003 0.000208 -0.000045 -0.388045 -0.441165 -0.164628 -0.098902 0.784245 0.783127 0.647816 0.012387 -0.814538 -1.714155 -1.320863 0.253327 0.676261 0.018696 -0.074160 0.027668 0.149260 0.000409 0.000326 0.007574 -9999.000000 -9999.000000 -9999.000000 -9999.000000 -9999.000000 -9999.000000 -9999.000000 -9999.000000
1.477684 2.192856 3.642295 1.871666 0.664877 0.022248 0.022129 -0.000771 -0.020987 -0.000402 0.001788 -0.004489 -0.002324 -0.000222 0.000428 0.328836 0.195073 0.127661 0.095178 0.042991 0.036311 0.082973 0.121940 0.334433 0.330775 0.109230 0.119984 -0.125241 -0.000326 0.118030 0.046525 -0.477082 -0.005919 1.492917 1.574270 1.030679 0.455336 -0.278225 -0.797718 -1.737467 -1.399299 -0.200967 0.286713 -0.121395 -0.315040 -0.362416 -0.606531 -0.000341 -0.000208 -0.000003 -0.000000 0.366840 -9999.000000 -9999.000000 -9999.000000 -9999.000000 -9999.000000 -9999.000000
1.975148 2.400809 2.142352 2.372147 0.001038 0.011412 0.001855 -0.076515 -0.233134 0.143509 -0.166102 -0.007029 -0.005058 -0.000037 0.000622 0.506771 0.236276 0.002027 0.001497 0.039936 0.030602 0.002326 0.001375 0.510769 0.501745 0.138952 0.027166 -0.382007 -0.004600 0.192463 0.489770 0.453506 0.573700 1.320165 1.629788 0.841913 0.191666 -0.537634 -0.786482 -1.693064 -1.244722 -0.275185 0.213928 -0.095296 -0.359955 -0.864423 -1.618737 -1.364123 -0.041691 -0.017351 -0.021638 0.791782 -9999.000000 -9999.000000 -9999.000000 -9999.000000 -9999.000000 -9999.000000
0.861156 0.615064 2.091228 2.350560 0.000086 0.000000 -0.000210 -0.104776 -0.237980 0.163040 -0.127259 0.142294 -0.000287 0.000751 0.000662 0.629848 0.001858 0.003045 0.002050 0.033546 0.001335 0.004412 0.001476 0.590256 0.598608 0.000652 0.016252 -0.233453 -0.062135 0.199318 0.769025 0.737754 0.886689 1.423162 0.205553 0.791693 0.694198 -0.347434 -0.866945 -1.360620 -0.694454 0.112106 0.432968 0.182434 -0.133927 -0.282006 -1.930739 -1.242795 -0.968852 -0.773781 1.125785 3.018955 1.941495 -9999.000000 -9999.000000 -9999.000000 -9999.000000 -9999.000000
0.912757 0.636047 2.307052 2.678080 -0.045454 -0.579412 -0.205512 -0.065991 -0.210714 0.284584 -0.109862 0.153443 0.001102 0.001125 0.001267 0.603581 0.002586 -0.000548 0.000360 0.000360 0.000115 0.191727 0.151831 0.765946 0.413784 0.001148 0.058238 -0.100640 -0.037026 0.160281 0.897780 0.806651 1.583323 1.054312 0.238024 0.210821 0.176993 0.277421 -0.429631 -1.118449 0.007407 0.981642 1.070438 0.893091 0.499147 0.242923 -1.441454 -2.331942 -0.927172 0.588687 2.448827 2.898687 1.868726 0.924431 -9999.000000 -9999.000000 -9999.000000 -9999.000000
1.167504 0.456846 1.487993 2.109107 -0.301632 -1.229592 -0.752948 0.047586 0.036302 0.224513 -0.037042 0.002503 0.001504 0.001056 -0.000749 0.439152 0.186556 -0.000958 -0.000360 -0.000360 -0.159548 0.707616 0.614654 0.683989 0.411928 0.043167 0.047017 -0.068441 0.151225 0.290153 0.772972 1.067404 1.582861 0.690293 0.201783 0.197432 0.205071 0.106654 0.133488 -0.451855 1.074677 2.398510 2.207452 1.811390 1.344601 0.927563 -0.298694 -1.366542 -0.155640 2.108535 2.672056 2.069964 0.994064 1.017478 1.395050 -9999.000000 -9999.000000 -9999.000000
0.811170 -0.316168 0.799006 0.986727 -0.872698 -1.554364 -1.120303 0.094609 0.168121 0.262393 0.170534 0.003056 0.002478 0.001431 -0.243903 0.213067 0.428875 0.182747 -0.021739 -0.022445 -0.056455 0.962829 0.800788 0.719461 0.181945 0.045432 -0.027262 -0.125251 0.214669 0.332992 1.178506 1.299652 1.294000 0.545882 0.212528 0.263762 0.246836 0.060475 0.534653 0.259503 2.529299 3.280741 3.285064 2.640131 3.055754 2.016848 0.993680 0.363043 1.310359 3.673241 2.444284 1.389337 0.821252 0.316538 0.761527 -9999.000000 -9999.000000 -9999.000000
0.900377 0.269637 -0.144639 0.015176 -1.518885 -2.167220 -1.448878 -0.000979 0.031560 0.007637 0.001964 0.000916 0.003439 0.001883 -0.087153 -0.159384 0.530690 0.246144 -0.030310 -0.155595 0.018871 0.989903 0.815220 0.676688 0.196528 0.001158 -0.050020 0.151935 0.439837 0.508215 1.212971 0.918976 0.771434 0.545833 0.259609 0.363804 0.080905 0.298060 0.561723 0.458865 3.223166 3.926453 2.113879 2.260878 2.125602 1.643229 0.830138 1.592585 2.416624 1.917629 0.632364 0.328345 0.098495 -0.156044 0.181950 0.013473 -9999.000000 -9999.000000
0.454139 0.618702 -0.494412 -0.407014 -1.809361 -3.672718 -2.002521 -0.000970 0.000000 -0.005667 -0.003267 0.000010 0.000569 0.000393 0.014157 -0.262146 0.602949 0.534373 0.083157 -0.059727 0.447684 0.911418 0.763975 0.548992 -0.000419 0.000239 -0.015998 0.389624 0.482931 0.975082 1.187333 0.976100 0.926566 0.856608 0.487173 0.305140 0.025454 0.121996 0.009129 1.104360 3.828036 3.242059 2.519300 2.665497 3.494478 2.035381 1.929227 2.619679 2.053448 0.798952 0.510441 0.224335 -0.124003 -0.004041 -0.001960 -9999.000000 -9999.000000 -9999.000000
