use_cases/Flooding_chicago/flooding_data/output/hUy_720.asc
ncols 337
nrows 393
xllcorner 428428.000000
yllcorner 4602440.000000
cellsize 26.757400
NODATA_value -9999.000000
[rows 208 to 233 of 393, columns 174 to 231 of 337]
-9999.000000 -9999.000000 -9999.000000 -0.006351 0.000545 0.005420 0.016622 0.001560 -0.168227 -0.042366 -0.000617 -0.009021 -0.008519 -0.008698 0.000275 0.030158 0.016790 0.039309 0.123096 0.019901 -0.000677 0.008514 0.072214 0.259484 0.354968 0.517453 0.471033 0.953689 1.249971 0.000191 0.000000 0.000000 0.122436 0.105766 0.050817 0.161168 0.183047 0.179869 0.557168 -0.002602 -0.007180 0.000055 0.000378 0.216849 0.228829 0.017023 0.010047 0.059420 0.033087 0.025387 -0.001189 -0.004012 -0.017773 -0.060465 0.132596 0.146286 -0.275583 -0.008397
-9999.000000 -9999.000000 -9999.000000 -9999.000000 0.000000 0.000035 0.000222 0.000150 -0.083676 -0.096738 -0.009868 -0.072863 -0.155767 -0.272592 -0.005635 0.070781 0.048588 0.089461 0.080708 -0.005830 -0.025428 -0.011986 0.119538 0.595025 0.729856 0.815461 0.822019 0.833626 0.510286 0.239182 -0.012467 -0.011777 0.179693 0.147096 0.078920 0.025670 0.125010 0.082083 0.791160 0.327526 -0.072980 -0.000384 0.000171 0.238562 0.248943 0.000345 0.000711 0.008545 0.071035 0.025175 0.000501 -0.056731 -0.007274 0.001901 0.124066 0.123592 -0.273529 0.000441
-9999.000000 -9999.000000 -9999.000000 -9999.000000 -0.000545 -0.020388 -0.000222 -0.000247 -0.034466 -0.062899 -0.007089 -0.026827 -0.063485 -0.023362 -0.012717 0.066983 0.061056 0.033898 0.008606 -0.004843 0.001670 -0.023153 0.052735 0.311143 0.343334 0.334113 0.289281 0.154078 0.564092 0.320682 0.249370 0.175588 0.217109 0.200440 0.084207 0.017187 0.002875 -0.029840 0.622473 0.401436 0.069163 0.020384 -0.000351 0.237052 0.288486 0.000099 0.000700 0.002492 0.023340 0.005545 0.005204 -0.022257 -0.006034 -0.000453 0.159497 0.107147 -0.107573 0.017890
-9999.000000 -9999.000000 -9999.000000 -9999.000000 -9999.000000 -0.019791 -0.008109 -0.001005 -0.040951 0.000820 0.001231 -0.013930 -0.036356 -0.020184 0.027037 0.063358 0.050279 0.024642 0.002046 0.000246 -0.002156 -0.009574 0.177361 0.189909 0.179011 0.229937 0.235980 0.120787 0.751520 0.544568 0.495177 0.055364 0.065698 0.043209 0.012908 -0.008432 -0.003788 -0.018378 0.442352 0.446920 0.157942 0.060587 0.114537 0.092101 0.347804 -0.000317 -0.000129 0.005171 0.004602 0.008020 0.000974 -0.008310 0.131106 0.043144 0.064740 0.129005 -0.089537 0.032335
-9999.000000 -9999.000000 -9999.000000 -9999.000000 -9999.000000 -9999.000000 -0.065515 -0.006496 -0.019887 0.000108 0.000684 0.000832 0.028365 0.134139 0.077145 0.070749 0.042750 0.012589 -0.022112 0.003090 0.004898 0.193947 0.180535 0.182765 0.176441 0.317026 0.376222 0.222178 0.512024 0.289368 0.246010 0.061105 0.054413 0.023235 0.025676 0.000537 -0.006874 -0.025544 0.522281 0.464035 0.045516 0.093611 0.177771 0.179903 0.164516 0.010750 0.035811 0.017347 0.019102 0.002043 -0.000222 0.477881 0.744976 0.071829 0.061995 0.132471 -0.044318 0.276581
-9999.000000 -9999.000000 -9999.000000 -9999.000000 -9999.000000 -9999.000000 -0.017456 -0.002990 -0.004384 -0.000754 -0.001316 0.000644 0.016669 0.014661 0.224210 0.160936 0.043899 0.001809 -0.014848 0.041976 0.024272 0.162504 0.202591 0.194659 0.135483 1.112005 1.247028 0.918269 0.297309 0.143534 0.116519 0.174678 0.137150 0.070529 0.091514 0.022040 0.061463 0.122872 0.828915 0.072083 0.104104 0.153802 0.265861 0.260991 0.007553 0.000996 0.010205 0.011446 0.007605 0.000893 0.080311 0.342229 0.486550 0.178922 0.040732 0.002786 -0.001926 0.461328
-9999.000000 -9999.000000 -9999.000000 -9999.000000 -9999.000000 -9999.000000 -9999.000000 0.000000 0.000000 -0.020526 -0.005495 0.000045 0.003929 0.009630 0.010691 0.035152 0.003098 0.002306 0.036342 0.163081 0.004689 0.038420 0.023550 0.014567 0.002051 0.346416 1.163510 0.195162 0.047872 0.025596 0.030553 0.231992 0.160757 0.091609 0.049884 0.009948 0.018101 0.276209 0.195812 0.032603 0.046046 0.030590 0.401531 0.413695 -0.000013 -0.000298 0.000005 0.000172 0.000004 0.000000 0.080938 0.061979 0.025834 0.081893 0.134107 0.384048 1.121751 0.777820
-9999.000000 -9999.000000 -9999.000000 -9999.000000 -9999.000000 -9999.000000 -9999.000000 -9999.000000 -0.002314 -0.015465 -0.004579 -0.000237 0.000000 0.000000 0.000000 0.001035 0.006432 0.003384 0.053119 0.031921 0.010966 0.004089 0.001526 0.000081 0.001680 0.380278 1.040775 0.272014 0.026591 0.024313 0.037570 0.172627 0.122770 0.060098 0.009253 0.008096 0.008603 0.249286 0.020881 0.038539 0.048629 0.038112 0.277096 0.336546 0.264897 0.199413 -0.007940 -0.000488 -0.031837 -0.002103 0.044401 0.032541 0.001136 0.010476 0.335338 0.641438 1.582791 0.189153
-9999.000000 -9999.000000 -9999.000000 -9999.000000 -9999.000000 -9999.000000 -9999.000000 -9999.000000 -9999.000000 -0.018320 -0.008093 -0.007369 -0.010590 -0.003929 -0.006459 0.000086 0.004090 0.005512 0.054536 0.004959 0.001068 0.001427 -0.000341 0.020514 0.002123 1.093769 0.965531 0.145646 0.062912 0.062430 0.599716 0.083499 0.057900 0.000103 0.000222 0.000103 0.000082 0.121940 0.013604 0.028227 0.045128 0.047266 0.035225 0.022452 0.317185 0.139512 -0.226387 0.148178 0.084579 0.006804 0.096178 0.040304 0.002883 0.000820 0.554644 0.820852 0.776025 0.014421
-9999.000000 -9999.000000 -9999.000000 -9999.000000 -9999.000000 -9999.000000 -9999.000000 -9999.000000 -9999.000000 -0.010730 -0.012174 -0.010480 -0.017898 -0.010954 -0.073121 -0.000739 0.002872 0.009102 0.014409 0.002842 0.000573 0.001481 0.031119 0.031109 0.213897 1.497132 0.514211 0.091905 0.060409 0.107788 0.122407 0.108315 0.110509 -0.000103 -0.000222 -0.000103 -0.000082 0.176493 0.002938 0.012401 0.035363 0.034074 0.024563 0.023923 0.043221 0.203677 0.564785 0.364735 0.272696 0.019800 0.026857 0.014507 0.003090 -0.000012 0.733542 0.739493 0.276064 0.005981
-9999.000000 -9999.000000 -9999.000000 -9999.000000 -9999.000000 -9999.000000 -9999.000000 -9999.000000 -9999.000000 -9999.000000 -0.008642 0.003663 -0.214138 -0.249611 -0.019093 -0.000258 0.002077 0.009381 0.000441 0.000483 0.000863 0.007927 0.118299 0.092153 0.415463 0.418273 0.159935 0.050269 0.100476 0.141498 0.135906 0.185388 0.120404 0.138229 0.001043 0.001758 0.009945 0.241250 0.005622 0.026622 0.338953 0.289513 0.069636 0.080800 0.020578 0.075092 0.061326 0.155094 0.542480 0.028296 0.006061 0.027796 0.001554 0.487789 0.839863 0.929479 0.005020 -0.000003
-9999.000000 -9999.000000 -9999.000000 -9999.000000 -9999.000000 -9999.000000 -9999.000000 -9999.000000 -9999.000000 -9999.000000 -9999.000000 0.000000 -0.119813 -0.111321 -0.005533 -0.001671 -0.001629 0.006770 0.000549 0.000575 0.000368 0.058816 0.104030 0.035381 0.385978 0.051265 0.104348 0.076473 0.120280 0.172314 0.367847 0.182704 0.087856 0.292069 0.008556 0.024551 0.073460 0.108668 0.010670 0.054024 0.391739 0.387676 0.030867 0.191521 0.074619 0.018870 0.036353 0.026673 0.263526 0.042218 0.021335 0.065988 1.207019 0.765912 0.760835 0.868720 0.015080 0.099331
-9999.000000 -9999.000000 -9999.000000 -9999.000000 -9999.000000 -9999.000000 -9999.000000 -9999.000000 -9999.000000 -9999.000000 -9999.000000 -9999.000000 -0.068870 -0.051464 0.150634 -0.002373 -0.004260 0.000544 0.000103 0.000216 0.000425 0.036751 0.045349 0.028554 0.204952 0.028967 0.039939 0.039630 0.131983 0.953318 0.532173 0.199636 0.051175 0.010791 0.005094 0.010791 0.020961 0.029923 0.014384 1.054433 0.620001 0.645386 0.035689 0.294563 0.198553 0.027528 0.005099 0.054621 0.101827 0.103416 0.039004 0.033915 0.268432 0.186480 0.787101 1.037318 2.283440 0.187440
-9999.000000 -9999.000000 -9999.000000 -9999.000000 -9999.000000 -9999.000000 -9999.000000 -9999.000000 -9999.000000 -9999.000000 -9999.000000 -9999.000000 -9999.000000 0.000000 0.084490 0.103565 0.000178 -0.000304 -0.000604 -0.001790 -0.000105 0.009087 0.004635 0.058326 0.046056 0.057299 0.069693 0.090041 0.072660 0.298727 0.801565 0.165303 0.005621 0.000085 0.000000 0.000085 0.008099 0.000626 0.000425 0.298636 0.322981 0.119060 0.253749 0.304000 0.296688 0.046320 0.018574 0.025968 0.146391 0.140601 0.024158 0.009123 0.189724 0.230566 0.232810 0.257159 0.487827 0.355857
-9999.000000 -9999.000000 -9999.000000 -9999.000000 -9999.000000 -9999.000000 -9999.000000 -9999.000000 -9999.000000 -9999.000000 -9999.000000 -9999.000000 -9999.000000 -9999.000000 0.000000 0.022333 0.004392 -0.000573 -0.014194 -0.002399 -0.006145 0.009427 0.007796 0.103946 0.086625 0.099923 0.085192 0.125024 0.132819 0.146380 0.154295 0.024630 0.000071 -0.000634 -0.009444 -0.000634 0.000533 0.001047 0.000477 0.405325 0.441899 0.124841 0.124372 0.538369 0.599809 0.065988 0.043588 0.063258 0.064527 0.057169 0.063162 0.015527 0.021057 0.326706 0.324033 0.485912 0.278160 0.142970
-9999.000000 -9999.000000 -9999.000000 -9999.000000 -9999.000000 -9999.000000 -9999.000000 -9999.000000 -9999.000000 -9999.000000 -9999.000000 -9999.000000 -9999.000000 -9999.000000 -9999.000000 0.000000 0.000000 -0.000317 -0.027690 -0.010099 -0.005362 0.007658 0.009057 0.029513 0.004935 0.019435 0.140375 0.189131 0.148132 0.180565 0.061972 0.096292 -0.000975 -0.012250 -0.029529 -0.004103 0.001456 0.001530 0.000202 0.459391 0.537263 0.004525 0.011155 0.204711 0.214268 0.045680 0.076373 0.090976 0.098187 0.077424 0.088727 0.001173 0.001179 0.233814 0.455980 1.405280 0.312103 0.000439
-9999.000000 -9999.000000 -9999.000000 -9999.000000 -9999.000000 -9999.000000 -9999.000000 -9999.000000 -9999.000000 -9999.000000 -9999.000000 -9999.000000 -9999.000000 -9999.000000 -9999.000000 -9999.000000 -9999.000000 -9999.000000 -9999.000000 -9999.000000 0.000000 0.000002 0.000066 0.000486 0.001067 0.009626 0.032554 0.052376 0.058441 0.074522 0.087623 0.106723 0.020196 -0.031934 -0.062842 -0.000869 0.000417 0.000245 0.000201 0.441470 0.529489 0.006755 0.024374 0.041138 0.056179 0.074961 0.096232 0.110783 0.117233 0.065661 0.091090 0.001777 0.001797 0.134661 0.313266 1.492829 0.204419 -0.000259
-9999.000000 -9999.000000 -9999.000000 -9999.000000 -9999.000000 -9999.000000 -9999.000000 -9999.000000 -9999.000000 -9999.000000 -9999.000000 -9999.000000 -9999.000000 -9999.000000 -9999.000000 -9999.000000 -9999.000000 -9999.000000 -9999.000000 -9999.000000 -9999.000000 -9999.000000 -9999.000000 -0.000248 0.000453 0.000321 0.001131 0.000808 0.058513 0.085159 0.080532 0.154714 0.052314 0.078197 0.065422 0.000093 0.000443 0.000293 0.002162 0.972860 0.529748 0.001839 0.022403 0.050578 0.065137 0.065474 0.164789 0.346867 0.139350 0.045510 0.143552 0.002746 0.002903 0.001572 0.128030 1.589818 0.122304 0.002441
-9999.000000 -9999.000000 -9999.000000 -9999.000000 -9999.000000 -9999.000000 -9999.000000 -9999.000000 -9999.000000 -9999.000000 -9999.000000 -9999.000000 -9999.000000 -9999.000000 -9999.000000 -9999.000000 -9999.000000 -9999.000000 -9999.000000 -9999.000000 -9999.000000 -9999.000000 -9999.000000 -9999.000000 -0.001032 -0.000457 -0.001177 -0.000026 0.027573 0.134035 0.008132 0.020603 0.033517 0.174226 0.169360 0.000575 0.000703 0.000571 0.027565 0.430131 0.544561 0.616514 0.022566 0.051295 0.062321 0.057993 0.129989 0.427539 0.870933 0.051063 0.012477 0.002713 0.002302 0.002685 0.205415 1.499730 0.120241 0.026915
-9999.000000 -9999.000000 -9999.000000 -9999.000000 -9999.000000 -9999.000000 -9999.000000 -9999.000000 -9999.000000 -9999.000000 -9999.000000 -9999.000000 -9999.000000 -9999.000000 -9999.000000 -9999.000000 -9999.000000 -9999.000000 -9999.000000 -9999.000000 -9999.000000 -9999.000000 -9999.000000 -9999.000000 -0.000716 -0.007131 -0.044299 -0.000668 0.002467 0.018840 0.031014 0.001272 0.087319 0.047523 0.031841 0.000710 0.001012 0.001113 0.032028 0.015600 0.726436 0.098227 0.017940 0.023375 0.022389 0.017918 0.010131 0.204742 0.315469 0.111757 0.003596 0.007922 0.003110 0.029784 0.326191 1.770014 0.007299 0.009660
-9999.000000 -9999.000000 -9999.000000 -9999.000000 -9999.000000 -9999.000000 -9999.000000 -9999.000000 -9999.000000 -9999.000000 -9999.000000 -9999.000000 -9999.000000 -9999.000000 -9999.000000 -9999.000000 -9999.000000 -9999.000000 -9999.000000 -9999.000000 -9999.000000 -9999.000000 -9999.000000 -9999.000000 -9999.000000 0.015710 0.058060 0.046291 0.000914 0.002118 0.018336 0.003291 0.121475 -0.000000 -0.000015 -0.000355 -0.000540 0.000229 0.018662 0.031033 0.463460 0.041284 0.042156 0.041274 0.037230 0.029880 0.019427 0.005713 0.364835 0.007409 0.007532 0.014486 0.005569 0.016406 0.476081 1.246989 0.000062 0.000143
-9999.000000 -9999.000000 -9999.000000 -9999.000000 -9999.000000 -9999.000000 -9999.000000 -9999.000000 -9999.000000 -9999.000000 -9999.000000 -9999.000000 -9999.000000 -9999.000000 -9999.000000 -9999.000000 -9999.000000 -9999.000000 -9999.000000 -9999.000000 -9999.000000 -9999.000000 -9999.000000 -9999.000000 -9999.000000 0.003663 0.334090 0.141170 0.000809 0.001460 0.004691 0.012932 0.165091 0.030503 0.062506 -0.052801 -0.001164 -0.000511 0.012355 0.027000 0.347162 0.007466 0.093801 0.083231 0.075412 0.063811 0.046881 0.011229 0.292434 0.017985 0.015529 0.026691 0.006434 0.001380 0.001248 1.634373 -0.000064 -0.000160
-9999.000000 -9999.000000 -9999.000000 -9999.000000 -9999.000000 -9999.000000 -9999.000000 -9999.000000 -9999.000000 -9999.000000 -9999.000000 -9999.000000 -9999.000000 -9999.000000 -9999.000000 -9999.000000 -9999.000000 -9999.000000 -9999.000000 -9999.000000 -9999.000000 -9999.000000 -9999.000000 -9999.000000 -9999.000000 0.000000 0.008164 0.056015 0.000829 0.000360 0.000518 0.007465 0.007718 0.121476 0.150811 -0.031107 -0.038421 -0.015751 0.028438 0.082626 0.205314 0.004954 0.066836 0.034973 0.029384 0.022487 0.011853 0.031905 0.300110 0.035318 0.033039 0.044071 0.000222 0.000228 0.001816 1.106210 0.066890 -0.000149
-9999.000000 -9999.000000 -9999.000000 -9999.000000 -9999.000000 -9999.000000 -9999.000000 -9999.000000 -9999.000000 -9999.000000 -9999.000000 -9999.000000 -9999.000000 -9999.000000 -9999.000000 -9999.000000 -9999.000000 -9999.000000 -9999.000000 -9999.000000 -9999.000000 -9999.000000 -9999.000000 -9999.000000 -9999.000000 -9999.000000 0.000000 0.003622 0.001749 0.000219 0.000236 0.000007 0.003880 0.060614 0.038911 0.003066 -0.050920 -0.018891 0.131978 0.030880 0.046738 0.012079 0.030401 0.014086 0.007678 0.004423 0.001442 0.010923 0.082828 0.057305 0.071104 0.060686 -0.000222 0.000324 0.007378 1.262669 0.015251 0.000449
-9999.000000 -9999.000000 -9999.000000 -9999.000000 -9999.000000 -9999.000000 -9999.000000 -9999.000000 -9999.000000 -9999.000000 -9999.000000 -9999.000000 -9999.000000 -9999.000000 -9999.000000 -9999.000000 -9999.000000 -9999.000000 -9999.000000 -9999.000000 -9999.000000 -9999.000000 -9999.000000 -9999.000000 -9999.000000 -9999.000000 -0.000530 -0.002808 -0.000493 0.000076 -0.000422 0.001988 0.009420 0.027698 0.013520 0.001399 -0.014565 -0.050661 0.108180 0.032346 0.000589 0.001870 0.002224 0.040599 0.010139 0.003644 0.000017 0.000207 0.000595 0.000347 0.133513 0.078325 -0.050441 -0.005706 0.028285 1.211154 0.037005 -0.000089
-9999.000000 -9999.000000 -9999.000000 -9999.000000 -9999.000000 -9999.000000 -9999.000000 -9999.000000 -9999.000000 -9999.000000 -9999.000000 -9999.000000 -9999.000000 -9999.000000 -9999.000000 -9999.000000 -9999.000000 -9999.000000 -9999.000000 -9999.000000 -9999.000000 -9999.000000 -9999.000000 -9999.000000 -9999.000000 -9999.000000 -9999.000000 -0.005074 -0.000351 -0.000043 -0.000415 0.003299 -0.004114 0.000360 0.000360 -0.000047 -0.012934 -0.057011 -0.005737 0.031524 -0.000257 0.000319 0.003441 0.008421 0.008887 0.001555 -0.068385 -0.000985 -0.000935 -0.000423 0.211248 0.110700 0.054843 0.056447 0.444037 1.129710 0.462190 0.040488
