use_cases/Flooding_chicago/flooding_data/output/hUy_660.asc
ncols 337
nrows 393
xllcorner 428428.000000
yllcorner 4602440.000000
cellsize 26.757400
NODATA_value -9999.000000
[rows 156 to 181 of 393, columns 58 to 115 of 337]
0.160346 0.468611 0.456429 0.269670 -0.000674 -0.006970 -0.467140 -0.050138 -0.034827 -0.128435 -0.192250 -0.179456 -0.109700 -0.404945 0.036993 -0.006033 -0.027069 -0.007172 -0.002370 -0.214903 -0.286498 -1.049453 -0.049235 -0.008937 -0.003053 0.003662 0.002238 0.000503 0.000926 0.000879 0.130215 0.190007 0.006797 0.001426 -0.000454 -0.001799 0.000584 0.001276 0.011209 -0.065057 -0.029969 -0.000666 -0.000222 -0.000232 -0.000691 -0.001748 -0.006367 -0.011928 0.001173 0.005231 0.006914 -0.013396 -0.001155 0.036442 0.011494 -0.002418 0.149398 0.003252
0.086788 0.040716 0.916489 0.013478 0.000757 -0.008559 -0.345443 -0.097520 -0.022482 -0.109509 -0.254107 -0.252929 0.000388 0.000779 0.000600 -0.016311 -0.093797 -0.003326 -0.001736 -0.147588 -0.139865 -0.982969 -0.215479 -0.005949 -0.002441 0.003241 0.009910 0.000884 0.001146 0.000938 0.200825 0.177637 0.089991 -0.000409 -0.002064 0.000182 0.000350 0.000606 0.000352 -0.088160 -0.037578 -0.000474 -0.003946 -0.005356 -0.001506 -0.001637 -0.008785 -0.016889 -0.001836 0.007814 0.001640 -0.016571 -0.043743 0.036760 0.000326 0.000120 0.000878 0.002517
0.013547 0.011148 0.199224 0.004785 -0.000004 -0.067895 -0.273245 -0.089371 0.000360 0.000360 -0.256751 -0.241588 -0.000369 -0.000725 -0.000292 -0.007010 -0.232958 0.057483 -0.045891 -0.067346 -0.766747 -0.800358 0.047835 -0.001853 -0.003941 0.009207 0.055265 0.001980 0.002182 0.002263 0.031446 0.026427 0.216940 0.005051 -0.001448 -0.000054 -0.001144 -0.001351 -0.000478 -0.067136 -0.038526 -0.001390 -0.013994 -0.003548 -0.027023 -0.003136 -0.014733 -0.021134 0.000000 0.000198 -0.000943 -0.000076 -0.050733 -0.000003 -0.000208 -0.000106 -0.000390 -0.002834
0.011588 0.020928 0.013418 0.005428 -0.024271 -0.128753 -0.186286 -0.093283 -0.000360 -0.000360 -0.209819 -0.180351 -0.105541 -0.076063 -0.000619 -0.002411 0.215932 0.061171 -0.474068 -0.836529 -0.768052 -0.281105 0.042051 0.006124 -0.001262 0.001017 0.007363 0.003273 0.003551 0.045292 0.003762 0.015000 0.055052 0.052369 -0.002424 -0.018201 -0.001046 -0.001239 -0.104498 -0.203085 -0.097225 -0.000551 -0.002784 -0.013805 -0.030066 -0.171118 -0.060135 -0.012012 -0.003040 -0.000397 -0.000856 -0.005883 -0.096964 -0.064128 -0.038920 -0.029963 -0.003439 -0.062481
0.006874 -0.001875 -0.005423 -0.003156 -0.003006 -0.075194 -0.132935 -0.081421 -0.098419 -0.098935 -0.582642 -1.041450 -0.175168 -0.456159 -0.023646 0.005860 0.365814 0.029545 -0.228854 -0.594278 -0.403288 0.068897 0.021798 0.031047 0.001202 0.000924 0.000477 0.001218 0.057339 0.069261 0.002501 0.006948 0.006075 0.014244 -0.001095 -0.161262 -0.007409 -0.001662 -0.138817 -0.182673 0.000105 0.000133 -0.001076 -0.022388 -0.162666 -0.638596 -0.092932 -0.004488 -0.002150 -0.000419 -0.000281 -0.033529 -0.357709 -0.335036 -0.595332 0.066236 0.366548 0.020157
-0.000980 -0.006945 -0.043815 -0.039646 -0.002870 0.062914 -0.124207 -0.059459 -0.681516 -0.410777 -0.443176 -0.462963 0.418055 0.251085 0.096289 0.014518 0.437188 0.267393 -0.036706 -0.326665 -0.324688 0.003172 0.025717 0.566685 0.009305 0.000103 -0.000000 -0.000000 0.002572 0.162241 0.001949 0.000000 0.000000 0.000000 -0.043992 -0.009318 -0.192165 -0.031419 -0.132601 -0.113308 -0.000128 -0.000372 -0.007097 -0.003921 -0.000330 -0.258156 0.000137 -0.002612 -0.001824 0.000183 0.000152 0.000341 0.014971 -0.070807 -0.604475 0.112452 0.329694 0.001526
0.034084 0.030724 -0.013273 -0.032306 0.084998 0.162279 -0.176708 -0.064683 -0.011772 -0.130270 -0.345291 -0.135740 0.545454 0.665189 0.328458 0.029025 0.041332 0.068387 0.367548 0.093500 -0.193670 -0.050537 0.021041 0.230403 0.050738 -0.000144 -0.000477 -0.009747 0.000046 0.045463 0.001622 -0.002105 -0.001102 0.003866 -0.007083 0.166654 -0.327428 -0.009457 -0.074295 -0.296528 -0.007053 -0.008580 -0.044508 -0.002354 -0.057152 -0.179922 -0.000663 -0.002543 -0.002353 -0.000642 -0.000238 0.000248 0.000622 0.028213 -0.245955 0.047899 0.239287 0.002257
0.030762 0.009509 0.001062 -0.049387 0.198501 0.191106 -0.052597 -0.048288 -0.134821 -0.054255 -0.104084 0.046081 0.813350 0.225182 0.236222 0.059665 0.008450 0.037359 0.019974 0.847385 -0.004188 0.104112 0.139122 0.126638 0.144408 0.029042 -0.010503 -0.007833 -0.006426 0.000732 0.000953 -0.003044 -0.001173 0.048619 0.012626 0.198678 0.011737 0.070646 -0.029410 -0.194891 -0.056492 -0.193635 -0.237744 -0.110578 -0.023354 -0.237825 -0.081541 -0.006834 -0.008167 -0.009358 -0.027245 -0.003360 -0.001160 0.000687 0.000966 0.000962 0.000796 0.000386
0.010447 0.001009 0.001248 0.043123 0.293765 0.110091 0.066139 -0.005902 -0.049271 0.093669 0.329371 0.427008 0.140276 0.349129 0.385549 0.001054 0.005501 0.026834 0.011782 0.042498 0.027306 0.648889 0.019591 0.013046 0.307012 0.085290 -0.010472 0.028376 -0.002407 -0.000411 -0.002272 -0.003156 -0.001465 0.010159 0.147255 0.006318 0.003663 0.006947 -0.004587 -0.061508 0.031049 0.023454 -0.390115 -0.645671 -0.138547 -0.132083 -0.068086 -0.015925 -0.013513 -0.008172 -0.079963 -0.056751 -0.017102 -0.000935 -0.001062 -0.001009 -0.000815 -0.000390
0.000414 0.001312 0.004984 0.218880 0.400997 0.178722 0.007535 0.073005 0.055705 0.052237 0.011789 0.019369 0.042997 0.438316 0.471441 0.002608 0.000788 0.001166 0.012703 0.012194 0.010035 0.036703 0.012219 0.017690 0.034938 0.025262 0.168371 0.014010 0.086898 -0.001029 -0.001870 -0.025585 -0.001236 0.000008 0.000098 0.000000 0.000000 0.000067 0.000074 -0.015541 0.034195 0.024364 -0.242482 -0.558675 -0.575223 -0.047559 0.000531 0.005372 -0.007914 -0.049315 -0.030538 -0.184283 -0.005945 -0.000783 -0.029531 -0.025856 -0.017222 -0.004225
0.000050 0.003802 0.049325 0.270717 0.196743 0.052524 0.006837 0.048499 0.042538 0.003580 0.002595 0.001098 0.128151 0.418766 0.453176 0.005327 -0.000183 -0.000055 0.000135 0.000076 0.000214 0.005093 0.007847 0.004197 0.008342 0.008019 0.032336 0.060439 0.102272 -0.009917 -0.018215 -0.016764 -0.020628 -0.021033 -0.001104 -0.013198 -0.005350 -0.000464 -0.000141 0.000264 0.000018 0.000159 0.000371 -0.572491 -0.530313 -0.007470 -0.000066 0.000000 -0.004227 -0.060177 -0.113877 -0.297967 -0.106558 -0.008157 -0.720001 -0.872178 -0.032709 -0.002094
-0.000367 0.014471 0.096498 0.205192 0.139646 0.001373 0.019064 0.016333 0.008338 0.007228 0.001621 0.000253 0.297917 0.377490 0.350773 0.011047 -0.000727 -0.011308 -0.000169 -0.000063 -0.000058 0.000000 0.000000 0.000000 0.000000 0.000320 0.026279 0.019844 0.223710 -0.065209 -0.057270 -0.049280 0.070766 0.056737 -0.348002 -0.056064 -0.012296 -0.006865 -0.005854 -0.000962 -0.023089 -0.001644 -0.000095 -0.358910 -1.626852 -0.012395 -0.007200 -0.003663 0.002756 -0.007212 -0.476912 -0.044659 -0.168193 0.034837 0.149304 -1.045582 -0.008601 -0.013471
-0.002240 0.031186 0.090602 0.145440 0.047089 0.003521 0.023573 0.027603 0.006444 0.008790 -0.001023 -0.000848 0.572214 0.391113 0.275286 0.047467 -0.011960 -0.010464 -0.055222 -0.009699 -0.012723 -0.006965 -0.010009 -0.021817 -0.019482 -0.000565 0.015664 0.011838 0.013130 -0.018268 -0.019837 -0.026591 0.158502 0.121054 -0.275969 -0.287512 -1.179122 -0.024684 -0.004890 -0.003085 -0.037652 -0.121137 -0.172403 -0.915484 -1.821397 -0.003992 0.000610 -0.011258 0.035569 0.028854 0.108524 0.078703 0.131427 0.061398 0.020345 -0.573251 -0.285814 -0.215002
0.013642 0.038523 0.065267 0.068165 0.006170 0.056361 0.422994 0.409344 -0.054352 0.198020 0.139749 0.288466 0.683442 0.007233 0.011697 0.012060 -0.028626 -0.015640 -0.111526 -0.058068 -0.024303 -0.019937 -0.036770 -0.050445 -0.026685 -0.000348 0.000010 0.000360 0.000360 0.000122 -0.008070 -0.000946 0.020753 0.012906 0.037376 0.319693 0.004166 -0.008079 -0.002603 -0.001958 -0.155996 -0.395415 -0.093545 -0.797240 -0.160943 0.001109 0.013272 0.002534 0.043676 0.012774 0.014246 0.157322 0.012727 0.003663 0.000187 -0.012408 -0.001036 -0.137544
-0.042194 0.000000 0.000000 0.000000 0.083254 0.132559 1.348666 0.552451 -0.477195 0.218019 0.010404 0.028607 0.004640 0.000006 0.000203 0.000006 -0.032143 0.231776 -1.057646 -0.182040 -0.471994 -0.078948 -0.043877 -0.026263 -0.030474 -0.005447 -0.008693 -0.000360 -0.000360 -0.000093 -0.045229 -0.000844 0.000020 0.000785 0.014912 0.014469 0.004231 -0.003684 -0.015647 -0.008416 0.156592 -0.495954 -0.150822 -0.526946 -0.059052 0.000062 0.000000 0.003973 0.023190 0.000352 0.000158 0.012507 0.001407 0.000000 -0.000102 -0.003573 -0.001845 -0.054970
-0.083616 -0.099160 -0.056874 0.096014 0.107090 0.144894 1.393356 1.286352 -0.461245 0.037076 0.008060 0.000631 -0.000188 -0.019115 -0.000462 -0.006177 -0.547348 0.220061 -0.201306 -0.073174 -0.194551 -0.113435 -0.008399 -0.009211 -0.035997 -0.042418 -0.018766 -0.007478 -0.015326 -0.023070 -0.381937 -0.019757 -0.007735 0.000224 0.001033 0.001541 0.001038 0.022796 0.003013 0.000167 0.175499 -0.290523 -0.195959 -0.517304 -0.010038 -0.000605 -0.009857 -0.001167 0.000416 -0.000170 -0.000106 -0.000001 -0.000240 -0.008654 -0.013878 -0.066001 -0.013638 -0.019728
-0.041978 -0.167897 -0.439135 0.080917 0.139674 0.075361 0.303966 0.146925 0.000015 0.000395 0.000767 0.000291 -0.000916 -0.069726 -0.002248 -0.050271 -0.408255 0.183674 -0.118935 0.000821 0.000891 0.022996 -0.003225 -0.003955 -0.008824 -0.069520 -0.046531 -0.023214 -0.426053 0.245751 -0.164694 -0.114369 -0.014507 -0.000643 -0.000763 -0.000551 0.000789 0.009746 0.020176 0.006975 0.067035 -0.256022 -0.162359 -0.416992 0.016071 -0.020950 -0.031561 -0.000637 0.000123 -0.000739 -0.007624 -0.007296 -0.011603 -0.015803 -0.054198 -0.685230 -0.045358 -0.032878
0.033083 -0.004116 0.254992 0.114310 0.108976 0.068425 0.053634 0.056785 -0.157548 -0.000602 -0.000835 -0.000614 -0.000648 0.026542 0.015648 -0.011359 -0.251903 0.091764 -0.080004 0.000724 0.001233 0.015308 -0.002630 -0.011689 -0.017176 -0.010655 -0.190060 -0.164169 -0.205242 0.384933 -0.078778 -0.025868 -0.001956 -0.012752 -0.024141 -0.001364 -0.000932 0.000414 0.008775 0.000212 0.000209 -0.197858 -0.135186 -0.341241 0.017775 -0.118599 -0.002828 0.000020 0.000136 -0.000607 -0.021307 -0.025920 -0.027638 -0.018231 0.552569 -0.161846 -0.058135 -1.118685
0.141802 0.154615 0.641791 0.207430 0.160205 0.119144 0.118385 0.111279 -0.141783 -0.115668 -0.064963 -0.119175 -0.000994 0.096414 0.044540 -0.219854 -0.195480 0.013321 -0.100723 0.000221 0.019426 -0.000818 -0.014506 -0.019094 -0.070796 0.109129 0.024918 -0.090867 0.000998 0.009880 0.006647 0.067059 -0.001943 -0.021735 -0.039249 -0.027882 -0.001273 -0.000591 -0.000022 -0.000102 0.000135 -0.079255 -0.103349 -0.282531 -0.112295 -0.034058 0.000073 0.000000 -0.000070 -0.009472 -0.026933 -0.103116 -0.050656 -0.006689 0.845921 -0.040400 0.384876 -1.362175
0.110358 0.058166 0.153130 0.102955 0.063683 0.026740 0.037509 0.017337 -0.067394 -0.185230 -0.580098 -0.306510 0.070847 0.089630 0.042837 -0.035846 -0.231758 -0.084114 -0.179743 -0.000289 0.001198 0.233561 -0.440497 0.149127 0.017255 0.085525 0.000320 -0.000015 -0.000310 0.000000 0.000000 0.000000 -0.018176 -0.029381 -0.430988 -0.050029 -0.008196 -0.005268 -0.010351 -0.000687 -0.000094 -0.012584 -0.086420 -0.269430 -0.068883 -0.020078 -0.000144 -0.004212 -0.008252 -0.020258 -1.450596 0.528148 -0.007417 0.000000 0.011408 0.032686 0.064217 0.046738
0.005752 0.000986 0.056407 0.046326 0.024272 0.004904 0.017690 0.006987 0.005046 -0.076053 -0.328222 -0.081323 0.019742 0.011032 -0.008338 0.024261 -0.176950 -0.195100 -0.318961 -0.000559 0.002246 0.007723 -0.093497 0.155168 0.045952 0.000555 -0.000395 -0.047757 -0.013486 -0.001325 -0.006410 -0.010954 0.095763 -0.527291 -0.497025 0.068778 -0.001608 -0.026054 -0.031228 -0.002237 -0.000687 0.033962 -0.004062 -0.072678 -0.067135 -0.025293 -0.008752 -0.007710 -0.013574 -0.580867 -0.682098 0.780291 -0.001629 -0.007102 0.000731 0.032627 0.016355 0.012372
-0.010012 -0.003011 0.087974 0.070514 0.033930 0.003454 0.051749 0.027671 0.011108 0.027063 0.445136 0.309964 -0.011910 -0.058554 -0.040357 -0.006109 -0.146500 -0.231482 -0.367322 -0.201216 -0.000102 0.000466 0.029646 0.014787 0.001885 -0.000126 0.005429 -0.212022 -0.007523 -0.000840 -0.019414 -0.274574 0.117421 -0.548594 0.007004 0.007944 0.007003 -0.002135 -0.064783 -0.020740 0.197952 0.088284 0.022196 -0.051914 -0.043968 -0.140462 -0.018284 -0.007951 -0.017569 0.037000 -0.284622 0.624066 -0.000648 -0.024212 0.000096 0.001257 0.010163 0.005097
-0.003299 0.050402 0.090653 0.074121 0.036617 0.200224 0.131533 0.109081 0.043216 0.113753 0.155483 0.117394 0.308546 -0.035506 -0.158622 -0.075276 -0.070666 -0.235659 -0.378752 -0.267752 -0.000497 -0.000023 0.000000 0.000065 0.000744 0.014494 0.019879 -0.083815 -0.270151 -0.011334 -0.006329 0.000517 0.000386 -0.291031 0.000000 0.000000 0.000065 0.000001 -0.199389 -0.401922 0.234426 0.001763 0.000695 -0.043025 -0.021750 -0.192330 -0.077284 -0.047445 -0.033614 0.215983 -0.191007 0.562057 0.164291 -0.027876 -0.007316 0.000252 0.000360 0.001154
0.022216 0.047083 0.168235 0.061762 0.035288 0.061226 0.029378 0.020596 0.007902 0.034281 0.068304 0.033110 0.046036 -0.016018 -0.000809 -0.041116 -0.053134 -0.273931 -0.757345 -0.655729 0.101666 -0.010887 -0.005373 -0.000541 0.013655 0.079590 0.072623 0.009567 -0.258649 -0.203385 -0.002998 -0.001460 -0.000468 -0.249983 -0.005342 -0.005378 -0.000547 -0.000005 -0.027302 0.144570 0.097540 0.000687 -0.000142 -0.011782 -0.019767 -0.081714 -0.034560 -0.179830 -0.077922 0.194744 -0.244249 0.396181 0.659774 0.026468 0.000030 0.000067 0.000031 0.000337
0.003915 0.039029 0.138542 0.053908 0.002578 0.002747 0.002230 0.001016 0.000248 0.000321 0.104850 0.000767 0.009181 0.025963 0.231582 0.000751 0.000834 -0.562800 -0.607508 -0.574645 0.191105 -0.099379 0.070282 0.001063 0.008187 0.021668 0.014829 0.023061 -0.129927 -0.143972 -0.215338 -0.001156 -0.034388 -0.589953 -0.020019 -0.013949 -0.004640 0.000224 0.020883 0.480731 -0.031696 -0.001374 -0.012666 -0.014274 -0.081266 -0.041035 -0.019909 -0.076144 -0.002563 0.150859 -0.045514 0.488515 0.763304 0.008023 0.007354 -0.000214 -0.000167 -0.000195
-0.001299 0.047264 0.002433 0.003638 0.003178 0.001038 0.000262 0.000052 -0.000149 0.000130 0.092273 0.001169 0.001298 0.023745 0.085417 0.001924 0.000914 -0.538552 -0.636887 -0.606881 0.076292 -0.081739 0.133512 0.003338 0.000626 0.008624 0.006411 0.016593 0.374877 -0.009275 -0.179308 -0.091481 -0.718082 -0.539374 -0.377728 -0.020923 -0.014253 0.000554 0.008494 0.015701 0.001116 -0.013321 -0.022796 -0.027400 -0.145246 -0.108582 -0.005926 -0.023093 0.066685 0.032163 0.017319 0.622470 0.567910 0.000109 -0.000095 -0.001247 -0.007911 -0.000380
