use_cases/Flooding_chicago/flooding_data/output/hUy_1140.asc
ncols 337
nrows 393
xllcorner 428428.000000
yllcorner 4602440.000000
cellsize 26.757400
NODATA_value -9999.000000
[rows 234 to 259 of 393, columns 58 to 115 of 337]
0.035902 0.030801 0.017216 0.027076 0.000621 0.000399 0.001237 0.109917 0.072617 0.000300 0.000414 0.000000 0.000000 -0.000309 -0.000013 -0.017014 -0.006116 -0.055872 -0.173785 -0.119662 -0.012434 -0.016151 -0.007772 -0.002186 -0.001023 -0.110529 -0.109722 -0.105697 -0.000639 -0.001920 -0.025025 -0.146578 -0.316024 -0.016840 -0.003347 -0.060119 0.421721 -0.026198 -0.495412 -0.490347 -0.238238 -0.125469 0.001048 0.000504 0.000554 0.000757 -0.001150 0.002164 -0.015417 -0.025172 -0.000326 -0.038699 -0.000020 -0.000494 -0.001200 -0.002134 -0.007616 -0.020206
0.058748 0.042658 0.015729 0.000547 -0.000042 -0.000323 0.003998 0.105684 0.001773 0.000069 0.000000 -0.014804 -0.008974 -0.021118 -0.015203 -0.007573 -0.025046 -0.019359 -0.417865 -0.443137 -0.030093 -0.040546 -0.029640 -0.041879 -0.024588 -0.086236 -0.569233 -0.081719 -0.046632 -0.019149 -0.261138 0.110553 -0.061296 -0.003590 -0.001185 0.000640 0.021014 -0.003640 -0.559484 -0.570884 -0.240834 0.042650 0.002820 0.000131 0.000247 0.000331 0.001371 0.001581 -0.011430 0.199856 0.059347 -0.360925 -0.136692 -0.338974 -0.015282 -0.265332 -0.012046 -0.895349
0.269990 0.026261 0.013048 0.001256 -0.000527 0.000474 0.088649 0.008600 0.007697 -0.000570 -0.006240 -0.035353 -0.018733 -0.052551 -0.045034 -0.032984 -0.046705 -0.010740 -0.000734 -0.328382 -0.296684 -0.012003 -0.059374 -0.114344 -0.019758 -0.054541 -0.061549 -0.043276 -0.221372 -0.154837 -0.229012 0.140963 0.028769 -0.121993 -0.010832 0.001497 0.000000 -0.000294 -0.603962 -1.216646 -0.003222 0.000507 0.000330 -0.000159 -0.000569 -0.000393 -0.001346 0.000894 0.000954 0.318031 0.017785 -0.175464 -0.183886 -0.366836 -0.416126 0.001345 -0.009878 -0.000877
0.326965 0.008571 0.003387 0.003410 -0.000436 -0.001203 -0.000682 0.046061 -0.000986 -0.005470 -0.023683 -0.036355 -0.017980 -0.104931 -0.950406 -0.078624 -0.127580 -0.013552 -0.112657 -0.327866 -1.471959 -0.232325 -0.473435 -0.262273 -0.010156 -0.027804 -0.032347 -0.022530 -0.001645 0.000164 -0.286463 0.175154 0.032511 -0.015555 0.254133 0.202234 -0.008421 0.000000 -0.505173 -0.512729 -0.286689 -0.000473 -0.000789 -0.008704 -0.006861 -0.006778 -0.032322 -0.000137 0.001025 0.021331 -0.011112 0.202973 0.206281 0.066472 -0.518613 0.030976 -0.006884 -0.080513
0.243787 0.005996 0.004333 0.000000 -0.011044 -0.008776 -0.007306 -0.004254 -0.005679 -0.004448 -0.068333 -0.011362 -0.001050 0.010789 -0.568489 0.250316 0.001085 -0.455668 0.971821 0.595900 -1.414868 -0.461304 -0.153935 -0.595125 -0.060627 -0.048702 -0.066203 -0.008704 -0.002580 -0.000724 -0.397356 0.080368 0.037752 0.049063 0.297212 0.561217 -0.486851 -0.015302 -0.350006 -0.723925 -0.204352 -0.039000 -0.035453 -0.070234 0.008946 0.016832 0.028306 0.000996 -0.000505 -0.000028 -0.000001 -0.000000 -0.000000 -0.000877 -0.523592 0.062131 -0.033274 -0.009051
0.043444 0.010157 -0.000979 -0.024688 -0.009909 -0.011003 -0.010283 -0.007496 -0.005367 -0.022299 -0.021611 -0.003677 0.000897 0.205090 -0.056228 0.423225 0.009341 -1.135573 1.166072 0.689559 -0.776403 -0.289862 -0.052980 -0.419760 -0.378354 -0.338330 -0.561159 -0.058035 -0.011718 -0.015760 -0.525897 0.159662 0.072947 0.138970 0.357133 0.681548 0.008448 -0.125211 -0.343766 -0.630942 -0.384641 -0.021674 0.059018 -0.019299 0.010181 0.012242 0.006551 0.000356 -0.000412 -0.023632 -0.020910 -0.135768 -0.106575 -0.442335 -0.423996 0.000682 0.000222 0.047673
0.002282 0.000830 -0.001412 -0.080549 -0.062647 -0.006048 -0.007497 -0.007010 -0.003210 -0.006410 -0.045387 -0.003042 -0.000014 0.004017 0.153527 0.367339 0.004557 -0.744129 1.491965 0.815493 -0.581522 -0.091272 0.011195 -0.294746 -0.181224 -0.002099 -0.293955 -0.386589 -0.143881 -0.224450 -0.365433 0.061201 0.125162 0.198920 0.373795 0.791223 1.237334 -0.008622 -0.318412 -0.618099 -0.114777 0.021729 0.021820 0.000268 0.000167 0.000000 0.000000 -0.000167 -0.009707 0.051715 -0.143870 -0.355014 -0.247127 -0.365068 -0.255964 0.139202 -0.000222 -0.000006
0.000641 -0.000120 -0.000656 -0.051145 -0.277900 -0.047373 -0.023577 -0.003136 -0.010875 0.001908 -0.046447 -0.005563 -0.002351 0.015747 0.537390 0.000402 0.000222 -0.734468 1.561826 1.063528 -0.810905 -0.135253 -0.124905 -0.365823 -0.290413 -0.004251 -0.286932 -0.126073 0.009536 -0.253539 -0.181420 -0.040341 0.091937 0.289247 0.410148 1.021183 2.099330 0.378110 -0.192348 -0.251399 0.000209 0.007037 0.006017 -0.000091 -0.000356 -0.006551 -0.032729 -0.041213 -0.551102 0.278927 0.059168 -0.214263 -0.298950 -0.435534 -0.165748 0.545691 -0.023632 -0.349413
-0.001993 -0.017469 -0.009525 -0.006714 -0.025201 -0.240598 -0.066385 -0.001008 -0.006804 -0.000318 -0.016492 -0.006812 0.000708 0.040269 0.131327 0.000844 -0.000222 -0.092968 1.241873 1.043650 -0.756462 -0.240285 -0.228355 -0.365791 -0.235716 -0.092750 -0.190530 0.183554 0.179513 -0.251467 0.001165 0.001620 0.116366 0.377851 0.277070 0.751347 2.891503 0.606719 -0.005862 0.004826 0.000913 0.000266 0.000322 -0.001034 -0.010828 -0.094923 -0.190826 -0.137677 -0.309092 0.516052 0.270091 -0.136452 -0.289540 -0.491739 -0.098616 0.614185 -0.645919 -0.374930
-0.018048 -0.043345 -0.037021 -0.013280 0.112630 -0.203635 -0.136210 -0.012226 0.000000 0.000000 -0.006745 -0.059282 -0.002382 0.006454 0.004964 0.000661 -0.011225 0.049490 1.008616 0.848298 -0.670540 -0.246411 -0.190615 -0.242025 -0.148650 -0.024383 0.017315 0.315465 0.104537 0.021952 0.001308 0.002483 0.233242 0.314974 0.007283 0.022857 2.732268 1.073268 0.026107 2.552352 0.001468 0.000028 -0.000127 -0.000297 -0.124373 -0.171157 -0.128307 0.125867 -0.048996 0.015043 0.537293 -0.132071 -0.284109 -0.429808 0.120934 0.260821 -0.483376 -0.412535
-0.077020 -0.079553 0.024144 0.065059 0.202137 -0.184926 -0.188515 -0.070172 -0.005993 -0.006547 0.014389 -0.050553 -0.060148 0.001859 0.000523 -0.001597 -0.039254 0.842187 1.498665 0.830662 -0.570947 -0.318766 -0.133879 -0.126918 -0.071669 -0.001632 0.371838 0.426336 0.192524 0.076811 0.000000 0.001880 0.180529 0.267133 0.223510 0.481101 4.530217 0.838603 0.105238 0.017449 0.002492 -0.000268 -0.000427 -0.000008 0.000601 -0.123518 -0.101222 0.012305 0.104302 0.000554 0.012679 -0.137516 -0.376714 -0.336773 -0.027645 0.118342 -0.138141 -0.370976
-0.109551 -0.051222 0.239417 0.059010 0.226495 -0.158537 -0.211077 0.391470 -0.056282 -0.090103 0.026757 -0.052063 -0.071051 -0.006514 -0.003807 -0.004482 -0.161107 1.222009 1.735094 0.868457 -0.648302 -0.252160 -0.123652 0.084170 0.112522 0.027765 0.064711 0.111573 0.139374 0.169249 0.002279 0.009551 0.298876 0.451350 0.580014 0.847845 3.992187 1.079412 0.062089 0.006474 0.011202 0.005295 -0.010261 -0.003330 0.000824 -0.000560 -0.029681 0.012940 0.000391 0.000247 0.000331 0.013146 -0.427121 -0.398523 -0.030218 0.000185 -0.001883 -0.324655
-0.015694 -0.032887 0.273918 -0.007590 0.119016 -0.179223 -0.251264 0.052353 -0.003210 -0.271552 -0.002371 -0.048482 -0.016155 -0.010188 -0.003678 -0.003316 1.346319 1.550585 1.864033 0.885087 -0.750531 -0.222340 0.087156 0.001607 0.003671 0.085177 0.012074 0.016942 0.186198 0.218607 0.003334 0.019629 0.069321 0.109736 0.217405 0.748601 2.291086 0.815376 0.023128 0.007981 0.009427 0.015914 -0.171938 -0.002366 -0.002101 -0.000613 -0.019548 -0.000477 -0.002337 -0.000569 -0.000393 -0.000230 -0.196607 -0.468527 -0.018961 -0.000281 -0.001177 -0.366867
0.004136 0.008969 0.143029 -0.027356 0.051082 -0.106717 -0.130157 0.001114 0.013973 -0.011929 -0.013596 -0.013659 -0.132288 -0.004471 -0.028801 0.488215 0.584187 1.861684 2.015225 1.035398 -0.491077 0.019598 0.006005 0.001335 0.007089 0.030381 0.005903 0.009513 0.216428 0.270044 0.005146 0.042335 0.002910 0.004549 0.003202 1.089567 2.206233 1.019879 0.000013 0.000401 0.000330 0.023888 0.133291 -0.068091 -0.001678 -0.000985 -0.011973 -0.001090 -0.002790 -0.043912 -0.050659 -0.331132 -0.361033 -0.638011 -0.054363 0.131875 -0.068167 -0.342244
-0.000640 0.000642 0.067266 0.052432 0.039284 0.050447 0.003274 0.002534 0.024099 -0.006531 -0.010224 -0.085075 -0.788111 0.393445 0.207093 0.504998 0.665177 0.700452 0.767928 0.383317 0.003350 0.180049 0.021847 -0.000365 0.004600 0.005176 0.025138 0.001467 0.008329 0.381873 0.017192 0.010274 0.004328 0.007648 0.006825 1.208893 2.457920 1.128029 -0.019627 -0.000555 -0.000396 0.006907 0.093563 -0.129889 0.234656 -0.049555 -0.000047 -0.001235 -0.001413 -0.155521 -0.160065 -0.525524 -0.370813 -0.467070 0.670626 0.320506 -0.023650 -0.631272
0.000940 0.005232 0.122490 0.010324 0.000840 0.003426 0.006414 0.004388 0.071681 0.011859 0.126829 -0.108903 -0.744608 0.647015 0.840705 0.447639 0.564117 0.604975 0.810933 0.004371 0.006156 0.052411 0.050738 0.129542 0.005283 0.018377 0.007984 0.002948 0.000733 0.213860 0.006790 0.000555 0.000396 0.009340 0.344294 1.940657 1.338882 1.086482 0.407338 -0.044090 -0.006584 -0.014573 -0.064533 -0.066495 0.329180 0.553564 0.077652 0.019479 0.029572 -0.119307 -0.146619 -0.420528 -0.300954 -0.200212 1.366126 0.397066 -0.008339 -0.723656
0.000884 0.038393 0.200587 0.090122 -0.000152 0.002333 0.007467 0.005840 0.012931 0.055182 0.035726 0.098692 -0.719740 0.802019 1.120285 0.420272 0.479208 0.395440 1.174657 0.342150 -0.001042 0.000375 0.006328 0.047866 0.050857 0.009018 0.000778 0.001049 -0.000233 0.127289 -0.000013 -0.000401 -0.000330 0.025952 0.462178 1.715537 1.134942 0.952134 0.472427 -0.521116 -0.002024 -0.024998 -0.150582 -0.038599 0.295986 0.329194 0.311506 0.112719 0.106855 0.016288 -0.018038 -0.204165 -0.083436 0.021521 0.005730 0.486951 0.244080 -0.187689
0.000455 0.011191 0.028763 0.409965 0.009181 0.000016 0.006287 0.001462 0.001687 0.034898 0.011098 0.009760 -0.358145 1.036777 1.272925 0.095261 0.058653 0.263516 1.151027 1.102109 0.078774 0.002280 0.016552 0.017244 0.025300 0.002988 0.000927 -0.000447 0.029587 0.303802 -0.040705 -0.012702 -0.014123 0.021954 0.665472 1.719936 1.849791 0.859208 0.570977 0.022121 0.018975 -0.014810 0.073524 0.091038 0.007394 0.007431 0.113110 0.019250 0.137681 0.111395 0.153991 -0.079443 -0.000225 0.000103 0.000222 0.045701 0.055629 0.053329
-0.001028 0.000209 0.000908 0.102562 0.015324 0.000212 0.000348 0.000657 0.001266 0.012359 0.000795 0.000026 0.002536 0.549830 0.392110 0.175522 0.059754 0.020175 0.851977 0.869491 0.017932 0.002588 0.028726 0.011511 0.008103 0.004330 -0.000064 -0.000603 0.080156 0.317045 0.323414 0.015846 -0.015344 -0.010942 0.813713 1.672301 0.818503 0.738234 0.794035 0.278728 0.165839 0.000448 0.000936 0.001994 0.000360 0.000360 0.000210 0.068360 0.032258 0.058097 0.214225 0.110990 -0.000051 -0.000103 -0.000222 0.001071 0.000222 0.001127
-0.001249 -0.000518 0.000394 0.002541 0.002149 -0.001077 -0.000521 -0.001526 -0.001765 0.000000 -0.000100 0.036138 1.221417 0.766757 0.422731 0.112469 -0.106099 0.236390 0.932544 0.103055 0.088020 0.023735 0.019812 0.003946 0.000702 0.001809 0.001005 0.071855 0.131460 0.309903 0.298549 0.124498 -0.009045 0.194253 1.215805 1.474412 1.011116 0.618025 0.666350 0.317305 0.182390 0.045845 -0.000211 -0.001026 -0.000360 -0.000360 -0.000195 0.225604 -0.060231 -0.015951 0.190865 0.507059 -0.000941 -0.011146 -0.012788 -0.000389 -0.000222 -0.001724
0.108655 -0.009716 -0.002802 -0.001238 -0.001788 -0.004166 -0.019810 -0.023459 -0.027215 -0.003663 -0.095181 1.610746 1.360682 0.247323 0.082667 0.265086 0.478092 0.316646 0.128537 0.046017 0.091724 0.051616 0.010996 0.000222 0.001020 0.017511 0.019801 0.187599 0.200952 0.013792 0.020109 0.013876 0.001362 0.263969 1.085407 1.283465 0.846335 0.796499 0.663024 0.403425 0.217775 0.023090 -0.001069 -0.001963 -0.123965 -0.039770 0.000592 0.145614 -0.088602 -0.016178 0.197245 0.468441 0.382046 -0.056212 -0.024822 -0.001031 -0.006909 -0.011120
0.124833 -0.519608 0.087471 -0.002066 -0.002426 0.119290 -0.407146 -0.418906 -0.426059 -0.499384 0.806908 0.853847 0.408831 0.345358 0.015629 0.150409 1.074367 0.111952 0.038240 0.037486 0.049015 0.071097 0.005389 -0.000222 0.002126 0.012152 0.008508 0.125232 0.007729 0.006698 0.006698 0.000657 0.000072 0.393194 1.127594 1.176882 0.826742 0.681015 0.650269 0.472787 0.273312 0.043349 -0.007530 -0.150400 -0.124424 -0.043706 0.010673 0.163448 -0.073535 0.021926 0.271090 0.481450 0.498762 0.079190 -0.002417 -0.001880 -0.015301 0.052196
0.095279 -0.236480 0.131369 -0.051279 -0.088867 0.298385 -0.109512 0.029358 -0.034602 -0.365634 0.688019 0.564800 0.424253 0.352596 0.055562 0.124297 0.017644 0.030447 0.022506 0.038394 0.017858 0.045842 0.034921 0.011644 0.005865 0.001299 0.000799 0.049580 0.000010 0.000360 0.000360 0.000076 -0.000157 0.683565 1.436984 0.987765 0.718574 0.569381 0.687374 0.679977 0.627619 0.189908 0.074062 -0.467527 -0.110207 -0.016670 0.128052 0.370242 0.043694 0.076298 0.221828 0.579390 0.743424 0.188981 0.000000 -0.000459 -0.015016 0.056249
0.092858 -0.054174 0.245982 -0.092854 -0.094210 0.246762 0.004878 0.251982 0.193470 -0.353753 0.569345 0.495918 0.419648 0.361931 0.124937 0.112355 0.000824 0.000935 0.013264 0.017486 0.007317 0.018923 0.020785 0.037008 0.002610 -0.000367 -0.000008 0.000149 -0.027450 -0.000360 -0.000360 -0.000207 0.001929 0.892176 1.410699 0.803530 0.591321 0.516098 0.557695 0.581950 0.699519 0.428493 0.200178 -0.280321 -0.074219 0.001178 0.010146 0.014199 0.102214 0.100728 0.280104 0.294056 0.851168 0.272474 -0.016232 -0.000914 -0.002827 0.000496
0.004951 0.058416 0.634504 0.012827 0.049227 0.338999 0.172854 0.532224 0.487646 -0.287727 0.446926 0.027424 0.622994 0.577150 0.370152 0.160972 0.008253 0.007665 0.004515 0.000007 0.000352 0.006416 0.010469 0.007603 -0.000686 -0.021044 -0.003209 -0.000459 -0.149938 -0.007325 -0.005117 -0.000454 0.017787 0.969442 1.538033 0.878125 0.662906 0.461985 0.475243 0.706533 0.940913 1.071545 0.330208 -0.159245 0.000458 0.000061 0.000586 0.006344 0.000771 0.069198 0.462128 0.540777 0.739824 0.558682 0.105569 0.114585 -0.091127 -0.007839
-0.024920 0.344452 0.847851 0.009819 0.036233 0.513711 0.159692 0.076776 0.618077 0.045083 0.039997 0.021506 0.019185 0.294373 0.518731 0.273920 0.013821 0.006129 -0.000108 -0.007635 -0.000352 -0.000007 0.000068 0.000120 0.014722 -0.059348 -0.016236 -0.006875 -0.065313 -0.168026 -0.008231 -0.008036 0.336719 1.066577 0.975189 0.616625 0.469644 0.448957 0.575306 0.503254 0.761572 0.745006 0.555572 0.073604 0.069660 -0.000152 -0.000069 0.000000 0.000067 0.004115 0.085673 0.094735 0.190905 0.380780 0.168101 0.191255 0.164985 0.332764
