use_cases/Flooding_chicago/flooding_data/output/hUy_3180.asc
ncols 337
nrows 393
xllcorner 428428.000000
yllcorner 4602440.000000
cellsize 26.757400
NODATA_value -9999.000000
[rows 104 to 129 of 393, columns 232 to 289 of 337]
0.483427 0.753627 0.434403 0.299380 0.385128 0.279819 -0.256677 0.369437 1.155263 2.113648 2.238616 2.860732 2.644575 0.255145 0.406004 1.572485 2.615272 3.505248 4.074601 1.631994 0.008975 -0.000380 -0.002415 0.000912 0.000421 0.745851 1.506387 0.629511 0.006965 0.004833 0.033349 1.788881 0.151017 0.260170 0.341238 0.482284 0.364147 0.604257 3.839657 4.120314 5.372314 4.888397 4.625385 6.786278 5.545020 4.517809 4.887102 3.783003 2.313486 -0.332240 0.081123 0.031858 0.013384 0.029862 0.337205 1.500084 0.738430 0.376590
0.648595 0.972771 0.518084 0.399170 0.823962 0.687523 -0.206670 0.702208 1.512221 2.138864 1.464931 2.748533 2.335564 0.515843 0.811220 2.119685 2.862241 3.564813 3.767234 1.286630 0.006351 -0.000539 -0.002161 -0.001884 -0.000547 0.020296 1.055833 0.696223 0.017511 0.012500 0.009797 1.193520 0.002958 0.014006 0.754194 1.062030 1.247462 3.010063 5.540116 5.235659 6.417527 4.132857 5.230431 6.691542 4.994123 4.003163 3.553595 2.852511 1.751130 -0.786842 -0.019363 0.018867 0.012725 0.029971 0.180432 0.040155 0.048948 0.022582
0.974384 0.999953 0.500694 0.428340 0.932162 0.931512 -0.053302 0.950385 1.340129 1.319983 1.402142 1.536577 0.737663 0.922679 1.157300 2.733693 2.664902 3.434701 3.027257 0.623627 -0.001807 0.000042 -0.001588 -0.001685 -0.011039 0.721700 0.873691 0.683508 0.251194 0.148342 0.199837 0.981318 0.010452 0.002401 1.500659 2.296416 1.674452 3.668114 6.022164 3.739121 3.303982 4.230574 6.021547 6.139980 5.111748 3.240113 3.242323 2.453645 1.412620 -0.994882 0.003438 0.009311 0.009922 0.036411 0.113727 0.046694 0.021279 0.026346
1.071879 0.793117 0.187202 0.177245 0.765659 1.227105 0.284793 0.992610 1.208820 1.461536 1.247388 1.310323 1.140053 1.206731 2.183900 3.121938 3.271815 2.793217 2.008240 0.031188 0.015645 -0.000234 -0.000868 -0.011822 -0.066572 1.095109 1.040596 0.589099 0.282329 0.186409 0.427687 1.055311 0.328919 0.282106 1.991330 1.969653 2.431052 4.470462 5.881246 3.941775 3.265827 4.717129 6.288905 7.338044 4.081191 2.691086 0.577510 1.447119 1.530900 -1.098493 0.027367 0.000360 0.000360 0.027649 0.028102 0.034906 0.024990 0.013167
0.843614 0.177255 0.058845 0.092207 1.246532 1.679689 0.499839 0.854155 1.270970 1.144929 1.387729 1.467683 1.349742 1.796742 2.510021 3.823739 3.181022 2.340183 0.983986 0.042269 0.034662 0.009567 -0.004363 -0.092921 0.337947 1.443220 0.936673 0.598719 0.396371 0.332844 1.105964 1.237351 0.880644 1.614252 2.716711 1.782837 3.245010 5.400382 6.182153 4.298904 3.540143 3.018008 2.673696 5.990486 4.373491 1.137087 0.528210 1.569605 1.509644 -0.590389 0.034197 -0.000360 -0.000360 0.001727 0.001445 0.001213 0.013774 0.005982
0.572459 -0.267484 -0.180648 0.021552 1.713833 1.754935 0.573365 0.833394 1.019228 0.982886 1.101919 1.159055 1.454437 2.165156 3.474525 3.306655 1.676081 1.763283 0.038055 0.052778 0.042370 0.030120 -0.076599 0.271608 0.888709 1.547821 0.642442 0.700764 0.565003 0.984717 2.161652 1.917130 1.971857 2.172155 2.434913 2.453715 3.302907 3.922959 4.561822 4.553577 2.139811 3.046305 2.642682 5.454945 3.369235 1.350569 0.522038 0.906340 0.958636 0.236268 0.063684 -0.007953 -0.012593 -0.001452 -0.000545 -0.000093 -0.000000 -0.000003
0.484833 -0.293745 -0.237161 0.031043 1.844313 1.776946 0.643158 0.903837 1.060665 0.983242 0.915934 0.945156 1.302879 2.101199 3.497097 3.202662 1.860759 1.050596 0.059052 0.237508 0.052375 0.049879 0.025433 0.475019 1.015458 1.434111 1.229970 1.293385 1.901767 2.728993 3.405244 2.511379 2.653639 2.516300 2.916385 2.599253 3.046669 3.627373 4.687694 2.586666 2.314566 1.994022 2.943222 4.231979 1.666817 1.541409 0.181177 0.268565 0.448132 0.594717 0.223586 -0.021045 -0.043472 -0.014532 -0.024269 -0.010272 -0.019328 -0.011000
0.516160 -0.226923 -0.227162 0.100356 1.970721 1.687229 0.753842 1.093576 1.007194 0.917362 0.899355 0.893312 1.456287 2.783133 3.650930 3.181251 1.107192 1.067407 0.364855 0.396815 0.332190 0.277395 0.341342 0.633583 1.450368 1.925249 2.065583 2.107843 2.358623 3.299051 3.898118 2.923837 2.629729 2.842309 3.282454 2.154187 1.847307 2.198875 3.152029 2.652063 3.801768 2.802184 1.569042 1.796152 2.908692 1.386701 0.249697 0.069344 0.241002 0.748796 0.529939 -0.053567 -0.080974 -0.028125 -0.055701 -0.044809 -0.028043 -0.023097
0.517978 -0.104469 -0.210355 0.171276 2.423675 1.661066 1.022830 1.161391 0.918342 0.723062 0.553682 0.503436 1.109908 2.708143 4.951328 3.557480 1.517231 1.538972 0.735434 0.575733 0.459708 0.439989 0.426982 1.220592 2.363960 2.803999 2.664465 2.402657 2.754924 3.372240 3.589519 2.694080 2.692875 3.251369 2.475210 0.946504 1.573868 2.072092 3.540105 4.384230 4.502673 1.947450 1.497854 1.903071 1.245843 1.212206 0.265865 0.073474 0.259830 0.436247 0.840402 0.624534 -0.112624 -1.242435 -0.911934 -0.063802 -0.066520 -0.059956
0.473710 0.158017 0.007230 0.442497 2.811048 1.987781 1.092965 1.264890 0.916014 0.612446 0.554121 0.473957 1.161722 2.634754 4.032142 2.914983 1.596124 1.530144 0.820032 0.713146 0.587784 0.757996 1.223693 1.672871 2.568239 3.027172 2.580975 2.463578 2.296316 2.711323 3.362249 2.734293 1.860648 2.221610 1.152774 1.057139 1.535432 1.992879 5.998262 6.023416 3.966558 1.534736 0.586006 1.193309 0.364276 0.271065 0.074760 0.081371 0.035097 0.007951 1.703846 0.715969 0.311778 -0.632708 -0.226496 -0.038030 -0.092665 -0.007584
0.585065 0.501877 0.151121 0.685894 2.585573 2.302789 1.057278 1.299619 0.746192 0.637854 0.500690 0.360995 1.157765 2.661499 2.978575 3.034286 1.290076 1.782403 0.929042 1.013702 0.978539 1.119678 1.799557 2.069740 2.598980 2.888799 2.919490 2.810115 2.540574 2.771178 3.061548 2.806092 2.145147 1.880734 1.791543 1.125901 1.777464 3.039785 6.622755 6.967481 4.326701 0.035756 0.110526 0.845052 0.024709 0.016172 0.029372 0.079948 0.031804 0.004526 0.685878 0.643175 0.208972 -0.295337 0.046061 0.839550 -0.023057 -0.001024
0.707255 0.682181 0.256164 0.967835 2.629268 1.816507 1.081100 1.056450 0.507739 0.365200 0.317920 0.260211 0.883696 2.112794 3.146524 3.161102 2.365122 1.942737 1.206593 1.397139 1.369284 1.443079 2.045933 2.394315 2.413094 3.020132 2.815796 2.280180 2.252931 2.269715 2.626032 2.415926 2.020122 2.328633 1.806384 1.695221 1.123674 4.310439 8.586003 6.593822 2.840147 -0.219957 0.174149 0.063545 0.009760 0.003005 0.003427 0.080242 0.001888 0.000222 0.028865 0.494936 0.092944 -0.240869 0.043050 1.043481 -0.012926 0.006077
0.837823 0.900399 0.429893 1.009297 2.572812 1.296779 0.862428 1.113342 0.530335 0.175444 0.054941 0.075345 0.655888 2.161288 4.258502 4.190227 3.157056 2.589944 1.792405 1.616537 1.657088 2.157857 2.218037 2.431764 2.662855 2.976408 2.906512 2.241652 2.071450 1.897551 2.040150 1.787319 2.005467 2.116231 1.689886 1.750780 1.539046 2.311316 7.454806 3.387657 2.274513 0.073393 0.025506 0.072797 0.000324 0.005222 0.005647 0.024616 0.006167 -0.000222 0.009056 0.026708 0.216317 -0.188480 -0.058496 1.617911 -0.241913 0.000005
1.281172 1.296116 0.603659 1.120697 2.641840 1.161442 0.833838 1.145212 0.237403 0.001901 0.000514 0.000340 0.016158 2.457039 5.574111 5.407894 4.259712 3.225256 2.237297 1.885592 1.749619 2.212535 2.576576 2.991506 2.930342 3.037064 3.229047 2.274649 1.886936 1.374138 1.202118 1.576940 1.535708 1.409081 1.096848 1.323857 0.791630 2.237411 6.280147 4.301030 2.231578 0.049442 0.005911 0.057683 0.007184 0.007311 0.000330 0.000401 0.000013 -0.011047 -0.000478 0.019199 0.011124 0.173574 0.211013 1.168197 0.000035 -0.007487
1.560873 1.508170 0.710213 1.323790 2.409257 1.062356 0.791502 0.728148 0.055320 0.003608 0.000711 -0.000000 -0.003644 2.597862 5.934108 5.387183 4.253218 2.981459 2.301603 1.388493 2.151646 3.227788 3.373261 3.379797 2.763088 2.962705 3.133907 1.950244 1.192615 1.001051 0.561346 1.838713 1.356179 0.931332 0.908384 1.575930 0.216236 3.187381 4.469964 5.984345 2.024144 0.020624 -0.000573 0.000388 0.005583 0.025374 -0.000396 -0.000555 0.015248 -0.103345 0.134752 0.036974 0.022581 0.383557 0.022587 0.061680 0.001002 -0.009687
1.910060 1.769691 0.857176 0.728895 1.052577 0.559805 0.426964 0.620437 -0.371269 -0.217905 -0.000200 -0.000340 -0.000008 2.793047 6.264575 6.595920 5.115485 4.115355 2.758399 1.859830 2.560985 3.532429 3.798804 3.440048 2.207046 2.641770 3.273176 1.335403 0.974394 0.786750 0.320489 1.726772 1.018000 1.104667 1.216343 0.666908 0.568728 1.473356 3.500428 7.098128 2.447816 0.463239 0.103951 0.075088 0.002726 0.031519 -0.079286 -0.079916 0.032567 0.036338 0.039843 0.047923 0.050253 0.332911 0.053741 0.001211 0.000000 -9999.000000
2.761507 1.900551 0.662976 0.155851 0.228119 0.203794 0.147909 0.770099 -0.477327 -0.229039 -0.001742 -0.010917 0.160839 3.668901 7.375437 6.396991 4.860712 3.613344 3.109114 2.267812 2.790129 3.851950 3.744110 2.952897 2.121692 2.987578 3.253541 1.068765 0.722011 0.298313 0.121836 0.027906 0.014064 0.027722 0.165693 0.270267 0.284639 0.730390 4.151532 7.253685 2.795400 0.844657 0.264876 0.161605 0.202229 0.060785 0.079063 0.138222 0.029256 0.047889 0.008628 0.028224 0.052931 0.061888 0.035850 0.006005 -9999.000000 -9999.000000
2.010560 1.890212 0.368256 0.031937 0.084715 0.071018 0.064698 1.075210 -0.529085 0.016364 0.000290 0.244168 1.770568 6.511817 7.709641 6.547116 4.924849 3.561785 2.481115 3.117754 2.938337 3.928559 3.360445 2.435715 1.333398 2.270060 1.947201 0.299890 0.001806 0.001784 0.008845 0.006668 0.016084 0.013279 0.047530 0.085877 0.023368 0.806962 4.130091 7.729296 3.389465 0.479032 0.179448 0.051231 0.116403 0.097124 0.046136 0.162956 0.023680 0.003708 0.005540 0.021308 0.024375 0.025687 0.006089 0.005465 -9999.000000 -9999.000000
2.034087 2.129573 0.496440 0.056780 0.008085 0.017390 0.017743 0.051689 0.010759 0.009177 0.000744 0.760949 2.296149 6.559538 7.844503 6.503225 4.746756 3.991328 2.590472 2.354189 2.550594 3.266207 2.583586 1.557308 0.945792 2.017416 1.798185 -0.281873 0.001290 0.007148 0.043079 0.016586 0.050895 0.003787 0.037123 0.028485 0.013049 0.729374 4.310639 8.526085 3.342176 0.656980 0.153028 0.015046 0.180299 0.118388 0.106363 0.298009 0.124501 0.025308 0.001802 0.013963 0.087618 0.072560 0.009043 0.000633 -9999.000000 -9999.000000
1.121302 2.012907 0.580566 0.038664 0.000066 0.001901 0.010305 0.002028 0.000622 0.000184 0.000064 1.664738 3.593694 7.543694 8.323382 6.543890 4.534298 3.826633 2.355523 2.313505 2.736026 2.835204 1.752420 1.139526 0.435218 1.733340 1.957757 -0.456341 0.017542 0.050849 0.037186 0.046499 0.024739 0.008244 0.008426 0.010401 0.001099 0.260983 2.179589 7.406374 5.025065 1.064701 0.199848 0.052118 0.265379 0.187855 0.045410 0.049257 0.026761 0.026994 0.010622 0.066010 0.044828 0.018443 0.000803 -9999.000000 -9999.000000 -9999.000000
0.735599 0.495724 0.356274 0.157051 0.010067 0.002368 0.000446 0.000175 -0.000263 -0.000153 -0.000161 2.315467 4.108288 8.713964 8.885509 7.832297 4.908155 3.605260 2.285381 1.956261 2.588679 2.436808 1.413973 0.730927 -0.059470 1.227523 2.133779 -0.407076 0.013964 0.032225 0.020821 0.013491 0.014039 0.000376 0.000723 0.000376 0.000070 0.226662 1.112595 5.674672 6.954893 1.814977 0.461986 0.084579 0.185453 0.051844 0.030032 0.009379 0.019048 0.004711 0.018767 0.068646 0.006621 0.000212 -9999.000000 -9999.000000 -9999.000000 -9999.000000
0.040420 0.028616 0.101880 0.099630 0.071054 0.019529 0.000584 -0.000535 -0.005275 -0.006907 -0.000542 3.525349 5.134545 11.612809 12.252577 7.404792 4.168345 3.107765 1.850459 2.162318 2.541656 2.263180 1.136673 0.493509 -0.432547 1.212869 2.049230 0.024154 0.015237 0.014291 0.007168 0.001330 0.018815 -0.000376 -0.000723 -0.000376 -0.000259 0.260740 0.369205 2.759510 8.880238 6.016356 0.857870 0.012241 0.099065 0.067793 0.005029 0.000096 0.001895 0.001405 0.023630 0.020602 0.001230 -9999.000000 -9999.000000 -9999.000000 -9999.000000 -9999.000000
0.007085 0.007030 0.077427 0.050179 0.017014 0.028747 0.001060 -0.007504 -0.023132 -0.291036 0.233230 4.640052 7.031181 13.279017 12.833384 7.108197 3.720173 2.927423 1.019612 1.807373 2.038550 1.921252 0.930245 0.752602 -0.140439 0.022547 0.014478 0.012703 0.005869 0.000340 0.000156 0.000094 0.000007 0.363593 0.180688 0.156528 0.137811 0.314044 0.110164 0.241721 6.800745 6.722373 3.160685 0.009833 0.067656 0.054494 0.016051 0.001795 0.000385 0.003123 0.015745 0.000759 -9999.000000 -9999.000000 -9999.000000 -9999.000000 -9999.000000 -9999.000000
0.000998 0.000929 0.064400 0.009124 0.008678 0.024016 0.002688 -0.019165 -0.868553 -0.189827 1.553453 4.159877 7.114120 13.398381 12.509761 6.773460 2.602216 1.815784 0.555903 1.765922 1.837135 1.971518 1.221157 1.608692 0.181955 0.011617 0.005401 0.000862 0.000338 -0.000000 -0.000100 -0.000215 0.316768 0.370274 0.008616 0.011861 0.007974 0.022658 0.002133 0.003833 3.544285 7.345895 3.591732 0.033416 0.036798 0.014981 0.023306 0.005366 -0.000145 0.001876 0.003698 -9999.000000 -9999.000000 -9999.000000 -9999.000000 -9999.000000 -9999.000000 -9999.000000
0.404430 0.001346 0.024656 0.003296 0.002266 0.011714 0.004596 0.086206 -0.743218 0.177647 2.681279 5.073055 8.276306 15.699483 14.932742 7.279402 2.314276 0.387161 0.094143 0.771551 0.765730 0.779860 0.662098 2.348520 0.184724 0.094622 0.000845 0.003321 0.000528 -0.000340 -0.001097 0.105643 0.258480 0.001298 0.000600 0.000779 0.000388 0.000720 0.000394 0.002985 2.919973 6.893969 5.836460 0.019329 0.006305 0.020978 0.025167 0.010199 -0.000302 0.002687 0.009197 0.002482 -9999.000000 -9999.000000 -9999.000000 -9999.000000 -9999.000000 -9999.000000
1.436573 0.301102 0.003157 0.007447 0.003054 0.000678 0.037273 0.160005 0.088240 0.200050 1.427643 5.637074 9.488327 13.013599 11.506427 7.839834 3.751176 0.348394 0.261557 0.883034 0.960705 0.461118 0.743974 0.931489 0.347024 0.216503 0.002459 0.027899 0.002381 0.001575 -0.001174 0.125250 0.137387 0.000689 -0.000292 -0.000726 -0.000369 0.001109 0.000854 0.003607 2.104562 7.900099 5.832854 0.000782 0.000634 -0.024382 0.226383 0.090579 0.001779 0.001152 0.028107 0.003825 -9999.000000 -9999.000000 -9999.000000 -9999.000000 -9999.000000 -9999.000000
