use_cases/Flooding_chicago/flooding_data/output/hUy_2820.asc
ncols 337
nrows 393
xllcorner 428428.000000
yllcorner 4602440.000000
cellsize 26.757400
NODATA_value -9999.000000
[rows 260 to 285 of 393, columns 0 to 57 of 337]
-9999.000000 -9999.000000 -9999.000000 -9999.000000 -9999.000000 -9999.000000 -9999.000000 -9999.000000 -9999.000000 -9999.000000 -9999.000000 -9999.000000 -9999.000000 -9999.000000 -9999.000000 -9999.000000 -9999.000000 -9999.000000 -9999.000000 -9999.000000 -9999.000000 -9999.000000 -9999.000000 -9999.000000 -9999.000000 -9999.000000 -9999.000000 -9999.000000 -9999.000000 0.016041 0.433911 0.950694 1.500637 1.511175 0.861935 1.074690 1.236873 1.725604 0.888373 0.661024 0.558357 0.913980 0.528349 -0.000897 -0.094089 -0.237286 0.010851 -0.002345 -0.416520 -0.774687 -0.956128 -0.791588 -0.602193 -0.687592 -0.067324 -0.165436 0.388894 -0.027055
-9999.000000 -9999.000000 -9999.000000 -9999.000000 -9999.000000 -9999.000000 -9999.000000 -9999.000000 -9999.000000 -9999.000000 -9999.000000 -9999.000000 -9999.000000 -9999.000000 -9999.000000 -9999.000000 -9999.000000 -9999.000000 -9999.000000 -9999.000000 -9999.000000 -9999.000000 -9999.000000 -9999.000000 -9999.000000 -9999.000000 -9999.000000 -9999.000000 -9999.000000 0.003663 0.013827 0.298309 1.019808 1.939852 1.449926 0.529809 1.152190 1.469900 0.900444 0.789539 0.560873 1.074617 0.744119 0.034564 -0.082991 -0.332024 0.042205 0.113654 -0.365266 -0.599050 -0.707575 -0.609071 -0.407665 -0.487306 0.016252 -0.083052 0.767736 0.518073
-9999.000000 -9999.000000 -9999.000000 -9999.000000 -9999.000000 -9999.000000 -9999.000000 -9999.000000 -9999.000000 -9999.000000 -9999.000000 -9999.000000 -9999.000000 -9999.000000 -9999.000000 -9999.000000 -9999.000000 -9999.000000 -9999.000000 -9999.000000 -9999.000000 -9999.000000 -9999.000000 -9999.000000 -9999.000000 -9999.000000 -9999.000000 -9999.000000 -9999.000000 0.000000 0.000393 0.003768 0.628867 1.203913 0.930367 0.967022 1.018739 1.369040 1.148527 0.796979 0.783805 1.122181 0.683629 0.091360 -0.062541 -0.278426 -0.003669 0.252669 -0.167743 -0.489773 -0.388892 -0.340100 -0.387183 -0.349436 0.230309 0.044383 0.144281 0.194743
-9999.000000 -9999.000000 -9999.000000 -9999.000000 -9999.000000 -9999.000000 -9999.000000 -9999.000000 -9999.000000 -9999.000000 -9999.000000 -9999.000000 -9999.000000 -9999.000000 -9999.000000 -9999.000000 -9999.000000 -9999.000000 -9999.000000 -9999.000000 -9999.000000 -9999.000000 -9999.000000 -9999.000000 -9999.000000 -9999.000000 -9999.000000 -9999.000000 -9999.000000 -0.000545 0.000507 0.009842 0.031398 0.739544 0.543698 0.829517 1.079010 1.035415 0.856643 0.927736 1.127394 1.404862 0.646361 0.143190 -0.183744 -0.334801 -0.051225 0.417055 0.043422 -0.225026 -0.168420 -0.239671 -0.313690 -0.258337 0.028382 0.037226 0.013865 0.052347
-9999.000000 -9999.000000 -9999.000000 -9999.000000 -9999.000000 -9999.000000 -9999.000000 -9999.000000 -9999.000000 -9999.000000 -9999.000000 -9999.000000 -9999.000000 -9999.000000 -9999.000000 -9999.000000 -9999.000000 -9999.000000 -9999.000000 -9999.000000 -9999.000000 -9999.000000 -9999.000000 -9999.000000 -9999.000000 -9999.000000 -9999.000000 0.002015 0.000844 -0.000547 0.001161 0.010691 0.044902 0.066601 0.055292 0.648854 1.069318 1.138115 0.568148 0.765499 1.075877 1.494868 0.818694 0.227226 -0.253426 -0.352322 -0.057797 0.689467 0.292948 -0.046426 0.014974 -0.096672 -0.193167 0.003818 0.028179 0.027434 0.022743 0.111757
-9999.000000 -9999.000000 -9999.000000 -9999.000000 -9999.000000 -9999.000000 -9999.000000 -9999.000000 -9999.000000 -9999.000000 -9999.000000 -9999.000000 -9999.000000 -9999.000000 -9999.000000 -9999.000000 -9999.000000 -9999.000000 -9999.000000 -9999.000000 -9999.000000 -9999.000000 -9999.000000 0.000627 0.001204 0.000057 0.060732 0.000989 0.000812 -0.005858 0.000156 0.001903 0.038455 0.087168 0.090099 0.222888 0.961676 1.171752 0.533973 0.453866 0.628086 1.412529 0.788010 0.283646 -0.230263 -0.428034 -0.089676 1.013394 0.779531 0.016881 0.287800 -0.051069 -0.089387 0.314280 0.023552 0.031043 0.044974 0.067452
-9999.000000 -9999.000000 -9999.000000 -9999.000000 -9999.000000 -9999.000000 -9999.000000 -9999.000000 -9999.000000 -9999.000000 -9999.000000 -9999.000000 -9999.000000 -9999.000000 -9999.000000 -9999.000000 -9999.000000 -9999.000000 -9999.000000 -9999.000000 -9999.000000 -9999.000000 0.001230 0.000471 -0.000048 -0.003255 0.064774 0.001148 0.000347 -0.008060 -0.004156 0.000913 0.001322 0.112765 0.121989 0.386028 0.892972 1.157106 0.533741 0.449970 0.606533 1.418293 0.926419 0.501950 -0.023056 -0.205084 0.001385 0.013679 0.013972 0.077578 1.218471 0.062686 0.056736 0.742170 0.053399 0.100167 0.047042 0.053908
-9999.000000 -9999.000000 -9999.000000 -9999.000000 -9999.000000 -9999.000000 -9999.000000 -9999.000000 -9999.000000 -9999.000000 -9999.000000 -9999.000000 -9999.000000 -9999.000000 -9999.000000 -9999.000000 -9999.000000 -9999.000000 -9999.000000 -9999.000000 -9999.000000 0.002180 0.000578 -0.000433 -0.000343 -0.007292 0.043149 0.001632 -0.000287 -0.002993 -0.074474 0.002129 0.002041 0.154182 0.172173 0.728328 1.156097 1.283794 0.477956 0.476087 0.550965 1.288126 0.896998 0.826389 0.342480 -0.000463 0.001122 0.007401 0.007897 0.030987 0.050674 0.036172 0.039619 0.256963 0.141245 0.067925 0.060544 0.053392
-9999.000000 -9999.000000 -9999.000000 -9999.000000 -9999.000000 -9999.000000 -9999.000000 -9999.000000 -9999.000000 -9999.000000 -9999.000000 -9999.000000 -9999.000000 -9999.000000 -9999.000000 -9999.000000 -9999.000000 -9999.000000 -9999.000000 -9999.000000 0.007271 0.003101 -0.000721 -0.010508 -0.105794 -0.000111 0.001119 0.002015 -0.000654 -0.130172 0.017259 0.388676 0.292882 0.523706 0.925962 1.074788 1.101729 0.968647 0.028989 0.038845 0.036287 0.609842 1.172385 0.541075 0.590945 0.000406 0.000000 0.000010 0.000472 0.022325 0.016137 0.009635 0.045070 0.118305 0.117446 0.058036 0.082250 0.047692
-9999.000000 -9999.000000 -9999.000000 -9999.000000 -9999.000000 -9999.000000 -9999.000000 -9999.000000 -9999.000000 -9999.000000 -9999.000000 -9999.000000 -9999.000000 -9999.000000 -9999.000000 -9999.000000 -9999.000000 -9999.000000 -9999.000000 0.000530 0.028945 0.003500 -0.008097 -1.087326 -0.195829 0.199986 0.000151 0.000000 0.000571 -0.110080 0.622474 0.987780 0.648747 0.611121 1.560164 0.199107 0.152951 0.156139 0.033571 0.052851 0.042685 0.632922 0.819239 0.640695 0.744841 0.161213 -0.006841 -0.008443 -0.000221 0.000513 0.001075 0.001286 0.038831 0.050659 0.041085 0.062299 0.107824 0.032729
-9999.000000 -9999.000000 -9999.000000 -9999.000000 -9999.000000 -9999.000000 -9999.000000 -9999.000000 -9999.000000 -9999.000000 -9999.000000 -9999.000000 -9999.000000 -9999.000000 -9999.000000 -9999.000000 -9999.000000 -9999.000000 0.000000 0.000000 0.010490 0.000994 -0.003155 -1.322035 0.095040 0.750058 -0.070000 0.204466 0.001693 -0.023554 1.169670 1.292349 0.674894 0.243769 0.244744 0.009563 0.027239 0.017445 0.029974 0.104280 0.090255 0.082944 0.959715 0.693483 0.819519 0.312751 0.046249 -0.016739 -0.009756 -0.000587 -0.000607 -0.000023 0.000625 0.003591 0.016082 0.068979 0.072000 0.013510
-9999.000000 -9999.000000 -9999.000000 -9999.000000 -9999.000000 -9999.000000 -9999.000000 -9999.000000 -9999.000000 -9999.000000 -9999.000000 -9999.000000 -9999.000000 -9999.000000 -9999.000000 -9999.000000 -9999.000000 -9999.000000 -0.009284 -0.005237 0.000000 0.000088 0.023100 -1.319017 0.132439 0.788024 0.123418 0.425075 0.110803 0.119277 1.279618 0.928210 0.488999 -0.387029 0.192481 0.013371 0.059508 0.002306 0.006220 0.043804 0.029929 0.014304 0.159483 0.427586 0.781944 0.502107 0.208447 0.058236 0.021145 -0.059595 0.032161 0.031522 -0.000491 -0.000728 0.002806 0.030492 0.032041 0.001380
-9999.000000 -9999.000000 -9999.000000 -9999.000000 -9999.000000 -9999.000000 -9999.000000 -9999.000000 -9999.000000 -9999.000000 -9999.000000 -9999.000000 -9999.000000 -9999.000000 -9999.000000 -9999.000000 -9999.000000 -0.002144 -0.036670 -0.013347 -0.001155 -0.000613 0.006899 -0.147796 0.534535 0.979369 0.134435 0.566491 0.031286 0.416477 1.696620 0.681570 0.380500 -0.148419 0.221150 0.011644 0.104548 0.002861 0.015873 0.015013 0.006911 0.032163 0.015318 0.182130 1.061639 0.669071 0.238527 0.204738 0.149146 0.042543 0.086855 0.049916 -0.033388 0.003367 0.000622 0.000222 0.038947 0.000379
-9999.000000 -9999.000000 -9999.000000 -9999.000000 -9999.000000 -9999.000000 -9999.000000 -9999.000000 -9999.000000 -9999.000000 -9999.000000 -9999.000000 -9999.000000 -9999.000000 -9999.000000 -9999.000000 -9999.000000 -0.005326 -0.052787 -0.001391 -0.001019 -0.000876 -0.000025 0.029594 0.028851 0.042598 0.170069 0.550788 0.051905 0.048584 0.039358 0.050210 0.523123 1.618146 0.381535 0.651281 0.199089 0.001750 0.027404 0.029709 0.025246 0.078966 0.050966 0.037000 0.483451 0.321940 0.180945 0.093337 0.133762 0.152700 0.154884 0.049418 -0.012570 0.003063 0.002369 -0.000222 0.027555 0.000833
-9999.000000 -9999.000000 -9999.000000 -9999.000000 -9999.000000 -9999.000000 -9999.000000 -9999.000000 -9999.000000 -9999.000000 -9999.000000 -9999.000000 -9999.000000 -9999.000000 -9999.000000 -9999.000000 -9999.000000 -9999.000000 -0.028248 -0.006230 -0.009369 -0.004856 -0.000023 0.706337 0.288732 0.064751 0.367898 0.253865 0.075561 0.069764 0.036536 0.025565 0.019567 0.053397 0.243102 0.333351 0.338035 0.139380 0.049919 0.045166 0.009310 0.018121 0.025016 0.016718 0.147870 0.361116 0.332648 0.185894 0.190021 0.192295 0.183376 0.016403 0.010332 0.026147 0.005351 0.004470 0.002561 0.002540
-9999.000000 -9999.000000 -9999.000000 -9999.000000 -9999.000000 -9999.000000 -9999.000000 -9999.000000 -9999.000000 -9999.000000 -9999.000000 -9999.000000 -9999.000000 -9999.000000 -9999.000000 -9999.000000 -9999.000000 -9999.000000 -9999.000000 -0.015262 -0.013996 -0.013610 0.002642 0.018683 0.161637 0.172713 0.071486 0.121407 0.074266 0.076665 0.033326 0.004315 0.020543 0.060386 0.080351 0.033118 0.577715 0.252377 0.102260 0.038678 0.000214 0.001201 0.009904 0.007326 0.009143 0.160630 0.201637 0.292017 0.186513 0.265982 0.423044 0.005118 0.002801 0.015897 0.005150 0.001844 0.003201 0.000197
-9999.000000 -9999.000000 -9999.000000 -9999.000000 -9999.000000 -9999.000000 -9999.000000 -9999.000000 -9999.000000 -9999.000000 -9999.000000 -9999.000000 -9999.000000 -9999.000000 -9999.000000 -9999.000000 -9999.000000 -9999.000000 -9999.000000 -9999.000000 -9999.000000 -0.001247 0.000141 0.005208 0.015713 0.036774 0.036137 0.020993 0.228409 0.077401 0.040762 0.000779 0.011608 0.036385 0.061789 0.021397 0.024877 0.228225 0.288509 0.159484 -0.000090 0.000069 0.000360 0.000360 0.000308 0.065152 0.070293 0.343768 0.670699 0.201244 0.580490 0.125414 0.003164 0.000003 0.000069 0.001121 0.000000 -0.002341
-9999.000000 -9999.000000 -9999.000000 -9999.000000 -9999.000000 -9999.000000 -9999.000000 -9999.000000 -9999.000000 -9999.000000 -9999.000000 -9999.000000 -9999.000000 -9999.000000 -9999.000000 -9999.000000 -9999.000000 -9999.000000 -9999.000000 -9999.000000 -9999.000000 -9999.000000 -9999.000000 0.000740 0.002394 0.002012 0.014261 0.011220 0.089654 0.054577 0.109639 0.000698 0.002525 0.002889 0.037275 0.003663 0.006319 0.005349 0.233249 1.628598 0.168673 -0.000315 -0.000360 -0.000360 0.000180 0.140715 0.149703 0.408355 0.240299 0.142951 0.403547 0.099616 0.002805 -0.023144 0.000117 -0.000271 -0.002757 -0.002736
-9999.000000 -9999.000000 -9999.000000 -9999.000000 -9999.000000 -9999.000000 -9999.000000 -9999.000000 -9999.000000 -9999.000000 -9999.000000 -9999.000000 -9999.000000 -9999.000000 -9999.000000 -9999.000000 -9999.000000 -9999.000000 -9999.000000 -9999.000000 -9999.000000 -9999.000000 -9999.000000 -0.000261 -0.000254 0.000042 0.000005 0.000326 0.007224 0.000279 0.133490 -0.000385 0.001458 0.004439 0.003612 0.000000 0.000000 0.000000 0.053603 0.304237 0.072814 0.037393 0.007677 -0.000916 -0.000632 0.197506 0.232050 0.237837 0.000702 0.002316 0.006859 0.012254 0.009636 -0.026439 0.000189 -0.001441 -0.003495 -0.001819
-9999.000000 -9999.000000 -9999.000000 -9999.000000 -9999.000000 -9999.000000 -9999.000000 -9999.000000 -9999.000000 -9999.000000 -9999.000000 -9999.000000 -9999.000000 -9999.000000 -9999.000000 -9999.000000 -9999.000000 -9999.000000 -9999.000000 -9999.000000 -9999.000000 -9999.000000 -9999.000000 -9999.000000 -0.002058 -0.001798 -0.002483 -0.000208 -0.000003 0.000239 0.172966 0.062211 0.000345 0.000507 0.001256 -0.009618 -0.008647 0.041605 0.052855 0.035594 0.023852 0.018132 0.011988 0.003086 0.023638 0.168671 0.239459 0.288745 -0.000425 -0.000567 0.002846 0.013353 0.050994 -0.002735 -0.000637 -0.002215 -0.002306 -0.010637
-9999.000000 -9999.000000 -9999.000000 -9999.000000 -9999.000000 -9999.000000 -9999.000000 -9999.000000 -9999.000000 -9999.000000 -9999.000000 -9999.000000 -9999.000000 -9999.000000 -9999.000000 -9999.000000 -9999.000000 -9999.000000 -9999.000000 -9999.000000 -9999.000000 -9999.000000 -9999.000000 -9999.000000 -9999.000000 -9999.000000 -9999.000000 -0.001505 -0.000908 -0.000027 0.006744 0.065198 0.001147 0.000853 0.001109 -0.022504 0.017018 0.053451 0.059638 0.031563 0.018657 0.014539 0.007260 0.006184 0.028272 0.129888 0.198820 0.252815 0.187791 -0.095358 -0.003626 0.006155 0.012108 -0.002535 -0.009142 -0.009548 -0.012733 -0.032516
-9999.000000 -9999.000000 -9999.000000 -9999.000000 -9999.000000 -9999.000000 -9999.000000 -9999.000000 -9999.000000 -9999.000000 -9999.000000 -9999.000000 -9999.000000 -9999.000000 -9999.000000 -9999.000000 -9999.000000 -9999.000000 -9999.000000 -9999.000000 -9999.000000 -9999.000000 -9999.000000 -9999.000000 -9999.000000 -9999.000000 -9999.000000 -9999.000000 -9999.000000 -9999.000000 0.000000 0.000396 0.000898 0.000935 0.006404 0.054722 0.048274 0.120862 0.115633 0.023203 0.000007 -0.000284 -0.005978 -0.001820 0.000222 0.000235 0.146407 0.227745 0.144272 -0.029528 -0.001275 0.000138 0.000222 -0.004193 -0.023826 -0.039020 -0.039247 -0.010902
-9999.000000 -9999.000000 -9999.000000 -9999.000000 -9999.000000 -9999.000000 -9999.000000 -9999.000000 -9999.000000 -9999.000000 -9999.000000 -9999.000000 -9999.000000 -9999.000000 -9999.000000 -9999.000000 -9999.000000 -9999.000000 -9999.000000 -9999.000000 -9999.000000 -9999.000000 -9999.000000 -9999.000000 -9999.000000 -9999.000000 -9999.000000 -9999.000000 -9999.000000 -9999.000000 -9999.000000 -0.000896 -0.000957 0.000813 0.038148 0.039445 0.020594 0.026010 0.035898 0.003611 -0.010143 -0.008493 -0.012065 -0.011441 -0.000222 -0.000136 0.032236 0.032032 0.140619 0.101160 -0.000346 -0.000134 -0.000222 -0.001640 -0.025577 -0.317783 -0.348577 0.028503
-9999.000000 -9999.000000 -9999.000000 -9999.000000 -9999.000000 -9999.000000 -9999.000000 -9999.000000 -9999.000000 -9999.000000 -9999.000000 -9999.000000 -9999.000000 -9999.000000 -9999.000000 -9999.000000 -9999.000000 -9999.000000 -9999.000000 -9999.000000 -9999.000000 -9999.000000 -9999.000000 -9999.000000 -9999.000000 -9999.000000 -9999.000000 -9999.000000 -9999.000000 -9999.000000 -9999.000000 -9999.000000 -9999.000000 0.001188 0.011753 0.013837 0.009973 0.012729 0.007408 0.001216 -0.004700 -0.005383 0.019704 -0.005040 0.007430 -0.017307 -0.001399 0.007617 0.056215 0.125175 -0.091228 -0.018136 -0.007192 -0.001807 -0.148404 -0.272210 -0.193775 0.056265
-9999.000000 -9999.000000 -9999.000000 -9999.000000 -9999.000000 -9999.000000 -9999.000000 -9999.000000 -9999.000000 -9999.000000 -9999.000000 -9999.000000 -9999.000000 -9999.000000 -9999.000000 -9999.000000 -9999.000000 -9999.000000 -9999.000000 -9999.000000 -9999.000000 -9999.000000 -9999.000000 -9999.000000 -9999.000000 -9999.000000 -9999.000000 -9999.000000 -9999.000000 -9999.000000 -9999.000000 -9999.000000 -9999.000000 0.001066 0.000000 0.000004 0.000172 0.000005 0.000266 0.000295 -0.000380 0.000298 0.172692 0.126681 0.107569 0.049326 0.057261 0.000057 -0.061638 -0.044193 -0.107953 -0.205918 -0.015157 -0.002566 -0.033626 -0.202501 -0.078052 0.085994
-9999.000000 -9999.000000 -9999.000000 -9999.000000 -9999.000000 -9999.000000 -9999.000000 -9999.000000 -9999.000000 -9999.000000 -9999.000000 -9999.000000 -9999.000000 -9999.000000 -9999.000000 -9999.000000 -9999.000000 -9999.000000 -9999.000000 -9999.000000 -9999.000000 -9999.000000 -9999.000000 -9999.000000 -9999.000000 -9999.000000 -9999.000000 -9999.000000 -9999.000000 -9999.000000 -9999.000000 -9999.000000 -9999.000000 0.000000 -0.009040 -0.009390 -0.000488 -0.009308 -0.000200 0.000351 0.000304 0.003874 0.057937 0.045766 0.034371 0.018468 0.050842 0.111850 -0.025897 -0.096178 -0.132056 -0.197266 -0.185683 -0.001166 -0.001145 -0.019836 -0.003207 0.071292
