use_cases/Flooding_chicago/flooding_data/output/hUy_2700.asc
ncols 337
nrows 393
xllcorner 428428.000000
yllcorner 4602440.000000
cellsize 26.757400
NODATA_value -9999.000000
[rows 156 to 181 of 393, columns 174 to 231 of 337]
1.743465 1.264553 0.646143 0.440319 1.358081 0.774141 0.137622 0.360908 0.496952 0.371257 0.608761 1.188425 0.639095 0.052627 0.016249 0.000886 0.040215 0.068979 0.020618 0.000372 0.000222 0.000103 1.013579 3.731853 4.585482 1.275725 0.020149 0.037251 0.045265 0.010604 0.001028 0.001447 0.014817 0.005878 0.005878 0.000199 0.000063 0.119199 0.420588 0.277824 0.325102 1.371475 1.697872 0.407164 0.656506 1.407413 0.750560 0.000052 0.001960 0.015203 0.016841 0.004840 0.007960 0.038311 0.068040 0.037189 0.912839 0.856748
2.162334 1.290187 0.543856 0.318560 0.423424 1.113709 0.407142 0.285317 0.310927 0.427360 0.665118 1.242494 -0.122571 0.376122 0.017145 0.000558 0.007407 0.030773 0.006665 0.000296 -0.000222 -0.000103 1.565431 4.612073 5.073862 0.007779 0.009283 0.015794 0.016200 0.001347 -0.000293 -0.000214 0.000000 0.000000 0.000000 -0.000070 -0.000064 0.234729 0.273004 0.163137 0.152649 4.151058 1.972379 0.172969 0.612539 2.685774 2.341226 0.129761 0.001073 0.003329 0.004978 0.019428 0.042211 0.023610 0.017949 0.009285 0.257362 2.002187
2.944423 0.299306 0.219780 0.217768 1.537482 0.750409 0.539959 0.517376 0.263886 0.376871 0.750575 1.646208 -0.251947 0.216570 0.076957 0.031572 0.016029 0.005231 0.000236 -0.001021 -0.001488 -0.001086 1.707873 4.319042 4.310457 0.000000 0.000000 0.000000 0.000067 -0.000082 -0.018995 -0.017889 -0.000912 -0.007126 -0.007164 -0.006508 0.123566 0.809031 0.335094 0.249616 0.250502 0.779400 0.373654 0.219912 -0.124513 2.897240 2.895396 0.239779 0.002125 0.014818 0.021715 0.023318 0.031189 0.002722 0.000112 0.000596 0.304400 0.830954
1.524501 0.265853 0.396618 0.366159 0.236140 0.211080 0.432852 1.589347 0.353404 0.010865 0.031578 3.387122 1.150543 0.160261 0.142682 0.141550 0.029307 0.033126 -0.000554 -0.001791 -0.001276 -0.000915 2.012013 4.507914 3.041775 -0.007832 -0.009243 -0.005350 -0.000464 -0.000305 -0.014467 -0.025448 -0.001630 -0.018883 -0.014490 -0.016954 0.310513 0.765139 0.562478 0.290683 0.160668 0.336117 0.130848 0.081106 -0.098372 2.610152 2.222184 0.428046 0.012705 0.008546 0.011871 0.013661 0.017314 0.001373 -0.018929 -0.000461 0.414361 0.469339
1.115184 0.039678 0.059259 0.068655 0.040063 0.298742 0.245457 0.112156 0.040071 0.008786 0.026281 0.294071 0.538244 0.172294 0.150739 0.141075 0.021159 0.022381 0.181705 0.009762 -0.058755 -0.009267 1.908908 4.247044 3.464815 -0.026613 -0.021729 -0.017251 -0.006827 -0.009953 -0.021188 -0.084876 -0.042761 -0.037632 -0.021671 -0.036682 0.651691 0.915321 0.510902 0.714809 0.178212 0.050389 0.013267 0.154717 0.436744 3.441666 2.070207 0.043618 0.005266 0.000172 0.000396 0.000555 0.008192 0.000291 -0.156551 0.025101 0.441323 0.558682
0.636280 0.042520 0.048434 0.035976 0.069886 0.251660 0.161625 0.162751 0.034163 0.004268 0.017790 0.097533 0.624431 0.207310 0.152854 0.110267 0.019347 0.023189 0.034693 0.033426 0.530228 0.517743 2.378196 5.249092 3.906781 0.302480 -1.653903 -0.536523 -0.018023 -0.026818 -0.011961 -0.131949 -0.075265 -0.040990 -0.034276 0.112317 2.890641 1.296222 0.710944 0.408816 0.302451 0.042141 0.002435 0.440822 1.196858 3.365921 1.086508 0.007330 -0.000002 -0.000132 -0.000330 -0.000401 -0.000013 -0.000105 1.038559 0.293974 0.309323 0.334069
0.611515 0.040984 0.040198 0.029671 0.093363 0.104662 0.191070 0.179118 0.041216 0.000726 0.006453 0.095832 0.225590 0.229425 0.080864 0.036322 0.015363 0.016379 0.019079 0.036346 0.029364 0.055939 2.919140 5.216221 3.373077 -0.526174 -1.155134 -0.130633 -0.509659 -0.402674 0.059838 -0.186462 -0.150729 -0.096163 -0.283421 1.077403 1.630559 0.074170 0.052045 0.036820 0.005907 -0.003070 0.079900 0.959532 1.239043 2.572364 0.015164 -0.000307 -0.008844 -0.023905 -0.007649 -0.010911 -0.007095 -0.005456 1.657365 0.083379 -0.107123 0.179741
0.790963 0.010119 0.037759 0.007246 0.098439 0.073954 0.174434 0.149544 0.049877 0.001264 0.000046 0.000001 0.565548 0.613953 0.000009 0.000257 0.000450 0.000310 0.014646 0.008770 0.010130 0.013882 1.468760 4.863305 3.539557 0.158640 -0.714398 0.174811 -0.154048 -0.164854 0.064651 -0.053549 -0.033173 -0.009339 0.556411 1.348359 1.716415 0.015962 0.027183 0.009723 0.000668 0.000112 0.302395 1.661441 1.890795 0.638299 0.025949 0.010371 -0.059995 -0.087774 -0.018349 -0.024270 -0.015830 -0.035540 2.027147 0.277528 -0.194703 0.145357
0.502447 0.004500 0.022563 0.006153 0.082855 0.093888 0.077416 0.116096 0.047248 0.002570 0.000575 -0.003455 0.484999 0.584996 0.253264 -0.000616 -0.064255 -0.000421 0.000012 0.000843 0.000528 0.000189 1.088809 4.661172 4.050504 0.516603 -0.406276 0.383511 0.118891 -0.011274 0.075309 -0.014842 0.010377 0.027600 0.821068 0.746638 0.522202 0.001117 0.007189 0.000326 0.000114 -0.000053 0.687046 2.340476 1.014455 0.161859 0.077048 0.016116 -0.138059 0.169928 -1.056945 -0.063403 -0.045133 0.131083 3.101301 0.369875 -0.248290 -0.000238
0.653976 0.038064 0.007134 0.020878 0.048601 0.063849 0.064245 0.077477 0.008754 0.003490 0.001914 0.003460 0.066849 0.442138 0.479524 0.167369 0.000899 0.055136 -0.114414 0.000044 0.000647 -0.000079 0.663531 3.820196 3.724108 0.595979 0.040417 0.718412 0.352496 0.158020 0.020111 0.005383 0.100885 0.114196 0.103664 1.065523 0.524879 0.006625 -0.000003 -0.000208 -0.000181 0.653054 1.206114 1.355219 0.686844 0.366546 0.007412 0.042918 0.064938 0.453684 -1.187583 -0.215215 -0.035434 0.339542 3.239457 0.386588 -0.378158 -0.095670
0.324629 0.019788 0.025215 0.061444 0.016732 0.015885 0.144625 0.025171 0.024197 0.006319 0.002153 0.007428 0.024095 0.291286 0.681438 0.407852 0.124470 0.205973 -0.121210 -0.000854 0.001361 -0.000653 0.157953 4.205653 3.006236 0.393867 0.181001 0.475606 0.491170 0.225361 -0.005669 0.008791 0.008417 0.013873 0.021789 0.445209 0.959961 0.020291 -0.006866 -0.006512 -0.006629 0.843497 1.955700 1.554629 0.051905 0.030605 0.006329 0.042833 0.030814 0.469323 -0.285465 -0.038886 0.137028 0.521662 3.412492 0.321125 -0.259856 -0.106675
0.002012 0.002421 0.016458 0.035794 0.013253 0.018731 0.078390 0.086198 0.066759 0.011987 0.003359 0.046465 0.321783 0.463108 0.015414 0.014686 0.032934 0.542362 -0.093516 -0.000690 0.006677 -0.000293 -0.216828 4.687929 3.302553 0.552418 0.339470 0.347766 0.568919 0.405979 0.127038 0.044596 0.002377 0.006949 0.010573 0.019273 1.035453 0.533348 -0.066400 0.267552 0.126645 1.037126 1.976761 1.497529 0.002626 0.000000 0.017931 0.024587 0.011384 0.011153 -0.052812 0.023209 0.252846 1.022949 3.563335 0.475977 0.115742 -0.032713
0.007160 0.020203 0.020819 0.032761 0.009692 0.016880 0.102636 0.049941 0.022401 0.038177 0.021118 0.078515 0.079108 0.024605 0.008879 0.007729 0.012137 0.024138 0.013643 0.005958 0.038100 1.085390 0.734556 5.552815 4.304500 0.368456 0.014123 0.407498 0.041764 0.110374 0.122030 0.042678 0.003325 0.000000 0.000000 0.092309 0.971470 1.047498 1.033686 0.366359 0.235423 0.473666 0.683995 0.606044 0.004817 0.006153 0.021327 0.001200 0.000980 0.000522 0.019824 0.227994 0.526455 0.986996 1.582332 0.081347 0.047987 0.404579
0.014624 0.011594 0.017908 0.026555 0.007652 0.015530 0.097113 0.010667 0.008727 0.016963 0.008740 0.027623 0.024392 0.013006 0.001269 0.000581 0.000369 0.000369 0.012638 0.000664 0.006518 0.653208 1.130621 4.821568 1.501942 0.033769 0.012430 0.102065 0.021534 0.038330 0.101797 0.069720 0.009249 -0.025574 0.346444 2.471893 2.671711 1.471083 0.591223 0.040771 0.023488 0.907596 0.702654 0.516539 0.005492 0.008593 0.018961 0.001948 0.000935 0.000138 0.000446 0.066729 0.106391 0.174431 1.822670 0.173409 0.000435 0.015697
0.036427 0.000560 0.006399 0.010089 0.000791 0.008770 0.040187 0.000289 0.000000 0.000000 0.000144 0.000145 0.000010 0.000000 -0.000189 -0.000271 -0.000029 -0.000006 -0.000001 -0.000031 -0.000001 0.842043 1.486027 2.778841 1.983546 0.014002 0.010820 0.060227 0.016904 0.014874 0.083194 0.167348 0.396996 0.397155 0.388126 0.962208 1.363699 1.300504 0.129485 0.008224 0.000367 0.538492 1.199830 0.462604 0.009440 0.002847 0.004367 0.001065 -0.000126 -0.000477 0.000174 0.000029 0.000412 0.229516 1.562572 0.815690 -0.000025 0.000003
0.010524 0.000294 0.000100 0.000015 0.000365 0.000514 0.002417 0.000426 -0.024035 -0.008489 -0.000455 -0.000138 -0.005514 -0.014544 -0.042810 -0.006047 -0.000575 -0.000373 -0.042591 -0.053678 -0.020956 1.250953 1.558840 1.621335 1.515629 0.026249 0.001388 0.011632 0.011899 0.008449 0.103681 0.439919 0.658519 1.513127 0.570029 0.570566 0.359504 0.151543 0.058716 0.028375 0.040704 0.290466 0.939171 0.465184 0.027006 0.006508 0.006978 -0.001100 -0.000924 -0.017533 -0.120310 -0.001509 -0.000535 0.224893 1.230165 0.785514 0.232441 -0.016003
0.040157 0.001030 -0.000201 -0.008620 -0.000832 -0.000372 -0.000644 -0.000695 -0.042915 -0.017376 -0.019042 -0.018343 -0.042316 -0.447371 -0.047758 -0.008978 -0.001768 -0.013046 0.136811 0.122760 1.141853 2.103495 2.320397 2.481325 1.097125 0.020530 0.000331 0.000062 0.000000 0.000000 0.298256 0.877023 1.202717 1.475314 0.024664 0.018277 0.011700 0.000821 0.000804 0.065036 0.106984 0.547491 0.865171 0.471192 0.091590 0.023760 0.021940 -0.028529 -0.015024 -0.602161 0.048114 0.325043 -0.000783 0.205793 1.117591 0.875314 0.746261 0.783542
0.101352 0.013290 -0.011509 -0.023651 -0.007252 -0.000594 -0.000839 -0.005702 -0.046293 -0.040061 -0.105076 -0.415396 0.608515 -0.284804 -0.709929 -0.013084 -0.001994 0.255322 0.333918 0.402509 1.751366 2.367719 2.023249 1.221997 0.636426 0.022290 0.000549 -0.000559 -0.049122 -0.030940 0.676453 1.173260 0.876533 0.023880 0.019647 0.002332 0.000086 -0.000048 0.001384 0.222835 0.295503 0.885078 0.883637 0.810078 0.101876 0.034981 0.017302 -0.081803 -0.116079 -0.206215 0.292999 0.428304 0.109465 0.130929 0.424789 0.484350 0.396901 1.251019
0.065053 0.006789 -0.157398 -0.025033 -0.017110 -0.005813 -0.017237 -0.016188 -0.045503 -0.049350 1.250375 0.933488 1.335129 -0.308470 -0.573563 -0.328386 -0.259190 0.132699 0.923843 1.205782 2.210759 1.770672 1.403779 0.276578 0.013467 0.013085 0.000724 0.400101 0.268444 0.457484 0.795818 0.835508 0.067160 0.017078 0.014908 0.009978 0.018448 0.012641 0.001640 0.544892 0.355687 0.255156 0.173665 0.055112 0.124449 0.035769 0.012817 0.117931 0.677781 0.846425 0.960871 0.798675 0.383882 0.011641 0.009766 0.012193 0.004540 1.850282
0.017284 0.001968 -0.086766 -0.005459 -0.026339 -0.016094 -0.036152 -0.035843 -0.162005 1.133775 2.107169 0.954347 1.587461 -0.315107 -0.408697 -0.295786 -0.623646 -0.099638 1.142684 1.258736 1.951498 0.032377 0.026221 0.014125 0.031218 0.018489 0.196222 0.761782 0.530165 0.493659 0.848565 0.643991 0.022865 0.016629 0.005486 0.006024 0.006720 0.057727 0.860949 0.954703 0.071500 0.041746 0.045762 0.018811 0.076207 0.035340 0.048726 0.060477 0.102694 0.017499 0.019934 0.022886 0.018454 0.001738 0.001264 0.000493 0.011274 2.501526
0.000235 -0.000108 -0.050105 -0.056569 -0.050083 -0.042426 -1.956821 0.521542 0.988300 2.300257 1.438574 0.003929 0.010109 0.156458 0.030818 0.156399 0.162676 -0.123410 1.051288 0.891628 1.194261 0.000000 0.000000 0.011209 0.281370 0.199895 0.456546 1.176037 0.698292 0.529797 0.320741 0.042076 0.012754 0.006076 0.000000 0.000090 0.003794 0.084470 0.517359 0.174511 0.099723 0.016032 0.003525 0.054586 0.039725 0.058387 0.016445 0.033949 0.033472 0.007670 0.000662 0.000192 0.000098 -0.000194 -0.000501 -0.000334 0.681156 3.008617
-0.000069 -0.009312 -0.005598 -0.048461 -0.076114 -0.406820 -1.314923 0.811519 1.349900 2.026247 0.140694 0.000000 0.000000 0.000000 1.298593 0.746512 0.627301 0.863759 1.036816 0.524429 0.395381 -0.038096 -0.062354 -0.036326 0.589059 0.284507 0.425863 1.226741 0.528917 0.410585 0.108545 0.004150 0.007565 -0.000170 -0.005912 -0.000274 -0.000006 0.000146 0.602170 0.001170 0.010831 0.009657 0.015477 0.105574 0.069023 0.000568 0.015915 0.006387 0.000592 0.000164 -0.000035 -0.000094 -0.000069 -0.098236 0.013377 -0.003401 2.365106 2.606066
0.029828 -0.034772 0.033386 0.040297 -0.081127 -0.639283 -1.097062 0.638099 1.452264 2.215471 0.432124 -0.270886 -0.249019 -0.008291 1.858244 0.920507 0.103598 0.014797 0.010789 0.000868 0.008638 -0.080763 0.170465 -0.109400 0.842998 0.321722 0.326101 0.855595 0.340073 0.044860 0.031517 0.000091 -0.000330 -0.010632 -0.013850 -0.008869 -0.008589 -0.000302 0.698686 -0.000046 0.000607 0.001496 0.008820 0.016121 0.136387 0.000852 0.000360 0.000360 -0.000058 -0.000101 -0.008177 -0.007254 -0.007955 0.279390 1.581754 1.611766 2.288066 2.787611
0.008418 0.003565 0.047796 0.015015 0.043184 -0.567078 -0.611853 0.608990 1.299803 2.213233 0.429077 0.014888 0.148031 0.623758 0.908149 0.090915 0.049650 0.006975 0.000577 -0.000066 0.007534 -0.128610 0.264294 -0.032021 0.938071 0.355606 0.176881 0.736185 0.105569 0.060315 0.001699 -0.000145 -0.000483 -0.022395 -0.010919 -0.014880 -0.019322 0.146031 0.913804 -0.190707 -0.000189 0.000445 0.000222 0.008416 0.036908 0.000322 -0.000360 -0.000360 -0.007280 -0.006327 -0.027449 -0.019379 -0.020099 0.992209 2.833163 2.336752 2.448450 2.725224
0.000671 0.028120 0.034140 0.003875 0.013528 -0.359824 -0.520907 0.544526 1.302170 1.907075 0.549198 -0.060004 0.163912 0.716528 0.000134 0.000330 0.000401 0.000013 -0.000072 -0.049865 0.023895 -0.163068 0.377660 -0.090027 0.995453 0.303699 0.095097 0.639939 0.009220 0.277363 0.003874 -0.001868 -0.004128 -0.019082 -0.022900 -0.054375 -0.006267 0.138832 0.555170 -0.090922 0.000008 -0.000439 -0.000222 0.000066 0.000128 -0.000424 -0.014314 -0.009512 -0.021977 -0.013748 -0.003978 0.002196 0.067501 1.921415 3.117493 4.031682 5.255159 3.266209
0.001379 0.018213 0.003863 0.000840 0.000889 0.001986 -0.090281 0.429075 1.395142 1.962856 0.639121 -0.179697 0.064215 1.198226 -0.000229 -0.000396 -0.000555 -0.010371 -0.006342 -0.239183 0.220942 -0.253193 0.627338 -0.089849 1.282315 0.255823 0.083289 0.863679 -0.028028 0.080289 0.000831 -0.002622 -0.003894 -0.004978 -0.003347 -0.007152 -0.096407 0.043001 0.336927 0.054183 0.002938 -0.008590 -0.006626 -0.000539 -0.000303 -0.002919 -0.051288 -0.023545 -0.029632 -0.002145 0.010395 0.002892 0.079622 1.904323 4.020250 3.940158 4.529266 2.439049
