use_cases/Flooding_chicago/flooding_data/output/hUy_2940.asc
ncols 337
nrows 393
xllcorner 428428.000000
yllcorner 4602440.000000
cellsize 26.757400
NODATA_value -9999.000000
[rows 130 to 155 of 393, columns 174 to 231 of 337]
0.026408 0.009341 0.000559 0.000009 0.000155 0.048245 0.392466 0.038489 0.056751 0.028962 0.015842 0.021658 0.024779 0.032030 0.022658 0.051025 0.055492 0.033911 -0.118273 -0.628149 -0.918690 -1.219901 -1.034829 -0.315991 -0.111108 0.416593 0.110374 0.000703 -0.001869 -0.008896 -0.483941 -0.098867 -0.147550 0.045925 0.017738 0.028322 0.003884 0.000757 0.000491 0.000025 0.111801 0.024268 0.077817 0.104882 0.136131 0.039797 0.060914 0.062489 0.092052 0.004172 0.000534 0.000511 0.000268 -0.000209 -0.000007 0.138522 2.655029 1.397337
0.006838 0.000320 -0.000118 -0.007951 -0.000339 0.056325 0.092067 0.006904 0.017388 0.012546 0.013963 0.006008 0.019417 0.014277 0.017403 0.010234 0.017206 0.001789 0.068748 -0.439296 -1.046674 -1.291884 -0.999151 -0.704416 -0.319497 0.528698 0.351906 0.001471 0.022906 -0.001526 -0.619990 0.030720 0.026885 0.030423 0.009552 0.012430 0.000890 -0.000110 -0.000156 -0.032443 -0.003084 0.040464 0.017311 0.026621 0.010681 0.036066 0.038191 0.031105 0.026866 0.012445 0.000798 0.000718 -0.000039 -0.000812 0.011974 0.046117 0.745492 1.468242
0.000000 -0.000098 -0.006242 -0.026412 -0.026015 -0.002599 0.017943 0.000143 0.000061 0.000140 0.000222 0.000444 0.000025 0.000373 0.000308 0.000143 0.000002 -0.000136 0.195882 -0.420322 -0.932301 -1.275551 -1.078456 -0.713902 -0.326475 0.520586 0.949830 -0.093488 -0.035915 -0.140447 -0.310105 0.001685 0.007400 0.011921 0.000965 0.000473 -0.000082 -0.010447 -0.015302 -0.268567 0.005955 0.013923 0.007807 0.015069 0.008808 0.011552 0.007295 0.021056 0.002493 0.003219 0.000222 0.000103 -0.000243 -0.000513 0.020107 0.000000 0.071897 1.562481
-0.017748 -0.017371 -0.022144 -0.031585 -0.099762 -0.001116 -0.000011 -0.000156 -0.000063 -0.000140 -0.000222 -0.000220 -0.022739 -0.000644 -0.000422 -0.000128 -0.003328 1.330258 0.683554 -0.429068 -0.942365 -1.459648 -1.339951 -1.056832 -0.646989 0.328439 1.078740 -0.177175 -0.040866 -0.001101 -0.020458 0.003148 0.000318 0.000270 0.000000 -0.000270 -0.007920 -0.032855 -0.146298 -0.218283 0.017923 0.004395 0.000289 0.000368 0.000724 0.000404 0.000015 0.000000 -0.000377 -0.001837 -0.000222 -0.000103 -0.000178 -0.000619 0.026971 -0.062561 0.103473 1.255176
-0.042739 -0.036374 -0.030720 -0.031640 -0.183453 -0.009549 -0.004772 -0.041653 -0.010321 -0.007420 -0.008512 -0.030905 -0.045452 -0.025884 -0.019983 -0.008552 -0.025132 1.599335 0.623131 -0.406298 -0.845326 -1.307728 -1.739262 -1.269845 -1.042068 0.001393 1.018310 0.187861 -0.012797 -0.002265 -0.007497 0.000091 -0.000109 -0.000473 -0.000965 -0.001059 -0.022148 -0.370065 -0.069656 -0.121615 0.008058 0.000152 0.000068 -0.000388 -0.000781 -0.000588 -0.010501 -0.004899 -0.048796 -0.002744 -0.006515 -0.009821 -0.007692 -0.000783 0.051432 0.526589 0.251213 0.928540
-0.055844 -0.199148 -0.233212 -0.814638 -0.160169 -0.146683 -0.021659 -0.067329 -0.018373 -0.021342 -0.017882 -0.059100 -0.036345 -0.071062 -0.049721 -0.035319 -0.386350 1.025176 0.404264 -0.266804 -0.652728 -1.235092 -1.383743 -1.567479 -1.200842 0.011675 1.545050 1.368067 -0.066774 -0.011562 -0.001714 -0.000212 -0.001110 -0.006720 -0.024094 -0.002493 -0.047164 -0.421946 0.014650 0.047781 0.000311 -0.000054 -0.000755 -0.008639 -0.009406 -0.021955 -0.022472 -0.043272 -0.073189 -0.025316 -0.024921 -0.020013 -0.024516 -0.000656 0.615894 0.591895 0.210282 1.115927
-1.884663 0.567930 0.205277 -0.294087 0.175900 0.333823 -1.539525 -0.167623 -0.016093 -0.091515 -2.520041 -0.807384 -0.041930 -0.173981 -0.581856 -0.979364 -0.003601 0.641493 0.268363 -0.272309 -0.607744 -1.277905 -1.343339 -1.618199 -1.448416 -0.047181 1.461900 2.138132 1.058540 -0.018210 -0.002158 -0.014324 -0.012228 -0.033995 -0.041656 -0.014195 -0.615219 -0.412430 0.011689 0.007386 0.000101 -0.001632 -0.018777 -0.014952 -0.015391 -0.036265 -0.020256 -0.077353 -0.085628 -0.052322 -0.039535 -0.023647 -0.017705 0.013124 0.928789 0.654980 0.445248 0.990247
-1.103015 0.978322 0.454840 0.114057 0.336002 0.586644 -0.704933 -0.031197 0.091122 0.759972 -0.648651 -0.486240 -0.483538 -0.232992 -0.477511 -0.585770 0.164804 0.434819 0.174988 -0.359023 -0.676739 -1.269447 -1.286734 -1.649342 -1.426072 -0.153695 1.500457 2.145329 1.399629 -0.003165 -0.009168 -0.019179 -0.055099 -0.061333 -0.046682 -0.910405 -0.457730 -0.000000 -0.000004 -0.000117 -0.002008 -0.009255 -0.047942 -0.017314 -0.017542 -0.029714 -0.064429 -0.095636 -0.094027 -0.065475 -0.039170 -0.039666 -0.002235 0.066132 0.928644 0.778090 0.615511 1.033893
-0.320763 1.832579 1.200020 0.666169 0.775997 1.077789 -0.103578 0.336462 0.533447 1.202855 0.391013 -1.200579 -1.950021 -2.056196 -0.538507 -0.437562 -0.187128 -0.037454 -0.130276 -0.370156 -0.672706 -1.322870 -1.363449 -1.687353 -1.608033 -0.360312 1.219941 1.548171 1.369861 -0.029996 -0.026055 -0.421282 -0.029521 -0.128857 -0.219893 -0.290184 -1.084165 -0.356342 -0.014665 -0.016452 -0.023355 -0.005884 -0.018020 -0.018840 -0.018848 -0.034087 -0.094196 -0.108099 -0.075838 -0.069341 -0.076415 -0.058664 -0.064652 0.535356 1.132101 1.346376 1.207870 1.322423
1.127871 2.287462 1.512954 1.200992 1.208729 2.040996 1.170735 1.031471 1.506380 2.300752 1.045140 -0.218889 -1.895998 -2.328413 0.064587 -0.287631 -0.800952 -0.845288 -0.928035 -0.981975 -1.163329 -1.686096 -1.674860 -2.105582 -2.079863 -0.889551 0.532715 0.810908 0.595802 -0.417628 -0.545936 0.097245 0.142118 0.213907 -0.057339 0.178701 -0.589396 -0.929831 -0.587269 -0.052755 -0.042766 -0.020599 -0.045739 -0.013796 -0.026988 -0.030874 -0.073069 -0.238751 -0.040763 -0.343284 -1.555754 -1.243221 0.554869 0.977003 1.817810 1.894993 1.740003 1.952904
0.730996 1.494586 1.021444 0.961407 2.327990 2.830634 2.368910 1.287507 1.649044 1.484640 0.686682 0.407326 -0.042699 -1.049405 -0.099687 -0.223742 -0.915372 -1.212823 -1.360375 -1.785993 -1.718643 -1.945681 -1.889631 -2.280144 -2.140407 -1.206369 0.001916 0.176536 -0.464360 -0.280759 -0.450104 0.035370 0.112349 0.247095 0.529144 0.534777 -0.413057 -1.185718 -0.680332 -1.843469 -0.669578 -0.036363 -0.031839 -0.027960 -0.445921 -0.375892 0.866256 -1.150602 -1.622919 0.233113 -0.031557 0.270320 1.150309 1.928738 2.383353 2.719993 2.491034 3.202902
1.276009 1.572925 0.817540 2.145024 2.785950 3.047763 2.030430 1.045594 0.985870 0.675431 0.381540 0.284356 1.606962 0.105308 0.048295 0.070831 -0.592429 -1.024855 -1.393533 -2.087896 -2.094096 -1.980741 -1.769649 -1.740050 -2.016510 -1.194466 -0.108925 -0.136942 -1.325783 -0.573102 -0.458841 -0.355369 0.038964 0.350876 0.766482 1.144216 -0.149227 -1.488947 -1.033272 -1.607094 -0.764619 -2.802413 -0.713075 -2.390949 0.495798 0.332829 1.398495 -0.293945 -0.725828 0.785960 1.193316 1.133790 1.376634 2.295901 2.541817 3.142019 2.867623 3.879867
0.457369 0.801004 1.938064 2.830648 2.580176 3.178587 1.897443 0.146306 0.012070 0.012169 0.018769 0.396408 0.713933 0.032415 0.007143 0.029278 0.629669 -0.394529 -0.756648 -1.708600 -1.789640 -1.693640 -1.597205 -1.424280 -1.483475 -0.817474 0.058956 -0.147116 -1.231121 -1.191141 -0.587852 -0.770392 -0.317526 0.103278 0.257692 0.446480 0.101564 -1.423745 -0.342412 -1.060370 -0.697138 -2.563114 -1.086717 -1.301055 0.538569 0.592539 1.121341 0.187833 -0.321902 1.077716 1.788401 1.707239 1.604578 2.306509 2.384557 2.777635 2.847594 3.716859
0.460012 0.892638 1.099808 2.506959 2.611427 0.866577 0.050707 0.012951 0.000992 0.001105 0.000304 0.558941 0.608056 0.000008 0.000346 0.007840 0.005637 -0.065660 -0.227760 -0.881831 -1.380802 -1.462224 -1.061931 -1.024218 -0.833023 -0.110205 0.413659 -0.088145 -1.039923 -1.482323 -0.980943 -1.146998 -0.888698 -0.490402 -0.105744 -0.052104 -0.000504 -0.348123 0.150027 -0.276918 0.045901 -1.877465 -1.017424 -0.890637 0.392334 0.506790 0.888285 0.485509 0.139893 1.524376 2.723109 2.463738 1.813028 2.063751 2.062999 2.405932 2.805910 3.434743
0.549994 1.021070 1.088303 2.761758 0.280874 0.744618 -0.007440 0.000342 0.001010 0.001390 0.000043 0.666629 0.533399 -0.007200 -0.000180 0.000180 0.000222 0.073960 -0.192157 -0.570799 -0.964347 -1.122178 -0.544968 -0.781386 -0.332784 0.520775 0.548610 0.122072 -0.734075 -1.645801 -1.369212 -1.616074 -1.377838 -1.548219 -0.639108 -0.286483 -0.003552 -0.199626 0.375051 0.283318 0.759872 -0.861667 -0.338478 -0.423426 0.387894 0.369808 0.788021 0.870903 1.026662 2.158901 2.985629 2.443860 2.312589 2.175012 1.820773 2.064926 2.803893 3.193126
0.626851 1.174782 1.183167 1.286337 0.249125 0.240404 0.000362 -0.000033 -0.000023 0.000222 -0.000222 1.081297 0.523662 -0.052521 -0.007870 -0.000346 -0.000004 0.014395 -0.157095 -0.230180 -0.442683 -0.419221 0.118511 -0.474831 0.158231 1.296554 0.740931 0.488703 -0.356301 -1.381712 -1.746213 -1.843368 -2.107376 -1.989892 -1.889902 -1.329427 -0.337395 -0.110681 0.606799 0.768699 1.094518 -0.074415 1.499224 -0.113686 0.176793 0.325852 1.041207 1.337497 1.817006 2.626727 3.000911 2.299983 1.498917 1.901767 1.792786 2.218398 2.888568 3.264805
0.693390 1.255634 0.563507 0.307345 0.199236 0.000004 0.000055 -0.000164 -0.000323 -0.000222 -0.026223 0.852257 0.268816 0.261158 -0.020931 -0.006276 -0.000885 -0.000031 0.000385 -0.017041 -0.158283 0.087678 0.491033 0.184169 0.888368 1.819761 1.087039 0.885941 0.820280 -0.985412 -1.800292 -2.290515 -2.116349 -2.679567 -2.232677 -1.579656 -0.560124 0.016274 0.834163 1.060163 1.632620 0.535019 0.778703 0.095889 0.038816 0.187308 1.034153 1.525315 2.270465 2.317832 2.270495 1.691780 1.434317 1.934290 1.925644 2.106434 2.542767 2.653336
0.308867 0.457889 0.520913 0.000666 0.000217 0.007520 -0.089106 -0.023927 -0.007836 -0.008612 -0.607074 1.215467 0.297880 0.370423 -0.017468 -0.012527 -0.000709 -0.010770 0.237688 0.401092 -0.054903 0.439435 0.830674 0.421019 1.492728 2.216775 1.890746 1.375892 1.198615 0.201459 -1.373204 -2.343404 -2.698515 -2.528819 -2.118783 -1.462754 -0.896207 0.376207 1.042412 1.307693 1.695996 0.786732 0.438356 0.184056 -0.113612 0.193289 1.092521 1.675830 2.349318 1.762743 1.854929 1.511316 1.629960 2.063427 2.320879 1.941930 2.094572 2.344317
0.272790 0.355051 0.351003 0.070440 -0.053649 -0.027526 0.069665 -0.183532 0.013624 -0.312809 -0.186100 1.409757 0.227935 0.024378 -0.004495 -0.002349 -0.010628 -0.300932 0.548118 0.387020 -0.040635 0.560942 1.365888 0.956474 2.847507 3.803006 3.239051 2.048697 1.638625 0.550616 -0.438743 -1.982431 -2.353212 -2.307600 -1.766470 -1.195544 -1.110739 0.153625 1.098251 1.042153 1.104787 0.780236 0.715897 0.213202 -0.385687 0.365605 1.064914 1.697843 1.765359 1.395690 1.515337 1.388923 1.937790 1.934587 2.115021 1.557264 1.487239 1.544419
0.302634 0.781620 0.545067 0.018109 -0.194523 -0.279114 -0.048843 -0.191569 -0.003512 -0.039251 0.878276 2.038980 -0.052181 -0.187237 -0.041152 -0.037193 -0.416339 0.435323 0.757920 0.456837 0.048477 1.106578 1.851258 1.408534 4.052052 5.149396 3.977182 1.989241 1.033997 0.468205 0.006086 -1.191402 -1.832911 -2.004086 -1.676277 -1.146746 -0.897108 -0.272779 0.581575 0.644563 0.908809 0.679134 0.358097 0.031935 -0.189459 0.481940 1.351557 1.567879 1.513307 1.320430 0.961403 1.153514 1.373615 1.429513 2.210420 1.126364 1.295226 1.408203
0.733726 0.872996 0.597890 -0.068693 -0.297370 -0.406096 -0.273228 -0.448898 -0.060958 0.029771 0.165431 0.257773 0.004554 0.025366 0.004954 0.259586 0.540499 0.941309 0.927496 0.546802 0.153836 1.843797 2.380041 1.839712 4.521434 6.498155 3.656167 1.307590 0.123406 0.470166 0.076141 -0.380494 -0.923146 -1.378711 -1.338083 -0.985936 -0.936392 -0.906631 -0.152410 0.209473 0.248831 0.096182 0.077438 0.133099 0.319515 0.749442 1.578908 1.517702 1.261632 1.192056 0.526489 0.765542 1.082134 0.846627 1.067600 0.973700 1.053781 1.341407
1.278076 1.562968 0.544085 -0.162692 -0.413452 -0.555907 -0.436347 -0.666720 -0.142151 -0.043929 -0.000101 0.000198 0.000000 0.000000 0.008150 0.608990 1.359740 1.746437 1.148342 1.211076 0.705062 3.247964 3.210739 2.255066 6.144189 7.601159 3.650367 0.894693 -0.421677 0.555365 0.011503 0.376637 -0.173460 -1.266412 -1.350139 -0.851551 -0.844286 -1.422972 -0.794239 -0.389152 -0.140590 0.005603 -0.141662 0.297737 0.514104 1.139499 1.800498 1.031200 1.000134 0.978748 0.350864 0.505221 0.776655 0.725807 0.936611 1.158857 1.055907 1.352167
1.911930 1.996814 0.960387 -0.112617 -0.889748 -1.554611 -1.238716 -1.373363 -1.098462 -1.133556 -0.404950 -0.252902 -0.271703 0.723126 1.910358 2.397752 1.765703 2.968085 2.408238 1.547426 1.157479 4.288168 2.509246 2.413462 5.454381 7.619886 2.777985 0.621343 -0.129995 0.679586 0.096721 0.668754 0.070316 -1.189234 -1.341033 -0.426252 -0.283235 -1.225243 -1.132228 -0.650920 -0.411093 0.000159 0.304532 0.447809 0.691362 1.481650 1.942696 0.768404 1.010464 1.065502 0.414197 0.451129 0.561819 0.393753 1.121938 1.180330 0.790987 1.211779
3.315117 2.947531 1.800327 -0.069335 -0.677996 -0.664540 -0.710935 -1.146416 -0.550735 -0.604308 -0.707162 -0.292794 0.406454 1.775886 2.799492 2.506300 2.297272 6.181064 2.684112 1.536876 1.428934 3.975096 1.489369 0.513187 3.770994 4.086534 1.475674 0.936618 0.990164 1.462295 0.290886 0.564035 0.278579 -0.708333 -0.789223 0.022903 0.640078 -0.649937 -0.693579 -0.608386 -0.141066 0.122416 0.842142 0.925956 0.675177 1.763349 1.662583 0.440990 0.498143 0.940699 0.342168 0.269347 0.318427 0.292541 1.168405 0.645703 0.744331 1.350465
4.199861 2.784736 2.257437 0.016469 0.301726 0.014770 -0.234522 -0.694080 -0.003817 0.161244 0.478850 0.229987 1.170787 2.722601 4.179937 2.046133 2.230611 2.624916 0.123756 0.073798 0.031403 0.052579 0.052746 0.837354 4.815614 4.249318 0.287774 0.020269 0.066159 0.054049 0.040979 0.576879 0.740799 0.722877 0.030614 0.013741 0.019992 0.378349 0.117406 -0.142861 0.311543 0.660629 1.622558 1.177573 0.757518 1.878766 1.581175 0.195511 0.493079 1.339792 0.563114 0.413736 0.452076 0.632154 1.680004 0.518044 0.915055 1.648538
2.332199 2.103698 1.460391 0.559848 0.952938 0.599621 0.059426 0.082321 0.848126 1.026874 0.628267 0.562437 1.341189 1.294335 2.254930 0.023860 0.075247 0.088173 0.020609 0.012444 0.015647 0.004815 0.092010 1.330927 5.145581 3.315392 0.175431 0.032361 0.069544 0.021286 0.022864 0.018295 0.064386 0.019883 0.009983 0.012204 0.006516 0.092282 0.634840 0.380323 1.360865 1.037159 1.934934 1.419286 0.920319 2.052813 0.729675 0.051603 0.025781 0.023339 0.032242 0.017110 0.033503 0.039745 1.983042 0.686425 0.804272 1.475507
