use_cases/Flooding_chicago/flooding_data/output/hUy_3060.asc
ncols 337
nrows 393
xllcorner 428428.000000
yllcorner 4602440.000000
cellsize 26.757400
NODATA_value -9999.000000
[rows 52 to 77 of 393, columns 232 to 289 of 337]
0.013658 0.010790 0.036557 0.001263 0.000131 0.000330 0.000401 0.000013 0.000000 0.000000 -9999.000000 -9999.000000 -9999.000000 -9999.000000 -9999.000000 -9999.000000 -9999.000000 -9999.000000 -9999.000000 -9999.000000 -9999.000000 -9999.000000 -9999.000000 -9999.000000 -9999.000000 -9999.000000 -9999.000000 -9999.000000 -9999.000000 -9999.000000 -9999.000000 -9999.000000 -9999.000000 -9999.000000 -9999.000000 -9999.000000 -9999.000000 -9999.000000 -9999.000000 -9999.000000 -9999.000000 -9999.000000 -9999.000000 -9999.000000 -9999.000000 0.236091 1.427434 1.047531 0.933542 1.119970 1.410346 0.290287 0.208755 0.022387 0.000512 0.001220 0.003743 -0.008561
0.000634 0.000354 0.000142 -0.002702 -0.000136 -0.000396 -0.000555 -0.010184 -0.004809 0.000046 -9999.000000 -9999.000000 -9999.000000 -9999.000000 -9999.000000 -9999.000000 -9999.000000 -9999.000000 -9999.000000 -9999.000000 -9999.000000 -9999.000000 -9999.000000 -9999.000000 -9999.000000 -9999.000000 -9999.000000 -9999.000000 -9999.000000 -9999.000000 -9999.000000 -9999.000000 -9999.000000 -9999.000000 -9999.000000 -9999.000000 -9999.000000 -9999.000000 -9999.000000 -9999.000000 -9999.000000 -9999.000000 -9999.000000 -9999.000000 0.000460 0.002001 1.175220 0.897271 1.075926 1.120246 1.616214 0.513057 0.409507 0.013694 -0.000215 0.000971 0.000927 -0.004851
-0.000907 -0.000414 -0.000147 -0.155744 -0.009115 -0.008169 -0.008258 -0.026972 -0.008662 0.002044 -9999.000000 -9999.000000 -9999.000000 -9999.000000 -9999.000000 -9999.000000 -9999.000000 -9999.000000 -9999.000000 -9999.000000 -9999.000000 -9999.000000 -9999.000000 -9999.000000 -9999.000000 -9999.000000 -9999.000000 -9999.000000 -9999.000000 -9999.000000 -9999.000000 -9999.000000 -9999.000000 -9999.000000 -9999.000000 -9999.000000 -9999.000000 -9999.000000 -9999.000000 -9999.000000 -9999.000000 -9999.000000 -9999.000000 -9999.000000 -0.000341 0.000490 0.828830 0.814399 0.811857 1.050705 1.523723 0.702227 0.588349 -0.004131 -0.001645 -0.000339 0.000912 -0.001975
-0.009349 -0.007506 -0.000732 -0.205771 -0.159299 -0.014281 -0.014461 -0.042220 -0.003556 0.014019 -9999.000000 -9999.000000 -9999.000000 -9999.000000 -9999.000000 -9999.000000 -9999.000000 -9999.000000 -9999.000000 -9999.000000 -9999.000000 -9999.000000 -9999.000000 -9999.000000 -9999.000000 -9999.000000 -9999.000000 -9999.000000 -9999.000000 -9999.000000 -9999.000000 -9999.000000 -9999.000000 -9999.000000 -9999.000000 -9999.000000 -9999.000000 -9999.000000 -9999.000000 -9999.000000 -9999.000000 -9999.000000 -9999.000000 -9999.000000 1.001411 0.918170 0.838588 0.828256 0.741891 0.863220 1.336005 0.838879 0.829582 0.659504 -0.002025 -0.000553 0.000876 -0.001561
-0.027225 -0.040172 -0.001560 0.081677 -0.083469 -0.087465 -0.059235 -0.123778 -0.006006 0.006080 0.000695 0.001378 0.000095 -9999.000000 -9999.000000 -9999.000000 -9999.000000 -9999.000000 -9999.000000 -9999.000000 -9999.000000 -9999.000000 -9999.000000 -9999.000000 -9999.000000 -9999.000000 -9999.000000 -9999.000000 -9999.000000 -9999.000000 -9999.000000 -9999.000000 -9999.000000 -9999.000000 -9999.000000 -9999.000000 -9999.000000 -9999.000000 -9999.000000 -9999.000000 -9999.000000 -9999.000000 -9999.000000 -9999.000000 1.563449 1.230620 1.585420 1.183479 1.099212 1.230376 1.533193 0.946653 1.078661 1.041180 -0.000873 -0.000249 0.000000 -0.001697
-0.023083 0.000360 0.000360 0.000410 -0.046833 -0.036989 -0.170623 0.001282 0.016350 -0.005287 -0.062117 -0.007747 -0.021149 -9999.000000 -9999.000000 -9999.000000 -9999.000000 -9999.000000 -9999.000000 -9999.000000 -9999.000000 -9999.000000 -9999.000000 -9999.000000 -9999.000000 -9999.000000 -9999.000000 -9999.000000 -9999.000000 -9999.000000 -9999.000000 -9999.000000 -9999.000000 -9999.000000 -9999.000000 -9999.000000 -9999.000000 -9999.000000 -9999.000000 -9999.000000 -9999.000000 -9999.000000 -9999.000000 0.001972 1.847610 2.033226 2.264779 1.900524 1.500389 1.344006 1.570995 1.111397 1.027179 0.859083 -0.092700 -0.020689 -0.003431 -0.002947
-0.002167 -0.000360 -0.000360 0.000404 -0.015585 -0.021475 -0.080601 0.076802 0.087000 0.000379 -0.110575 -0.070169 -0.139388 0.039916 0.079306 -9999.000000 -9999.000000 -9999.000000 -9999.000000 -9999.000000 -9999.000000 -9999.000000 -9999.000000 -9999.000000 -9999.000000 -9999.000000 -9999.000000 -9999.000000 -9999.000000 -9999.000000 -9999.000000 -9999.000000 -9999.000000 -9999.000000 -9999.000000 -9999.000000 -9999.000000 -9999.000000 -9999.000000 -9999.000000 -9999.000000 -9999.000000 -9999.000000 0.184208 1.303087 2.178106 2.726000 1.761962 1.421561 1.061984 1.562215 1.112861 1.059495 0.536435 0.086056 -0.445486 -0.004083 -0.257462
-0.013941 -0.013049 -0.006012 -0.000176 -0.000004 -0.004903 -0.032989 0.178074 0.008647 0.057492 0.006227 -0.047093 -0.081735 0.050955 0.252485 0.104559 0.000000 0.000000 0.000000 -9999.000000 -9999.000000 -9999.000000 -9999.000000 -9999.000000 -9999.000000 -9999.000000 -9999.000000 -9999.000000 -9999.000000 -9999.000000 -9999.000000 -9999.000000 -9999.000000 -9999.000000 -9999.000000 -9999.000000 -9999.000000 -9999.000000 -9999.000000 -9999.000000 -9999.000000 -9999.000000 -9999.000000 0.001516 1.157223 2.087116 2.402776 1.939540 1.553795 1.156446 1.543120 1.399958 1.123856 0.762736 -0.094708 -0.180405 0.208601 -0.285139
-0.032081 -0.025720 -0.020300 -0.004096 -0.007867 -0.065115 0.094709 0.014727 0.006917 0.009454 -0.000320 -0.009660 -0.013409 0.169453 0.264388 0.108662 -0.057597 -0.276199 0.015274 0.000000 0.000000 -9999.000000 -9999.000000 -9999.000000 -9999.000000 -9999.000000 -9999.000000 -9999.000000 -9999.000000 -9999.000000 -9999.000000 -9999.000000 -9999.000000 -9999.000000 -9999.000000 -9999.000000 -9999.000000 -9999.000000 -9999.000000 -9999.000000 -9999.000000 -9999.000000 0.000000 -0.000099 0.479139 1.684365 2.455935 2.015362 1.721547 1.015074 1.341319 1.417536 1.255403 0.926479 -0.262463 -0.221687 0.244154 -0.156054
0.107986 -0.965091 -0.043052 -0.030443 -0.081508 -0.048576 0.025911 0.007737 0.003946 0.000224 -0.002240 -0.104790 0.104915 0.347985 0.269794 0.046126 -0.117721 -0.550751 0.006870 -0.228925 -0.010729 0.000000 -9999.000000 -9999.000000 -9999.000000 -9999.000000 -9999.000000 -9999.000000 -9999.000000 -9999.000000 -9999.000000 -9999.000000 -9999.000000 -9999.000000 -9999.000000 -9999.000000 -9999.000000 -9999.000000 -9999.000000 -9999.000000 -9999.000000 0.001262 -0.001152 -0.043648 0.891450 1.752156 2.131414 2.016234 1.229071 0.881470 1.383367 1.350626 1.144788 0.769134 -0.233572 -0.369918 0.001203 -0.093942
0.379661 -0.502300 -0.169744 -0.541089 -0.095273 -0.006663 0.020475 0.000345 0.000222 0.000164 -0.001122 -0.099849 0.110298 0.442218 0.348803 0.173056 0.021735 -0.574565 -0.057159 0.026440 -0.378269 -0.264068 -0.000161 0.055893 0.000009 0.000411 -9999.000000 -9999.000000 -9999.000000 -9999.000000 -9999.000000 -9999.000000 -9999.000000 -9999.000000 -9999.000000 -9999.000000 -9999.000000 -9999.000000 -9999.000000 -9999.000000 -9999.000000 0.001107 -0.001272 -0.050757 0.826644 1.829370 2.324948 2.003274 1.283025 0.845164 1.306602 1.343717 1.013231 0.634257 -0.424815 -0.273983 0.000010 0.000222
0.222526 -0.317481 -0.070370 0.460029 -0.246606 0.013492 0.006644 0.000200 -0.000222 -0.000003 -0.000000 0.069170 0.459782 0.774886 0.523426 0.620368 0.460407 -0.611985 -0.055693 0.143114 -0.426390 -0.542637 -0.012356 0.066977 -0.001608 -0.000013 0.000326 0.000276 0.233339 0.214511 -9999.000000 -9999.000000 -9999.000000 -9999.000000 -9999.000000 -9999.000000 -9999.000000 -9999.000000 -9999.000000 -9999.000000 -9999.000000 0.001000 -0.001681 -0.042532 0.936918 1.923466 2.549537 2.433900 1.660723 0.931382 1.349194 1.142524 0.966236 0.337946 -0.511642 -0.108718 -0.000286 -0.000222
0.270002 -0.184879 -0.217617 0.989028 0.042221 0.011839 0.000452 -0.001332 -0.007173 -0.004890 -0.005134 0.188756 0.116584 0.128114 0.140262 0.128121 0.126630 -0.326879 0.146279 0.165669 -0.591687 -0.710561 -0.014354 0.031632 -0.023158 -0.009461 -0.000208 -0.000003 0.407635 0.361679 0.434301 0.483798 0.434404 0.386467 1.529539 4.097259 12.310348 8.129303 2.105587 0.040609 0.000381 0.000384 -0.002009 -0.000139 1.156985 2.059061 2.790015 2.635235 1.592395 0.781966 1.112464 1.151738 0.953543 0.265881 -0.521843 -0.221690 0.080298 0.009315
0.288479 -0.160992 0.048919 0.019401 0.026282 0.007511 -0.000334 -0.001373 -0.011023 -0.017038 0.003814 0.327035 0.085225 0.164009 0.181922 0.206498 0.132893 0.000769 0.169585 0.041825 -0.751962 -1.024753 0.000360 0.000360 -0.020747 -0.115178 -0.017861 -0.019518 0.544367 0.920602 1.666516 2.359313 1.779289 1.404536 2.661748 6.677284 12.390489 5.988488 2.381711 0.134364 0.000289 0.000272 -0.000631 0.315716 1.369060 3.144660 3.193050 2.715301 1.364810 0.719903 0.991353 1.138209 0.842289 0.267284 -0.407645 -0.214961 0.102708 0.060222
0.301351 -0.179972 0.000526 0.001900 0.019098 -0.000018 -0.000738 -0.009689 -0.000735 -0.143250 -0.077625 0.294241 -0.009550 0.170850 0.196204 0.192261 0.103221 0.000958 0.000925 0.074786 -0.476951 -0.843475 -0.000360 -0.000360 0.368709 -0.000856 0.544306 0.924602 1.042087 1.258893 2.072627 2.361584 1.844229 1.316092 2.472515 6.330160 8.634772 5.090680 2.145408 0.254026 -0.000082 -0.000000 -0.000058 0.480911 1.577276 3.183971 3.186497 2.347735 1.348687 0.511683 1.089506 1.007955 0.711437 0.177489 -0.231952 -0.216803 0.000782 0.013764
0.503376 -0.407890 0.000488 0.000305 0.000248 -0.002465 -0.001416 -0.045310 -0.004368 0.007905 -0.072497 0.254716 0.001165 0.175704 0.186002 0.112743 0.075525 0.000227 -0.000538 -0.000026 -0.477239 -0.974699 -0.064797 0.292737 0.399125 0.618670 1.210677 1.752306 1.113218 1.000216 1.948114 2.789321 1.653161 1.159094 3.590795 5.912333 9.172659 6.034825 2.673747 0.562157 -0.000434 -0.000272 0.000085 0.663916 1.716368 2.237149 2.374626 2.931215 1.499882 0.621612 1.180933 1.275036 0.537019 0.102848 -0.014711 0.000020 0.000236 0.000391
0.644550 0.109390 0.000453 -0.000193 -0.000687 -0.002998 0.000011 -0.006442 -0.001148 0.041006 0.290531 0.326294 -0.003768 0.138385 0.055004 0.060431 0.056006 -0.000099 -0.001172 -0.016234 -0.055264 -1.214402 -0.472738 0.483535 0.820841 1.051033 1.500648 1.886962 0.781602 1.222584 2.530265 2.485365 2.321427 1.628253 3.619866 5.377477 5.870027 3.316826 2.788882 0.489465 0.177901 -0.000384 -0.000448 1.103045 1.524165 2.987916 3.347347 2.209945 0.689269 0.382426 0.612336 0.618343 0.658794 0.000402 -0.000621 -0.042157 -0.000500 -0.000063
0.386093 0.400571 -0.000095 -0.002225 -0.017406 -0.000765 0.000012 0.000553 0.000960 0.032321 0.031337 0.433408 0.041432 -0.000171 0.000052 0.001151 0.001694 -0.000379 -0.052752 -0.011445 0.006155 -0.666556 -0.211634 0.362502 0.707862 1.018977 1.782342 2.329031 0.888331 1.000101 2.398803 3.139278 2.561072 1.532809 3.761528 5.037811 4.918762 3.116776 2.556768 0.370799 0.226999 -0.015659 -0.196425 0.775013 1.692645 3.694283 3.746055 2.018082 0.703575 0.002949 0.662713 0.646153 0.665869 -0.000543 -0.000828 -0.040400 -0.029510 -0.000104
0.306424 0.411044 -0.011724 -0.015352 -0.046884 -0.005852 -0.010322 0.000682 0.015157 0.025639 0.026919 0.010779 0.090498 -0.012376 -0.010459 0.000163 0.000139 -0.000761 -0.096635 0.042993 0.511543 -0.382560 -0.161491 0.252252 0.754062 0.926365 1.615316 2.604317 2.069124 1.846993 2.606694 2.436929 2.163445 1.496367 3.845866 4.708220 4.051091 2.428899 3.092917 0.334599 -0.069798 -0.290188 -0.222403 0.118710 0.963732 3.580536 4.161816 2.044906 0.693821 0.348145 0.650050 0.632361 0.652070 -0.000543 -0.055219 -0.020972 -0.021919 -0.004387
0.337575 0.433998 -0.148715 -0.179117 -0.135464 -0.011411 -0.023274 0.000847 0.008672 0.010828 0.008968 0.000538 0.000379 -0.020981 -0.032447 -0.000457 -0.000979 -0.029767 0.033971 0.456882 0.729980 -0.158308 -0.063344 0.336073 0.837758 0.519439 1.708248 2.782854 2.933573 2.794873 3.241975 2.292002 2.553253 0.952068 3.928000 5.177224 4.338507 1.740128 3.097761 -0.077977 -0.548077 -0.321601 0.129999 0.345393 1.012602 4.371915 4.896513 2.947265 1.108339 0.750124 0.933518 0.541887 0.559411 -0.059835 -0.033528 0.030583 0.066569 -0.028177
0.286922 0.544417 0.535734 0.445286 0.900709 -0.038966 -0.011166 0.000149 0.000222 0.000139 0.000096 -0.000037 0.000345 -0.038482 -0.081977 -0.000969 -0.001339 0.020512 0.131296 0.551402 0.821245 -0.066558 0.054121 0.049519 0.027817 0.568719 1.606979 2.992215 3.308453 3.407927 3.970520 3.064475 0.665068 0.520099 4.147223 5.394645 4.218437 0.836815 3.055082 -0.604313 -0.432561 -0.262336 0.717338 0.309011 0.830007 4.095818 6.075644 3.436747 1.321765 1.023618 0.769670 0.604170 0.460116 0.016490 -0.016899 0.087816 0.252158 0.074954
0.169156 0.070413 1.121506 1.083855 1.311304 0.037932 0.023702 0.000314 -0.000222 0.000011 -0.000072 -0.000254 0.000909 -0.046566 -0.137916 -0.000786 -0.034075 0.054426 0.164299 0.572882 0.834888 -0.087849 0.061950 0.001167 0.031329 0.101780 2.018699 3.754528 4.076861 3.643193 4.081396 1.788131 0.061883 0.300923 5.533781 5.837807 4.003436 0.626016 3.779596 -0.521717 0.140304 0.018445 0.004199 0.014367 0.544653 4.603364 6.741079 3.285789 1.297619 1.098290 1.047495 0.555489 1.073864 0.133994 0.082859 0.205739 0.246308 0.027097
0.101375 0.027864 0.021829 0.015013 0.030568 0.051002 0.012718 0.000402 -0.004495 -0.000321 -0.000518 0.007913 0.000813 0.023790 -0.104070 -0.017281 0.113780 0.030103 0.133483 0.654383 0.789927 -0.111520 0.098574 0.000137 0.000919 0.173591 1.493477 4.111944 4.293819 5.415257 3.192149 1.886361 0.106570 0.168554 4.225889 5.799917 4.414921 1.614290 5.135763 0.074996 0.000124 0.000000 0.000000 0.000000 0.882835 4.751625 6.980761 3.526495 1.373786 1.319983 0.697496 0.518886 0.033902 0.024781 0.738635 0.031433 0.006435 0.008750
0.029619 0.024545 0.000063 0.000253 0.003929 0.017207 0.001046 0.000044 -0.016429 -0.004713 -0.000535 0.042324 0.260594 0.123717 -0.040199 -0.013793 0.013065 -0.055939 0.101874 0.328918 0.590436 -0.117780 0.048775 -0.001104 0.001477 1.041574 2.713409 2.319752 2.704083 2.921375 3.032201 1.820257 0.416515 0.887608 5.531747 3.998671 1.771021 0.451359 2.372024 0.253158 -0.000429 -0.002252 -0.007606 0.040710 3.279034 5.792361 5.715774 3.149193 1.279156 0.982833 0.570579 0.022467 0.007560 0.011070 0.011767 0.001351 0.000000 0.000000
0.001042 0.000444 -0.000063 -0.000143 0.000000 0.000000 -0.000159 -0.004018 -0.019564 -0.018233 0.002635 0.141831 0.150668 0.024189 0.122156 0.001782 -0.022152 -0.107696 0.095230 0.535304 0.288322 0.000574 0.058995 -0.128426 0.252462 2.156219 2.476523 1.672762 1.931391 2.238431 2.787680 1.934533 0.402608 1.221875 5.205071 5.227264 2.017570 1.846408 2.238527 1.269235 0.255156 -0.001047 0.329500 1.517820 5.262763 5.844606 3.323741 1.473404 0.922686 0.654088 0.021755 0.000338 0.000339 0.000001 0.000000 -0.001309 -0.011411 -0.009979
-0.001676 -0.002620 -0.018063 -0.008407 -0.008066 -0.008066 -0.017690 -0.012392 -0.022577 -0.146260 0.002615 0.251843 0.018987 0.041151 0.300598 0.127605 0.292897 -0.380424 0.105231 0.506817 0.005283 0.001225 -0.078456 -0.379822 0.935322 2.328196 3.219080 1.217111 0.945828 1.343860 1.527810 1.189101 -0.125432 1.069399 4.339773 6.193736 4.485905 2.918918 3.401364 2.293255 0.396475 0.002975 0.561330 3.058558 5.643587 5.774312 2.654672 0.868314 0.502444 0.303370 0.000431 0.000009 -0.000240 -0.000544 -0.000108 0.019683 -0.337133 -0.323524
