use_cases/Flooding_chicago/flooding_data/output/hUy_1140.asc
ncols 337
nrows 393
xllcorner 428428.000000
yllcorner 4602440.000000
cellsize 26.757400
NODATA_value -9999.000000
[rows 156 to 181 of 393, columns 174 to 231 of 337]
0.286517 0.107552 0.029901 0.025964 0.062779 0.646519 0.462701 0.308022 0.170107 0.011473 1.188546 0.344420 -0.245061 0.379001 0.014381 0.000882 0.040063 0.068775 0.020619 0.000372 0.000222 0.000103 -0.017481 0.804111 1.141041 0.057806 0.020150 0.037251 0.045265 0.010604 0.001028 0.001447 0.014817 0.005878 0.005878 0.000199 0.000063 0.041307 0.197300 0.126061 0.115784 0.009416 1.138252 1.214870 1.290914 0.147315 -0.000126 0.000051 0.001960 0.015203 0.016841 0.004840 0.007960 0.038299 0.068491 0.036684 0.042949 0.078293
0.500474 0.140896 0.031683 0.034165 0.074835 0.241700 0.651597 0.274600 0.198122 0.033890 1.370555 0.407002 -0.602370 0.134237 0.015493 0.000551 0.007338 0.030646 0.006665 0.000296 -0.000222 -0.000103 0.302969 1.318524 1.083627 0.004814 0.009283 0.015794 0.016200 0.001347 -0.000293 -0.000214 0.000000 0.000000 0.000000 -0.000070 -0.000064 0.071168 0.095275 0.056092 0.046880 0.790784 1.217390 1.205459 3.021638 2.551133 0.999305 0.000413 0.001073 0.003328 0.004978 0.019427 0.042211 0.023610 0.017920 0.008656 0.035063 0.160691
1.994552 0.003211 0.022985 0.060163 1.256131 0.179687 0.235423 0.719371 0.470984 0.010163 1.831996 0.770689 0.359557 0.162863 0.071206 0.028362 0.015861 0.005140 0.000236 -0.001021 -0.001488 -0.000804 0.345451 1.347466 0.715001 0.000000 0.000000 0.000000 0.000067 -0.000082 -0.018995 -0.017889 -0.000912 -0.007126 -0.007164 -0.006508 0.014005 0.359797 0.121574 0.099163 0.088778 0.400060 0.125759 0.092511 0.089475 3.131478 1.897615 0.002254 0.002125 0.014818 0.021716 0.023318 0.031189 0.002722 0.000112 0.000190 0.014516 0.059737
0.907087 0.015956 0.103925 0.092881 0.093219 0.179764 0.230017 0.315850 0.038630 0.010865 0.029435 0.989766 0.420143 0.146257 0.132298 0.132813 0.028857 0.032762 -0.000554 -0.001791 -0.001276 -0.000542 0.194510 1.396488 0.629708 -0.004123 -0.009243 -0.005350 -0.000464 -0.000305 -0.014467 -0.025448 -0.001630 -0.018884 -0.014489 -0.016955 0.053917 0.322796 0.216821 0.135859 0.064432 0.178023 0.057493 0.024201 0.044759 2.601629 0.900091 0.022439 0.012705 0.008546 0.011871 0.013661 0.017314 0.001373 -0.015335 -0.001852 0.000875 0.003139
0.640093 0.039678 0.059260 0.068656 0.040064 0.298743 0.245456 0.112156 0.040072 0.008787 0.026281 0.269978 0.488170 0.156355 0.138491 0.131340 0.020652 0.021968 0.154050 0.012847 -0.038920 -0.004110 -0.118220 1.271136 1.342971 -0.096917 -0.021526 -0.017250 -0.006827 -0.009953 -0.021188 -0.084876 -0.042761 -0.037631 -0.021670 -0.026295 0.161971 0.356328 0.183262 0.556930 0.082928 0.017057 0.003342 0.056233 0.167566 3.304487 0.856119 0.015311 0.005266 0.000172 0.000396 0.000555 0.008192 0.000291 -0.043503 -0.025772 -0.003599 -0.001166
0.636271 0.042521 0.048434 0.035974 0.069888 0.251659 0.161624 0.162750 0.034161 0.004268 0.017790 0.088978 0.566696 0.186414 0.140039 0.101876 0.018621 0.022622 0.034566 0.026770 0.402283 0.254329 -0.511126 1.721897 1.530442 0.001232 -0.220818 -0.030245 -0.018023 -0.026817 -0.011961 -0.131949 -0.075265 -0.040989 -0.034366 -0.199153 1.310056 0.473730 0.218748 0.272255 0.159161 0.014247 -0.000167 0.204556 0.554431 2.587999 0.091403 0.007330 -0.000002 -0.000132 -0.000330 -0.000401 -0.000013 -0.000105 -0.045714 -0.383254 -0.028555 -0.003073
0.611516 0.040985 0.040198 0.029671 0.093363 0.104661 0.191070 0.179117 0.041217 0.000726 0.006453 0.085904 0.199311 0.202270 0.073520 0.033522 0.014472 0.015885 0.018809 0.035971 0.029063 0.030034 -0.912875 1.774401 1.225386 -0.042772 0.035501 -0.925795 -0.037654 -0.064256 -0.027871 -0.118397 -0.090647 -0.048239 -0.094982 0.212251 0.560157 0.037844 0.041861 0.033684 0.005907 -0.000472 0.034971 0.538283 0.822954 1.662016 0.010609 -0.000307 -0.008845 -0.023905 -0.007649 -0.010911 -0.007095 -0.005456 -0.037897 0.006053 -0.654063 -0.001302
0.790961 0.010119 0.037760 0.007246 0.098439 0.073956 0.174434 0.149545 0.049877 0.001264 0.000046 0.000001 0.517655 0.550955 0.000008 0.000240 0.000465 0.000309 0.014588 0.008709 0.010026 0.009327 -0.124293 1.795871 1.360518 0.102544 0.058713 -0.588737 -0.175266 -0.450229 -0.017065 -0.053366 -0.036884 -0.013454 0.105484 0.269489 0.560679 0.014231 0.026820 0.009722 0.000668 0.000113 0.159962 1.052651 1.345051 0.390682 0.014680 -0.000293 -0.037391 -0.067725 -0.018348 -0.024269 -0.015830 -0.018718 0.995493 0.195176 -0.499879 -0.025172
0.502444 0.004500 0.022563 0.006153 0.082854 0.093888 0.077416 0.116097 0.047248 0.002570 0.000575 0.000579 0.465757 0.526540 0.206571 -0.000612 -0.057946 -0.000422 0.000009 0.000805 0.000506 0.000182 0.276203 1.796580 1.344310 0.098792 0.089621 -0.328398 -0.092795 -0.314169 -0.014958 -0.024379 -0.008626 0.003916 0.307267 0.144092 0.093115 0.000256 0.007213 0.000326 0.000114 -0.000053 0.416654 1.564403 0.668983 0.094618 0.049555 0.008968 -0.124551 -0.157508 -0.364325 -0.021420 -0.017745 -0.092919 2.110088 0.269124 -0.604552 -0.150273
0.653977 0.038065 0.007134 0.020878 0.048600 0.063848 0.064246 0.077477 0.008754 0.003490 0.001914 0.007105 0.081528 0.398739 0.422215 0.170332 -0.011814 0.062429 -0.096936 0.000072 0.000625 -0.000079 0.236436 1.396257 1.000511 0.211955 0.199349 -0.122834 0.005736 -0.046429 0.004342 -0.003605 0.048865 0.040128 0.033761 0.282398 0.053977 0.000023 -0.000003 -0.000208 -0.000181 0.440909 0.814146 0.822703 0.462145 0.239941 0.007358 0.033078 0.045361 0.057492 -0.686443 -0.138902 -0.086900 0.048805 2.683471 0.103058 -0.744926 -0.152684
0.324628 0.019788 0.025215 0.061444 0.016732 0.015886 0.144625 0.025171 0.024197 0.006319 0.002153 0.007426 0.026746 0.268912 0.628829 0.401107 0.093881 0.204633 -0.104448 -0.000806 0.001353 -0.000628 0.092221 1.676255 0.390070 0.043305 0.271775 0.088228 0.152273 0.010502 0.002025 0.002689 0.007297 0.013221 0.021696 0.113989 0.173667 -0.000535 -0.007113 -0.006560 -0.006644 0.593005 1.386156 0.921883 0.027677 0.022446 0.006225 0.041975 0.014950 0.253833 -0.124348 -0.046374 0.003868 0.135220 2.858706 0.047703 -0.265886 0.092581
0.002012 0.002421 0.016458 0.035794 0.013253 0.018732 0.078390 0.086199 0.066760 0.011987 0.003358 0.046466 0.303767 0.433244 0.015413 0.014686 0.028106 0.517226 -0.079889 -0.000658 0.006632 -0.000279 0.201555 2.010019 0.162734 0.110151 0.217537 0.274518 0.221725 0.161639 0.021893 0.018643 0.001028 0.006516 0.010711 0.000268 0.198838 0.084952 -0.013213 -0.008252 -0.016665 0.824044 1.425982 0.896206 0.001892 0.000000 0.017577 0.024415 0.011339 0.011137 0.036362 0.000691 0.066569 0.294300 1.220291 0.015870 0.031843 0.782410
0.007160 0.020203 0.020818 0.032762 0.009692 0.016882 0.102636 0.049940 0.022403 0.038177 0.021118 0.078515 0.079107 0.024605 0.008878 0.007729 0.012165 0.024025 0.013614 0.005986 0.037909 0.235638 0.420424 2.682552 0.055899 0.020893 0.012538 0.129063 0.028095 0.053751 0.041438 0.006785 0.000176 0.000000 0.000000 -0.000116 0.177998 0.257993 0.431914 0.130542 0.110532 0.462660 0.540595 0.411516 0.005165 0.006157 0.020886 0.001200 0.000980 0.000522 0.008993 0.094780 0.175310 0.225061 0.614290 0.000753 0.005960 0.024138
0.014625 0.011594 0.017907 0.026555 0.007652 0.015534 0.097113 0.010667 0.008727 0.016963 0.008740 0.027622 0.024392 0.013006 0.001269 0.000581 0.000369 0.000369 0.012621 0.000664 0.006518 0.141004 0.268210 1.740158 0.204024 0.015646 0.010461 0.094780 0.019047 0.026111 0.030900 0.002570 -0.001025 -0.007312 0.024606 0.256378 0.904940 0.322993 0.479618 0.007155 0.008611 0.958446 0.620766 0.416062 0.004937 0.008584 0.018705 0.001948 0.000935 0.000138 0.000445 0.022070 0.024402 0.015316 0.853629 -0.000047 0.000435 0.015370
0.036427 0.000560 0.006400 0.010089 0.000791 0.008770 0.040187 0.000289 0.000000 0.000000 0.000144 0.000145 0.000010 0.000000 -0.000189 -0.000271 -0.000029 -0.000006 -0.000001 -0.000031 -0.000001 0.166596 0.308210 1.032972 0.273645 0.001384 0.007845 0.056163 0.016903 0.014873 0.014238 0.001034 0.011688 -0.227350 0.059818 0.195048 0.436300 0.400763 0.034825 0.006014 0.000240 0.605127 1.123544 0.353508 0.007941 0.002846 0.004366 0.001065 -0.000126 -0.000477 0.000161 0.000028 0.000412 0.031918 0.730365 0.263796 -0.000025 0.000003
0.010524 0.000294 0.000100 0.000015 0.000365 0.000514 0.002417 0.000426 -0.024035 -0.008489 -0.000455 -0.000138 -0.005514 -0.014544 -0.042810 -0.006047 -0.000575 -0.000373 -0.018059 -0.019078 -0.009281 0.308119 0.411261 0.451531 0.277739 0.000697 0.001364 0.011612 0.011892 0.008449 0.000609 0.003051 0.043711 0.224223 0.195469 0.127681 0.061639 0.030106 0.024365 0.022153 0.036079 0.356406 0.885398 0.369645 0.024152 0.006508 0.006978 -0.001100 -0.000924 -0.017734 -0.116946 -0.001508 -0.000533 0.066160 0.593069 0.310803 -0.093281 -0.005981
0.040155 0.001030 -0.000202 -0.008620 -0.000832 -0.000372 -0.000644 -0.000695 -0.042917 -0.017376 -0.019042 -0.018343 -0.033753 -0.119925 -0.047757 -0.008978 -0.001782 -0.007096 -0.063139 -0.079665 0.409852 0.658646 0.845901 1.156222 0.261908 0.000257 0.000293 0.000059 0.000000 0.000000 0.000138 0.024192 0.186498 0.305250 0.024663 0.018278 0.011702 0.000822 0.000784 0.058110 0.097587 0.577813 0.816839 0.407430 0.086366 0.023760 0.021940 -0.028530 -0.015039 -0.571302 0.037768 0.304205 -0.000784 0.133191 0.810946 0.572546 0.138614 -0.042075
0.101353 0.013290 -0.011509 -0.023651 -0.007252 -0.000594 -0.000839 -0.005703 -0.046294 -0.040064 -0.044799 -0.045770 -0.230837 -0.417513 -0.255370 -0.013084 -0.002004 -0.094258 -0.020613 -0.019747 0.635581 0.671926 0.826605 0.537249 0.197994 0.000730 0.000161 -0.000563 -0.015479 -0.008148 -0.000281 0.033458 0.064436 0.023880 0.019647 0.002332 0.000086 -0.000048 0.001314 0.205268 0.276791 0.810282 0.771066 0.711462 0.101874 0.034981 0.017302 -0.080238 -0.106607 -0.180228 0.270628 0.403137 0.110726 0.168291 0.269253 0.196093 0.102287 0.065092
0.065053 0.006789 -0.157398 -0.025033 -0.017111 -0.005813 -0.017237 -0.016187 -0.046049 -0.032642 0.144216 0.182224 0.920402 -0.229844 -0.201093 -0.125885 -0.161269 -0.058956 -0.053151 0.046242 0.799317 0.884844 0.731110 0.024091 0.000629 0.000250 -0.000357 -0.021878 -0.025216 -0.009660 -0.000336 0.004829 0.026004 0.017078 0.014909 0.009978 0.018447 0.011529 0.001447 0.512901 0.339836 0.246001 0.168970 0.055113 0.124451 0.035770 0.012817 0.113641 0.697713 0.810984 0.897991 0.744742 0.370848 0.011541 0.009500 0.010918 0.000849 0.140861
0.017283 0.001968 -0.086765 -0.005459 -0.026339 -0.016094 -0.036119 -0.035487 -0.048664 0.151595 0.735906 0.531379 1.174791 -0.159858 -0.146939 -0.090706 -0.890365 -0.569725 0.385990 0.481186 0.825440 0.006881 0.009560 0.000808 -0.000478 -0.000851 -0.023841 -0.036900 -0.326853 0.021901 -0.157528 0.018898 0.019973 0.016627 0.005486 0.006024 0.006719 0.054306 0.794832 0.910703 0.069248 0.041283 0.045624 0.018812 0.076206 0.035340 0.048726 0.060478 0.102694 0.017499 0.019934 0.022886 0.018454 0.001738 0.001264 0.000493 -0.000071 0.298947
0.000235 -0.000108 -0.050105 -0.056568 -0.050084 -0.042425 -1.105518 0.287181 0.107834 1.184433 0.461184 0.003929 0.009889 0.025598 0.001640 0.120966 0.142114 0.274025 0.512830 0.433021 0.597395 0.000000 0.000000 -0.000181 -0.008595 0.053305 -0.027586 0.681039 -0.347436 -0.180881 -0.073527 0.014833 0.012783 0.006076 0.000000 0.000090 0.003794 0.077764 0.485112 0.166393 0.096093 0.016032 0.003525 0.054585 0.039725 0.058387 0.016445 0.033949 0.033472 0.007670 0.000662 0.000192 0.000098 -0.000194 -0.000501 -0.000334 -0.018485 0.485455
-0.000069 -0.009312 -0.005597 -0.048462 -0.076115 -0.167749 -0.284388 0.438365 0.325981 1.021173 0.000286 0.000000 0.000000 0.000000 0.359395 0.351684 0.367755 0.255837 0.126063 0.060258 0.035553 -0.005878 -0.005878 -0.159395 -0.152042 0.503119 0.192417 0.892143 -0.463590 -0.411640 0.030617 0.004239 0.007565 -0.000171 -0.005912 -0.000274 -0.000006 0.000145 0.562658 0.001172 0.010838 0.009657 0.015477 0.105574 0.069022 0.000568 0.015915 0.006387 0.000592 0.000164 -0.000036 -0.000094 -0.000069 -0.018825 -0.021494 -0.010825 0.144436 0.389026
0.029828 -0.034773 0.033386 0.040297 -0.061509 -0.042573 0.133029 0.224348 0.247715 1.057546 -0.279786 -0.029105 -0.028378 -0.014079 0.544496 0.587310 0.030271 0.014508 0.010038 0.000869 0.000302 -0.010435 -0.170410 -0.122626 -0.134390 0.591339 0.264336 0.791602 -0.567338 -0.214879 0.008858 0.000091 -0.000330 -0.010632 -0.013850 -0.008869 -0.008589 -0.000302 0.656625 -0.000045 0.000607 0.001496 0.008821 0.016122 0.136386 0.000852 0.000360 0.000360 -0.000058 -0.000101 -0.008177 -0.007254 -0.007955 -0.034007 0.120994 0.070882 0.217569 0.492853
0.008418 0.003565 0.047795 0.015016 0.033317 0.160145 0.221142 0.156191 0.317340 0.999206 -0.276448 -0.137267 0.167957 0.358357 0.290628 0.033803 0.023761 0.006981 0.000577 -0.000061 -0.000014 -0.000614 0.031269 -0.063807 -0.145978 0.509722 0.217845 0.867095 -0.472654 0.001403 0.000657 -0.000145 -0.000483 -0.022394 -0.010919 -0.014880 -0.019381 0.150764 0.856940 -0.187345 -0.000189 0.000444 0.000222 0.008416 0.036908 0.000322 -0.000360 -0.000360 -0.007280 -0.006327 -0.027484 -0.018834 -0.023984 0.005660 0.250777 0.117840 0.258127 0.543907
0.000671 0.028120 0.034140 0.003875 0.013167 -0.096528 0.396782 0.022643 0.536144 1.176745 -0.112405 -0.073244 0.469259 0.563085 0.000131 0.000330 0.000401 0.000013 -0.000072 -0.012197 -0.001486 -0.001083 0.081398 0.064500 -0.083856 0.476992 0.237132 0.994660 -0.479773 0.033389 0.001452 -0.001868 -0.004128 -0.019082 -0.022900 -0.055045 -0.005321 0.141125 0.507261 -0.077013 0.000041 -0.000439 -0.000222 0.000066 0.000128 -0.000424 -0.014314 -0.009512 -0.021978 -0.013741 -0.004377 -0.001069 0.002827 0.019619 0.209291 0.330984 1.382151 0.835455
0.001379 0.018213 0.003863 0.000839 0.000889 0.001988 0.003613 0.073498 0.756655 1.409336 -0.059147 -0.155933 0.478350 1.031232 -0.000136 -0.000396 -0.000555 -0.010370 -0.006348 -0.032921 -0.029991 0.304164 0.161336 0.326674 0.127968 0.605564 0.359967 1.784047 -0.105866 0.036361 0.000831 -0.002622 -0.003894 -0.004978 -0.003346 -0.007277 -0.078102 0.029691 0.293656 0.087183 0.003218 -0.008627 -0.006627 -0.000539 -0.000303 -0.002917 -0.051303 -0.023546 -0.029643 -0.002145 0.009228 -0.000320 -0.000036 -0.000002 0.396439 0.328258 1.079739 0.730395
