use_cases/Flooding_chicago/flooding_data/output/hUy_3600.asc
ncols 337
nrows 393
xllcorner 428428.000000
yllcorner 4602440.000000
cellsize 26.757400
NODATA_value -9999.000000
[rows 104 to 129 of 393, columns 236 to 294 of 337]
0.527425 0.164277 -0.007285 0.426158 1.339984 2.424532 2.631580 3.418043 2.885512 0.462954 0.695779 2.200781 3.292714 4.268561 4.630733 2.290075 0.049973 -0.000001 -0.000021 0.000013 0.000003 1.110750 1.863572 0.884484 0.075029 0.048034 0.150516 2.496130 0.367027 -0.095053 -0.074674 0.361834 0.313026 0.564344 3.718163 4.112984 5.522209 5.428044 5.240674 7.419563 6.299577 5.386198 5.857980 4.328455 2.590869 0.100329 -0.074632 0.001230 0.000136 0.000757 0.110203 1.339000 0.680310 0.281265 0.130626 0.001017 0.002073 0.000595 0.001391
0.997909 0.608042 -0.045644 0.820761 1.745230 2.445781 1.758088 3.177761 2.619674 0.742594 1.182811 2.828403 3.588812 4.373565 4.264031 1.813786 0.066304 0.006708 -0.000021 -0.000022 -0.000004 0.111574 1.369653 0.942047 0.116805 0.095548 0.076899 1.603458 0.029828 0.066594 0.651547 1.020527 1.195978 2.872835 5.524140 5.296703 6.638643 4.564579 5.838213 7.172279 5.699291 4.831993 4.305684 3.129646 1.853982 -0.514049 -0.195558 0.000283 0.000151 0.000855 0.008899 0.001018 0.001270 0.000368 0.002318 0.003208 0.001974 0.001317 0.000770
1.087408 0.882337 0.186645 1.143899 1.596069 1.596972 1.676483 1.865989 0.947035 1.145774 1.539124 3.545533 3.349955 4.234517 3.406861 1.081093 0.055476 0.000000 -0.000013 -0.000014 -0.000207 1.039968 1.150646 0.918484 0.469362 0.350188 0.428936 1.284648 0.087097 0.021037 1.639802 2.463297 1.695183 3.610285 6.001626 3.883943 3.558645 4.605452 6.638719 6.443706 5.836033 3.965003 3.794741 2.377725 1.329112 -0.713048 -0.000107 0.000110 0.000128 0.000964 0.004589 0.001329 0.000366 0.000481 0.000306 0.001471 0.002121 0.001877 0.000128
0.859105 1.156182 0.547708 1.233152 1.472151 1.773849 1.487204 1.607394 1.356230 1.428356 2.674761 3.967696 4.078711 3.558785 2.369120 0.162712 0.132260 -0.000000 -0.000004 -0.000154 -0.143042 1.447380 1.362568 0.818791 0.485358 0.365244 0.718221 1.373679 0.584427 0.384961 2.227877 2.229916 2.513098 4.456690 5.816244 4.056942 3.503921 5.138140 6.836436 7.415130 4.748830 3.289020 0.899042 1.395410 1.361679 -0.816967 0.008182 0.000001 0.000001 0.000775 0.000831 0.001001 0.000408 0.000152 0.000113 0.000395 0.001092 0.000715 0.000003
1.247018 1.551866 0.762269 1.101673 1.578028 1.420481 1.611583 1.773149 1.551983 2.054831 3.027629 4.786841 3.985372 3.055164 1.641426 0.165533 0.154417 0.077972 -0.000049 -0.177489 0.432723 1.838874 1.258606 0.850922 0.628025 0.536010 1.502983 1.564425 1.075180 1.753642 2.978530 1.996464 3.393474 5.432913 6.024568 4.366072 3.767722 3.324932 3.007993 6.218446 4.885034 1.508951 0.766544 1.495055 1.361294 -0.512656 0.008804 -0.000001 -0.000001 0.000017 0.000014 0.000004 0.000262 0.000063 0.000001 0.000137 0.000063 0.000001 0.000000
1.556326 1.633785 0.855730 1.100175 1.327072 1.235623 1.276098 1.424152 1.624810 2.442762 4.164575 4.224156 2.235511 2.586861 0.187289 0.191664 0.161246 0.109815 -0.035454 0.349812 1.080646 1.926234 0.899817 0.984917 0.829870 1.319349 2.668023 2.316676 2.297121 2.434227 2.699798 2.679383 3.446082 3.993161 4.415496 4.509357 2.337264 3.348166 2.889208 5.677582 3.767757 1.733692 0.752041 0.981991 0.960757 0.084798 0.013384 -0.000119 -0.000227 -0.000013 -0.000001 -0.000000 -0.000000 -0.000000 -0.000001 0.000000 0.000000 0.000000 0.000103
1.593174 1.675157 0.917932 1.171024 1.417749 1.254928 1.055033 1.191392 1.423456 2.364161 4.204448 4.171384 2.478638 1.527503 0.217010 0.535541 0.169602 0.143861 0.091544 0.612535 1.216470 1.748055 1.569089 1.683659 2.363028 3.247294 4.047624 2.958204 3.038868 2.809584 3.239656 2.818782 3.134377 3.598548 4.319969 2.531328 2.408065 2.251064 3.191330 4.585899 1.847066 1.890394 0.269245 0.192629 0.254845 0.283470 0.070659 -0.000478 -0.001115 -0.000348 -0.000638 -0.000159 -0.000317 -0.000132 -0.000067 -0.000002 -0.000105 -0.000000 0.000259
1.691538 1.617588 1.035719 1.366202 1.373082 1.198462 1.016025 1.188556 1.540168 3.055904 4.370416 4.126960 1.572304 1.529042 0.629683 0.774760 0.486761 0.409898 0.427098 0.760752 1.696819 2.245549 2.500184 2.632807 2.867156 3.877030 4.610927 3.378203 2.990099 3.167545 3.685314 2.395723 1.889688 2.116826 2.723685 2.496613 3.768233 3.001906 1.796928 1.972267 3.042280 1.609479 0.359607 0.018305 0.095800 0.379178 0.224382 -0.002508 -0.002597 -0.000737 -0.001655 -0.001390 -0.000544 -0.000346 -0.000229 -0.000279 -0.000240 -0.000002 -0.000099
2.149868 1.615847 1.337634 1.405014 1.260918 0.961531 0.621884 0.779465 1.142439 2.941378 5.804509 4.534723 2.103013 2.158083 1.161117 0.985193 0.544484 0.492150 0.486254 1.354483 2.679056 3.201307 3.163159 2.965976 3.312931 3.959266 4.250696 3.057789 3.000664 3.576296 2.721150 1.131975 1.565970 1.904657 2.935987 4.025151 4.430957 2.149062 1.776856 2.036583 1.301607 1.292892 0.290346 0.018241 0.125973 0.209168 0.408980 0.445610 -0.328378 -0.686319 -0.511185 -0.002366 -0.004980 -0.007799 -0.024352 -0.000590 -0.000510 -0.000006 -0.001313
2.615402 1.940513 1.368758 1.475921 1.239396 0.817879 0.626306 0.807956 1.183866 2.871818 4.684721 3.782017 2.225486 2.141212 1.282261 1.097496 0.542713 0.623485 1.280542 1.865545 2.898147 3.461654 3.034361 3.045888 2.799346 3.214873 3.965890 3.002737 2.069840 2.403272 1.374971 1.232432 1.590897 1.787202 4.907614 5.618103 3.901704 1.860714 0.864318 1.195059 0.455737 0.373694 0.011847 0.013813 0.001238 0.000063 1.228696 0.427589 -0.095974 -0.390380 -0.121503 -0.215095 -0.012533 -0.000229 0.032076 -0.033277 -0.015982 -0.000051 -0.000601
2.442561 2.249690 1.285066 1.432709 0.980545 0.836811 0.562498 0.646893 1.124347 2.888688 3.598031 3.894244 1.842250 2.488250 1.473824 1.527511 1.262273 1.071390 1.843183 2.248000 2.919260 3.324709 3.417924 3.473212 3.126146 3.322406 3.585139 2.908629 2.237939 1.985030 1.994988 1.281517 1.861150 2.698871 5.427694 6.450815 4.107976 0.356643 0.375521 0.372582 0.000942 0.000636 0.001249 0.003625 0.001439 0.000043 0.545573 0.390306 -0.139120 -0.192270 0.112325 0.528093 -0.000916 -0.000186 0.034925 -0.025113 -0.001009 -0.000049 -0.000131
2.479312 1.777549 1.236989 1.098689 0.667882 0.481968 0.388907 0.510463 0.814346 2.371287 3.808569 4.004864 3.170162 2.711945 1.832071 2.070770 1.860237 1.445487 2.067013 2.537039 2.689526 3.466759 3.319178 2.892426 2.841782 2.802503 3.098141 2.420838 1.916717 2.358603 1.906667 1.750264 1.137604 3.848362 7.351763 6.538501 2.641106 -0.176167 0.232100 0.006806 0.000417 0.000085 0.000059 0.003909 0.000007 0.000001 0.000258 0.422733 -0.227349 -0.187277 0.117853 0.615673 -0.000408 0.000359 0.016149 0.020376 0.000131 -0.000014 -9999.000000
2.375828 1.291515 0.988567 1.081621 0.666959 0.220888 0.147698 0.304762 0.542179 2.464536 5.078324 5.200189 4.145786 3.528691 2.597366 2.343900 2.218574 2.360204 2.238553 2.546433 2.938455 3.370584 3.407875 2.919799 2.678779 2.425300 2.470902 1.772766 1.960461 2.096103 1.733598 1.656311 1.489972 2.014830 6.735304 2.824373 1.837528 0.012943 0.002677 0.009889 0.000006 0.000298 0.000109 0.001014 0.000097 -0.000001 0.000140 0.002945 -0.102132 -0.230703 0.020482 0.911517 -0.013793 0.000000 0.000001 0.000000 0.000000 -9999.000000 -9999.000000
2.282152 1.125666 0.919795 0.998287 0.290763 0.005924 0.000002 0.000001 0.019113 2.825050 6.604980 6.655432 5.519386 4.358883 3.197226 2.729554 2.291312 2.464117 2.625348 3.112179 3.198314 3.347915 3.745928 3.074838 2.532225 1.851539 1.539848 1.494945 1.537421 1.363344 1.110750 1.063030 0.609655 1.590844 5.330265 3.618328 1.718135 0.005276 0.000414 0.010143 0.000278 0.000433 0.000001 0.000002 0.000000 -0.000147 -0.000001 0.001620 0.000245 -0.029394 -0.028830 0.485855 0.000000 -0.000104 -0.000001 -9999.000000 -9999.000000 -9999.000000 -9999.000000
1.933741 0.975899 0.795777 0.503216 0.070519 0.033179 0.000009 -0.000000 -0.024723 3.059433 7.033758 6.640973 5.503965 4.041473 3.290285 2.069693 2.695854 3.490936 3.443708 3.496277 2.977160 3.175842 3.606447 2.798782 1.675033 1.434277 0.826668 1.503787 1.243400 0.789426 0.839209 0.945110 0.121332 2.338291 3.591657 5.190970 1.524502 0.000096 -0.000019 0.000015 0.000528 0.003557 -0.000001 -0.000002 0.001282 -0.063882 0.073793 0.008451 0.001260 0.078631 0.000886 0.002676 0.000005 -0.000144 -9999.000000 -9999.000000 -9999.000000 -9999.000000 -9999.000000
0.766830 0.523600 0.461287 0.318912 -0.326124 -0.213110 -0.000007 -0.000001 0.000278 3.362331 7.427892 8.082849 6.573576 5.461492 3.844600 2.621712 3.059922 3.717319 3.827520 3.519982 2.335290 2.710046 3.728142 2.072378 1.320538 0.997454 0.520712 1.055789 0.746562 0.787122 0.930984 0.498319 0.351023 0.932670 2.664032 6.252367 1.912894 0.333214 0.020624 0.014915 0.000263 0.005552 -0.030639 -0.031789 0.005549 0.004561 0.005353 0.008398 0.006563 0.056989 0.005093 0.000007 0.000000 -9999.000000 -9999.000000 -9999.000000 -9999.000000 -9999.000000 -9999.000000
0.139428 0.274259 0.266507 0.317711 -0.414664 -0.278674 -0.000058 -0.000438 0.368023 4.333244 8.654149 7.857739 6.274771 4.794547 4.165386 3.081995 3.284017 3.923860 3.721528 2.988193 2.220189 2.995518 3.696212 1.963891 0.759783 0.395725 0.266484 0.001275 0.000594 0.001159 0.040080 0.089328 0.125129 0.329462 3.215404 6.425254 2.213620 0.655042 0.106253 0.062714 0.041698 0.012209 -0.006327 0.053620 0.005362 0.006167 0.000091 0.000777 0.002899 0.003778 0.002018 0.000138 -9999.000000 -9999.000000 -9999.000000 -9999.000000 -9999.000000 -9999.000000 -9999.000000
0.286784 0.273206 0.301108 0.513853 -0.455169 0.000394 -0.000023 0.180835 2.035527 7.435439 9.035439 8.083701 6.412878 4.759958 3.421854 3.985000 3.390719 3.970093 3.314566 2.409817 1.388789 2.254032 2.264045 0.951281 0.000120 0.000013 0.000090 0.000117 0.000365 0.000545 0.001698 0.003530 0.000442 0.383750 3.167737 6.846625 2.680171 0.297999 0.071108 0.014377 0.025974 0.023010 -0.017874 0.058398 0.003094 0.000008 0.000076 0.000717 0.000224 0.000638 0.000109 0.000125 -9999.000000 -9999.000000 -9999.000000 -9999.000000 -9999.000000 -9999.000000 -9999.000000
0.000144 0.000350 0.000333 0.001625 0.000181 0.000171 -0.000000 0.357595 2.525641 7.508721 9.284576 8.161339 6.313560 5.367814 3.634932 3.052887 2.922903 3.272641 2.432220 1.510637 0.965421 1.990873 2.092642 0.019836 0.000020 0.000055 0.002655 0.000383 0.002991 0.000045 0.001119 0.000664 0.000250 0.320146 3.291866 7.559981 2.771823 0.413776 0.067929 0.004626 0.048011 0.029558 -0.014778 0.075733 0.034622 0.000652 0.000009 0.000069 0.005181 0.004583 0.000194 0.000004 -9999.000000 -9999.000000 -9999.000000 -9999.000000 -9999.000000 -9999.000000 -9999.000000
0.000000 0.000013 0.000190 0.000016 0.000004 0.000000 -0.000000 1.243967 4.031785 8.625302 9.908734 8.347949 6.179760 5.175827 3.375473 2.972020 3.049656 2.717858 1.575531 1.044203 0.421365 1.691625 2.275621 -0.439497 0.002556 0.002705 0.001454 0.002628 0.000989 0.000115 0.000126 0.000164 0.000005 0.081143 1.444510 6.430245 4.296137 0.693421 0.089606 0.019339 0.092025 0.062901 0.002462 0.002116 0.000653 0.000659 0.000211 0.002610 0.001565 0.000501 0.000005 -9999.000000 -9999.000000 -9999.000000 -9999.000000 -9999.000000 -9999.000000 -9999.000000 -9999.000000
0.000099 0.000006 0.000002 0.000000 -0.000002 -0.000000 -0.000001 1.946285 4.641166 9.901615 10.592080 10.060321 6.843217 4.899138 3.276555 2.475390 2.781960 2.139804 1.122897 0.572012 -0.144860 1.100249 2.442797 -0.551014 0.000323 0.000871 0.000608 0.000463 0.000273 0.000001 0.000004 0.000001 0.000000 0.072559 0.647563 4.859751 6.028275 1.273724 0.246035 0.035251 0.045671 0.003840 0.001796 0.000197 0.000472 0.000065 0.000393 0.001996 0.000102 0.000001 -9999.000000 -9999.000000 -9999.000000 -9999.000000 -9999.000000 -9999.000000 -9999.000000 -9999.000000 -9999.000000
0.004598 0.000546 0.000004 -0.000001 -0.000118 -0.000152 -0.000001 3.289131 5.758381 12.987911 14.462775 9.635962 6.014498 4.212330 2.669176 2.613307 2.619828 1.862531 0.795373 0.292920 -0.569897 1.060868 2.335913 0.032938 0.000240 0.000193 0.000097 0.000007 0.000443 -0.000001 -0.000004 -0.000001 -0.000000 0.093229 0.166785 2.234171 7.808922 5.010960 0.518606 0.000567 0.010778 0.006501 0.000091 0.000000 0.000019 0.000010 0.000540 0.000514 0.000007 -9999.000000 -9999.000000 -9999.000000 -9999.000000 -9999.000000 -9999.000000 -9999.000000 -9999.000000 -9999.000000 -9999.000000
0.000596 0.000928 0.000010 -0.000161 -0.000531 -0.354024 0.389902 4.863460 7.798515 14.723566 15.089572 9.475340 5.628756 3.908872 1.538204 2.034226 1.958053 1.424839 0.666211 0.474871 -0.447217 0.005743 0.000530 0.000319 0.000083 0.000001 0.000000 0.000000 0.000000 0.128344 0.185954 0.123249 0.187906 0.127605 0.029235 0.103688 5.921426 5.637755 2.542024 0.000242 0.007202 0.005992 0.000975 0.000071 0.000001 0.000027 0.000446 0.000005 -9999.000000 -9999.000000 -9999.000000 -9999.000000 -9999.000000 -9999.000000 -9999.000000 -9999.000000 -9999.000000 -9999.000000 -9999.000000
0.000503 0.001187 0.001718 -0.001443 -0.810066 0.091034 1.699971 4.674297 7.988088 14.981554 14.710879 9.285709 4.326258 2.272990 0.857172 1.880733 1.759435 1.262619 0.845705 1.162800 0.253636 0.003499 0.000224 0.000003 0.000000 -0.000000 -0.000000 -0.000000 0.114848 0.133332 0.000122 0.000194 0.000118 0.000545 0.000020 0.000875 2.924898 6.265808 2.913267 0.003744 0.003917 0.000836 0.001737 0.000182 -0.000001 0.000016 0.000034 -9999.000000 -9999.000000 -9999.000000 -9999.000000 -9999.000000 -9999.000000 -9999.000000 -9999.000000 -9999.000000 -9999.000000 -9999.000000 -9999.000000
0.000152 0.000771 0.009671 0.167616 -0.704556 0.512242 2.821074 5.687265 9.197378 17.387281 17.565676 10.500043 4.020357 0.578766 0.138186 0.827298 0.849178 0.816507 0.819749 2.054908 0.130415 0.043730 0.000010 0.000012 0.000001 -0.000001 -0.000001 0.028698 0.106308 0.000002 0.000002 0.000004 0.000001 0.000003 0.000002 0.000305 2.358730 5.859887 5.018201 0.001853 0.000308 0.001394 0.001931 0.000276 -0.000001 0.000019 0.000110 0.000020 -9999.000000 -9999.000000 -9999.000000 -9999.000000 -9999.000000 -9999.000000 -9999.000000 -9999.000000 -9999.000000 -9999.000000 -9999.000000
0.000279 0.000021 0.074583 0.329808 0.198709 0.357871 1.598905 6.337957 10.647142 14.270944 12.798384 10.077259 5.125287 0.531566 0.366561 0.957194 1.048549 0.347231 0.595024 0.753782 0.259955 0.127630 0.000071 0.000937 0.000015 0.000008 -0.000002 0.037700 0.060763 0.000002 -0.000001 -0.000004 -0.000001 0.000007 0.000006 0.000342 1.647922 6.681489 5.078852 0.000023 0.000082 -0.005566 0.124748 0.004435 0.000045 0.000005 0.000968 0.000033 -9999.000000 -9999.000000 -9999.000000 -9999.000000 -9999.000000 -9999.000000 -9999.000000 -9999.000000 -9999.000000 -9999.000000 -9999.000000
