use_cases/Flooding_chicago/flooding_data/output/hUy_3540.asc
ncols 337
nrows 393
xllcorner 428428.000000
yllcorner 4602440.000000
cellsize 26.757400
NODATA_value -9999.000000
[rows 156 to 181 of 393, columns 177 to 235 of 337]
0.660442 1.551314 0.796624 0.085385 -0.118483 0.542084 0.802161 0.794493 -0.289358 1.242174 0.256846 0.005896 0.000011 0.002357 0.003789 0.000520 0.000001 0.000001 0.000000 0.692311 2.950743 3.791403 0.930945 0.000501 0.001183 0.001608 0.000278 0.000009 0.000012 0.000341 0.000075 0.000075 0.000000 0.000000 0.047275 0.247624 0.168198 0.290265 1.308321 0.772116 0.080625 -0.226745 1.113810 0.428804 -0.002054 0.000025 0.000536 0.000619 0.000063 0.000061 0.002012 0.037763 0.033788 0.397809 0.051287 1.460736 -0.001571 0.000074 -0.000002
0.503862 0.654841 0.853447 0.184139 -0.309957 0.407149 1.077708 0.829578 -0.674111 0.993513 -0.161747 0.001749 0.000005 0.000173 0.001776 0.000196 0.000001 -0.000001 -0.000000 1.180741 3.729678 4.124816 0.000378 0.000146 0.000305 0.000350 0.000012 -0.000003 -0.000001 0.000000 0.000000 0.000000 -0.000000 -0.000000 0.098312 0.123277 0.070455 0.059410 2.697990 0.855556 -0.045833 -0.470243 1.878432 0.457315 -0.094084 0.000004 0.000035 0.000058 0.000715 0.002158 0.001148 0.000892 0.000452 0.843083 0.089311 2.058828 0.008632 0.000000 -0.000136
0.473442 1.988026 0.901637 0.292871 -0.274854 0.600768 1.362352 0.611609 -0.994517 1.229794 0.684575 0.017732 0.003874 0.000946 0.000044 0.000002 -0.000014 -0.000011 -0.000001 1.310653 3.521685 3.412580 0.000000 0.000000 0.000000 0.000000 -0.000000 -0.000293 -0.000284 -0.000001 -0.000117 -0.000119 -0.000140 0.033958 0.476674 0.157354 0.119785 0.109979 1.986152 0.973201 0.190256 -0.342769 2.250572 0.650028 -0.072290 0.000007 0.000483 0.000772 0.000676 0.001009 0.000028 0.000000 0.000011 0.415171 0.614973 1.800924 0.000159 -0.000010 -0.000067
0.475672 0.332321 0.137224 0.918420 1.309080 1.375555 0.000131 0.000711 0.468049 2.386966 0.078264 0.041306 0.037937 0.001597 0.001920 -0.000005 -0.000019 -0.000011 -0.000011 1.549275 3.741362 2.295698 -0.000200 -0.000133 -0.000065 -0.000002 -0.000001 -0.000264 -0.001174 -0.000011 -0.000358 -0.000246 -0.000346 0.111396 0.443004 0.268527 0.152142 0.076546 0.198811 0.071099 0.028076 -0.138647 2.405791 0.663987 -0.180993 0.000439 0.000179 0.000288 0.000371 0.000371 0.000003 -0.001456 0.000150 0.485721 0.546128 0.259714 -0.000000 -0.000008 -0.001296
0.005478 0.002869 0.041222 0.033243 0.012503 0.001973 0.000106 0.000541 0.128712 0.219727 0.063319 0.051765 0.039330 0.001567 0.001265 0.027266 0.000968 -0.005463 -0.000258 1.484773 3.542804 2.639775 -0.368055 -0.000348 -0.000270 -0.000091 -0.000222 -0.000386 -0.009189 -0.003860 -0.002321 -0.000870 -0.000988 0.294276 0.516714 0.230921 0.505241 0.093238 0.020347 0.003861 0.047959 -0.095252 2.828723 0.586755 0.301157 0.000101 0.000000 0.000002 0.000003 0.000165 0.000000 -0.038377 0.108339 0.517885 0.652525 -0.000002 -0.000535 -0.001223 -0.346668
0.002743 0.006010 0.033538 0.018533 0.017058 0.001689 0.000057 0.000365 0.030068 0.261690 0.079347 0.056056 0.030759 0.002180 0.001924 0.002067 0.003307 0.477158 0.276226 1.889050 4.514189 3.006891 -0.002223 -1.564076 -0.125738 -0.000529 -0.001197 -0.000461 -0.014299 -0.007119 -0.002827 -0.001948 -0.076691 1.934064 0.740073 0.290145 0.255154 0.179152 0.017591 0.000169 0.173976 0.097542 2.396773 0.552477 0.000158 -0.000000 -0.000000 -0.000001 -0.000002 -0.000000 -0.000000 0.919635 0.235304 0.452517 0.427234 0.020372 -0.482036 0.000919 -0.021236
0.002308 0.008373 0.010795 0.023911 0.020942 0.002745 0.000005 0.000116 0.034437 0.081523 0.076351 0.031263 0.010214 0.002513 0.001666 0.001056 0.001791 0.001085 0.003573 2.307659 4.497502 2.515721 -0.634260 -1.074432 0.128687 -0.154518 -0.123640 0.019074 -0.073104 -0.058392 -0.030939 -0.072080 0.510013 0.908983 0.003363 0.002023 0.001209 0.000071 -0.001249 0.021109 0.455276 0.616066 2.383525 0.021730 -0.000000 -0.000196 -0.000610 -0.000139 -0.000218 -0.000125 -0.000109 1.351437 0.031269 0.127316 0.240901 -0.003420 -0.413706 0.091242 0.210222
0.000258 0.008063 0.006180 0.021261 0.016010 0.003937 0.000017 0.000000 0.000000 0.278202 0.224262 0.000000 0.000001 0.000000 0.000002 0.000331 0.000174 0.000258 0.000810 1.048843 4.136322 2.563399 -0.056068 -0.629525 0.287169 0.195496 -0.172872 0.014807 -0.021177 -0.005840 -0.000499 0.299422 0.612213 0.971929 0.000598 0.000886 0.000143 0.000003 0.000000 0.113016 0.903167 1.132639 0.535805 0.005902 0.001853 -0.010672 -0.011601 -0.000397 -0.000578 -0.000339 -0.001841 1.594490 0.176761 0.041537 0.216962 -0.017756 -0.562708 0.255238 0.452748
0.000122 0.006660 0.008534 0.007054 0.011402 0.004320 0.000050 0.000009 0.003845 0.321594 0.202906 -0.005739 -0.000002 -0.120449 -0.000002 0.000000 0.000002 0.000002 0.000001 0.705900 3.927254 2.817869 0.244062 -0.314235 0.403491 0.331161 -0.151539 0.027630 -0.010288 0.013627 0.009364 0.537857 0.343474 0.268650 0.000005 0.000113 0.000001 0.000000 -0.000000 0.322316 1.338035 0.529764 0.062127 0.026997 0.002381 -0.011821 0.435574 -1.075138 -0.014600 -0.006823 0.181612 2.300063 0.225295 -0.019010 0.071631 -0.023187 -0.520586 0.406732 0.734025
0.000531 0.003062 0.004944 0.002795 0.007380 0.000241 0.000085 0.000022 0.004219 0.090180 0.156915 0.131158 0.118644 -0.079303 0.039893 -0.019777 -0.000001 0.000005 -0.000000 0.338053 3.102789 2.447579 0.191116 0.109096 0.577185 0.529538 -0.079051 0.016340 -0.003079 0.066136 0.043862 0.019129 0.571706 0.283282 0.000033 -0.000000 -0.000001 -0.000000 0.267997 0.664847 0.736478 0.362779 0.178743 0.000422 0.006733 0.051196 0.527429 -1.307908 -0.061911 0.057464 0.247641 2.386807 0.238200 -0.167482 -0.030493 -0.026935 -0.542827 0.610022 1.079147
0.003614 0.000365 0.000355 0.012929 0.000784 0.000875 0.000138 0.000021 0.000080 -0.010268 0.070523 0.325384 0.271362 -0.072217 0.093383 -0.018088 -0.000002 0.000020 -0.000003 -0.092714 3.435564 1.908696 0.113257 0.350814 0.290147 0.745040 -0.118137 -0.001032 0.001317 0.000568 0.000502 0.000633 0.260260 0.596673 0.000243 -0.000100 -0.000092 -0.000119 0.369907 1.186479 0.851737 0.003602 0.002216 0.000286 0.003463 0.004112 0.455990 -0.342651 0.016268 0.127289 0.339920 2.491560 0.217026 -0.101384 -0.051738 0.019205 -0.515378 0.705650 1.315231
0.001137 0.000233 0.000372 0.003803 0.006112 0.005272 0.000295 0.000021 0.002738 0.113079 0.197676 0.000353 0.000318 0.000642 0.265917 -0.018367 -0.000002 0.000132 -0.000005 -0.434983 3.868401 2.097710 0.204516 0.807177 0.131444 0.977535 -0.057606 0.040320 0.014732 0.000274 0.000355 0.000334 0.001016 0.647060 0.355378 -0.001342 0.121761 0.042761 0.480045 1.119784 0.755755 0.000042 0.000000 0.001146 0.002142 0.000633 0.000463 -0.207795 0.022967 0.170509 0.619315 2.635824 0.316552 0.085636 -0.027181 0.117204 -0.472845 0.923278 1.542223
0.000935 0.000142 0.000387 0.005659 0.002597 0.000829 0.002194 0.001150 0.003971 0.003612 0.000701 0.000210 0.000165 0.000366 0.001103 0.000392 0.000081 0.003649 0.614601 0.066286 4.622567 2.707445 0.081184 0.000522 0.077856 0.008701 0.038351 0.047177 0.016253 0.000588 0.000000 0.000000 0.009501 0.583761 0.930917 0.883618 0.222890 0.167956 0.206731 0.256040 0.203811 0.000260 0.000366 0.001638 0.000014 0.000010 0.000002 0.002499 0.105102 0.316946 0.704455 1.255555 0.026846 0.019367 0.319642 0.711922 0.005739 1.410547 1.949916
0.000830 0.000147 0.000294 0.005156 0.000208 0.000140 0.000333 0.000167 0.000817 0.000704 0.000354 0.000010 0.000004 0.000001 0.000002 0.000156 0.000004 0.000116 0.421935 0.718644 3.709664 0.903848 0.003713 0.000773 0.007978 0.002209 0.008960 0.041987 0.027308 0.002635 -0.006734 0.197153 2.162539 2.121679 1.099895 0.606008 0.003534 0.001893 0.481903 0.287132 0.148964 0.000073 0.000414 0.001251 0.000039 0.000017 0.000001 0.000003 0.018653 0.038356 0.054075 1.445725 0.062115 0.000002 0.000427 0.000303 0.001064 0.949272 1.158369
0.000276 0.000004 0.000192 0.001565 0.000001 0.000000 0.000000 0.000000 0.000000 0.000000 0.000000 -0.000001 -0.000002 -0.000000 -0.000000 -0.000000 0.000000 0.000000 0.554462 0.891609 1.931533 1.214286 0.001274 0.000952 0.003555 0.000355 0.000284 0.036182 0.073678 0.246971 0.052421 0.241135 0.672607 0.937195 0.849463 0.030994 0.001173 0.000015 0.262931 0.609527 0.080270 0.000083 0.000073 0.000124 0.000041 0.000002 -0.000002 0.000002 -0.000000 0.000003 0.073131 1.226021 0.514984 -0.000000 0.000000 0.000001 0.000015 1.262615 1.386771
0.000000 0.000003 0.000003 0.000038 0.000007 -0.000805 -0.000209 -0.000001 -0.000000 -0.000117 -0.000335 -0.001914 -0.000116 -0.000001 -0.000002 -0.001323 -0.001605 -0.000711 0.879323 1.053344 1.045713 0.990633 0.001614 0.000011 0.000274 0.000303 0.000182 0.043569 0.237741 0.431206 1.297830 0.479716 0.412305 0.210816 0.068666 0.020178 0.005185 0.007064 0.078068 0.494358 0.102752 0.000546 0.000238 0.000268 -0.000021 -0.000012 -0.000796 -0.033847 -0.000021 -0.000008 0.090425 0.957120 0.516384 0.126985 -0.008560 -0.000001 -0.000004 2.938453 1.539256
-0.000191 -0.000005 -0.000003 -0.000012 -0.000007 -0.001644 -0.000637 -0.000637 -0.000530 -0.003268 -0.096848 -0.001921 -0.000139 -0.000006 -0.000363 0.068182 0.092072 0.897781 1.619182 1.769392 1.816376 0.727137 0.000877 0.000001 0.000000 0.000000 0.000000 0.154036 0.543075 0.867109 1.050292 0.000521 0.000465 0.000299 0.000005 0.000016 0.011820 0.025953 0.196360 0.483556 0.150015 0.008059 0.001923 0.001813 -0.002265 -0.000857 -0.205683 -0.093599 0.140426 -0.000006 0.104082 0.827874 0.595624 0.600187 0.629886 -0.000216 0.411893 3.515802 1.752023
-0.000617 -0.000131 -0.000003 -0.000004 -0.000166 -0.001904 -0.001640 -0.002512 -0.063380 0.825507 -0.209268 -0.549642 -0.000228 -0.000023 0.126884 0.147509 0.201595 1.337159 1.838334 1.679541 0.784163 0.401394 0.000471 0.000001 -0.000003 -0.003375 -0.001949 0.422703 0.701313 0.558321 0.000480 0.000357 0.000017 0.000000 -0.000000 0.000071 0.060528 0.112764 0.467337 0.463397 0.358463 0.011604 0.003043 0.001387 -0.011723 -0.005501 -0.058180 0.079960 0.212004 0.044050 0.134022 0.240601 0.252132 0.294066 0.963632 -0.000457 1.665120 2.722843 2.149901
-0.000760 -0.000322 -0.000068 -0.000531 -0.000478 -0.001647 -0.010821 0.847702 1.000391 1.296790 -0.341867 -0.468632 -0.248721 -0.199293 0.022430 0.603497 0.853030 1.655356 1.459462 1.034694 0.049251 0.000314 0.000321 -0.000002 0.308128 -0.024595 0.287603 0.548753 0.477469 0.008280 0.000279 0.000230 0.000233 0.000664 0.001816 0.000150 0.207351 0.151484 0.095647 0.040995 0.005612 0.014921 0.003573 0.000594 0.011870 0.294951 0.449032 0.487674 0.425242 0.206358 0.000372 0.000340 0.000753 0.000642 1.484986 1.070177 1.758348 3.103682 1.441192
-0.000052 -0.000734 -0.000368 -0.001302 -0.001934 -0.030871 0.621598 1.340379 0.708650 1.487798 -0.458152 -0.361527 -0.216761 -0.710605 -0.214008 0.824382 0.973551 1.446939 0.006005 0.002461 0.000140 0.000846 0.000291 -0.029685 0.590965 0.281886 0.328534 0.630226 0.322172 0.000531 0.000321 0.000056 0.000107 0.000151 0.016158 0.371807 0.458410 0.019259 0.005394 0.004062 0.000786 0.007740 0.002062 0.004865 0.004623 0.006981 0.000383 0.000499 0.000632 0.000510 0.000019 0.000013 0.000003 0.002499 2.075228 1.463176 1.875959 1.722218 1.913551
-0.006805 -0.003212 -0.002435 -1.464260 0.515609 0.618547 1.638877 0.789719 0.000040 0.000118 0.023406 0.001535 0.104861 0.141457 -0.146196 0.754531 0.744037 0.857160 0.000000 0.000000 -0.000013 0.188963 0.017129 0.311943 0.895658 0.356876 0.277782 0.229227 0.001606 0.000357 0.000124 0.000000 0.000000 0.000067 0.029015 0.223477 0.077811 0.032898 0.000364 0.000035 0.003019 0.001499 0.003860 0.000339 0.000921 0.000916 0.000150 0.000004 0.000000 0.000000 -0.000001 -0.000006 -0.000002 0.518620 2.550538 0.543725 0.359278 1.714689 1.950441
-0.007676 -0.009063 -0.038455 -0.949792 0.650855 0.884551 1.410907 0.004278 0.000000 0.000000 0.000000 0.756694 0.516435 0.539986 0.654505 0.644677 0.434901 0.117997 -0.001235 -0.002735 -0.122898 0.473855 0.089824 0.319216 0.909328 0.207230 0.166337 0.135240 0.000121 0.000197 -0.000000 -0.000078 -0.000000 -0.000000 0.000000 0.253716 0.000007 0.000261 0.000242 0.000474 0.011188 0.001462 0.000001 0.000376 0.000094 0.000003 0.000000 -0.000000 -0.000000 -0.000000 -0.032601 -0.050901 -0.032047 1.849729 2.174399 0.602994 0.397378 1.916836 2.341917
0.006475 -0.020268 -0.465896 -0.769404 0.534771 1.055155 1.588245 0.064825 -0.049991 -0.046156 -0.027052 1.085368 0.804475 0.030041 0.000242 0.000194 0.000004 0.000053 -0.049420 -0.010648 -0.155309 0.655806 0.116987 0.255094 0.572935 0.037131 -0.107287 0.001074 0.000000 -0.000002 -0.000226 -0.000226 -0.000171 -0.000213 -0.000000 0.319008 -0.000000 0.000004 0.000012 0.000206 0.000314 0.013191 0.000002 0.000002 0.000002 -0.000000 -0.000000 -0.000255 -0.000221 -0.000207 0.350341 1.118335 1.080047 1.830158 2.385306 0.764782 0.258048 1.225895 1.873909
0.000881 0.014034 -0.588651 -0.365380 0.532329 1.009579 1.611986 0.070385 0.015624 0.102287 0.507310 0.586365 0.035114 0.012618 0.000118 0.000003 -0.000000 0.000116 -0.059990 0.010815 -0.174349 0.728498 0.183309 0.174502 0.444197 -0.109479 -0.019224 0.000004 -0.000000 -0.000002 -0.000484 -0.000240 -0.000357 -0.002038 0.125733 0.396225 -0.099056 -0.000001 0.000003 0.000001 0.000161 0.001233 0.000001 -0.000002 -0.000002 -0.000150 -0.000143 -0.000786 -0.002049 -0.008057 0.818776 2.255805 1.764313 1.988353 2.372948 0.517291 -0.393854 0.634331 0.878447
0.000052 0.000979 -0.434530 -0.319908 0.512392 1.011699 1.342497 -0.046632 -0.109890 0.094803 0.626401 0.000000 0.000001 0.000002 0.000000 -0.000000 -0.003247 0.001012 -0.106169 0.080649 -0.212517 0.783012 0.170942 0.139788 0.326387 -0.233747 0.175793 0.000010 -0.000015 -0.000077 -0.000702 -0.001098 -0.005240 -0.000708 0.100619 0.165774 0.023977 0.000007 -0.000001 -0.000001 0.000000 0.000000 -0.000007 -0.000365 -0.000219 -0.000563 -0.000595 0.000004 0.000879 0.011373 1.475254 2.433367 3.255424 4.601446 2.932898 0.614732 0.267219 -0.239544 -0.015468
0.000006 0.000014 0.000037 -0.007462 0.244032 1.015009 1.291559 -0.096429 -0.217259 0.034260 1.236842 -0.000000 -0.000002 -0.000003 -0.000273 -0.000153 -0.273966 0.057975 -0.412291 0.297193 -0.186787 1.078177 0.253312 0.215658 0.393611 -0.272708 0.001885 0.000007 -0.000044 -0.000069 -0.000067 -0.000018 -0.000147 0.110183 -0.047906 -0.001903 0.231196 0.000184 -0.000264 -0.000093 -0.000002 -0.000001 -0.000014 -0.002518 -0.000931 -0.001043 -0.000005 0.000615 0.000393 0.028184 1.496074 3.245740 3.170511 3.925960 2.236115 0.137025 0.737623 -0.615346 -0.426821
