use_cases/Flooding_chicago/flooding_data/output/hUy_1800.asc
ncols 337
nrows 393
xllcorner 428428.000000
yllcorner 4602440.000000
cellsize 26.757400
NODATA_value -9999.000000
[rows 182 to 207 of 393, columns 232 to 289 of 337]
0.014411 1.503773 -0.312419 0.824030 -0.873921 -1.938150 -3.164853 -0.044573 -0.010387 -0.005155 -0.001578 -0.000275 -0.000247 -0.000331 -0.000006 -0.018541 0.526660 0.235159 -0.122465 -0.159315 0.427674 0.235851 0.066663 0.117643 -0.055381 -0.000340 -0.000565 0.925179 0.577300 0.651350 0.852247 0.941111 0.675391 0.278748 0.200691 0.090039 -0.029563 -0.090873 -0.163216 0.713078 2.363179 3.554123 3.372335 2.918254 2.354743 2.162688 1.223883 1.743540 1.095587 0.245749 0.319827 0.053904 0.085479 -0.001810 -0.109960 0.119883 -9999.000000 -9999.000000
0.006946 0.028560 0.065724 0.069871 0.051025 -0.954625 -4.819522 -1.233499 -0.104032 -0.052667 -0.034852 -0.007908 -0.000554 -0.006855 -0.007296 0.689523 1.079443 0.305309 -0.120221 -0.202270 0.287903 0.089791 -0.025787 0.016202 -0.055020 -0.049421 0.932471 1.068922 0.636152 0.531670 0.747982 0.809291 0.378708 0.073365 0.017773 -0.000828 -0.001445 0.001713 -0.209283 0.865741 2.135185 3.086390 3.424084 3.973630 2.695474 2.567655 1.327779 1.073077 0.508230 0.009427 0.219351 0.054039 0.294706 -0.077464 -0.309846 0.164472 -9999.000000 -9999.000000
0.001173 0.024922 0.017799 0.047370 0.016870 0.055834 -2.468234 -2.338556 -1.661445 -0.635718 -0.549807 -0.598486 -0.013719 -0.029969 -0.560604 1.418501 1.192724 0.230433 -0.037688 -0.137990 -0.001782 0.027026 -0.044854 -0.046839 0.055014 0.452759 1.196099 1.158227 0.627959 0.405998 0.926077 0.731212 -0.009124 -0.190505 -0.257253 -0.431153 -0.001023 0.001862 0.002128 1.145924 2.192626 3.111360 4.038201 4.098577 2.970731 3.085334 0.054572 0.028388 0.531960 0.382987 0.015251 0.015239 0.599983 -0.012825 -0.182354 0.286918 0.009905 -9999.000000
0.000849 0.005483 0.008680 0.019570 0.004386 0.016104 -0.017447 -1.865438 -1.394570 -0.887255 -0.473879 -0.793091 -0.292217 -0.350176 0.152992 1.135955 1.008294 0.136486 -0.176690 -0.060113 -0.043663 -0.037527 -0.031309 0.047208 2.031994 2.367734 1.647568 1.934853 0.374365 0.193199 0.354896 0.316750 -0.096480 -1.120691 -0.922771 -0.908775 -0.066128 0.002113 0.004441 1.556968 2.742223 3.541892 4.631986 4.744619 3.328773 1.718480 0.000475 0.005843 0.028280 0.030315 0.007179 0.007180 0.063529 0.038893 0.050580 0.031482 0.005306 -9999.000000
0.000003 0.000222 0.000103 0.000473 0.003048 0.001666 0.000359 -0.329155 -0.371582 -0.489026 -0.212589 -0.475720 -0.242312 -0.285749 0.802043 0.909748 0.620990 -0.395652 -1.133626 -0.123104 -0.081149 -0.024356 0.006173 0.675159 4.135695 3.387851 0.570076 1.271346 -0.005212 0.179950 0.014146 0.010647 -0.109930 -1.121359 -0.660322 -0.568939 0.158296 0.425569 0.797754 1.525281 1.812858 2.765365 4.772985 3.676479 2.090905 1.547685 0.095764 0.000000 0.000770 0.001265 0.000000 0.000000 0.033062 0.000610 0.008881 0.001251 0.001213 0.000734
-0.004859 -0.000222 -0.000103 0.000877 0.004668 -0.000074 -0.000224 -0.019627 -0.124274 0.156627 0.164761 0.334169 0.128494 0.146040 0.688322 0.866941 0.170091 -0.811543 -1.605251 -0.948415 -0.110474 0.019530 0.596116 2.162616 3.634931 0.864279 0.005568 0.028140 0.018576 0.070984 0.027000 0.011553 0.041632 -0.893147 -0.321643 -0.093742 0.710530 1.082251 1.575143 1.229033 1.450962 2.467472 4.312321 3.280363 2.597950 1.178773 0.300267 0.253129 -0.005240 0.050141 -0.011430 -0.017689 -0.000072 -0.000083 0.000000 -0.000872 -0.000032 0.000800
0.342343 -0.008865 -0.002534 0.001492 0.030175 0.028709 0.004558 0.269438 -0.045395 0.316180 0.322575 0.174667 0.535755 0.737975 0.974218 0.955014 0.422356 -0.742722 -1.730483 -1.698520 -0.852366 0.825252 1.645341 2.771924 1.403845 0.000008 0.000326 0.007210 0.006312 0.008374 0.018770 0.000000 0.000000 -0.358937 0.372151 0.532686 1.268166 1.288030 1.232407 1.068444 1.171556 2.525572 4.213900 4.202272 2.302078 1.023012 0.100795 0.223206 0.058546 0.204074 0.008473 -0.045836 0.058852 -0.008878 -0.003663 -0.028281 -0.001221 0.000977
0.205928 0.000938 0.000995 0.003185 0.015639 0.024110 0.043613 0.203240 -0.043861 1.451844 1.152270 0.259242 0.632246 0.778804 0.378899 0.345948 1.134806 -0.268196 -1.507706 -1.255612 -0.310608 0.818828 1.225391 1.270328 0.984371 0.006986 -0.000208 -0.000003 0.000149 0.000160 0.000004 -0.040164 -0.057930 0.211359 0.963278 1.683497 1.749680 1.111500 1.414689 1.239795 1.190219 1.629278 3.604294 2.925876 2.347466 0.435194 0.001795 0.061870 0.060704 0.251392 0.172157 0.197424 0.135749 -0.476107 -0.038949 -0.001885 -0.000187 0.001371
0.012901 0.011288 0.003153 0.004088 0.001546 0.013956 0.016413 0.007952 0.329224 1.754888 0.847880 0.056285 0.337504 0.620616 0.840900 0.658207 0.381069 0.395035 -1.079822 -1.133118 0.410698 0.675398 0.628201 0.836260 0.565339 0.005568 -0.007017 -0.009384 -0.000696 -0.000045 0.008021 0.553511 0.401051 1.020594 1.579439 0.994760 1.024870 1.196365 1.679611 0.675721 0.578568 1.493766 1.868755 2.762393 2.754403 0.433226 0.002516 0.001865 0.048096 0.449000 0.302662 0.198749 0.068768 -0.329102 -0.048706 0.034910 0.000717 0.001638
0.000343 0.000105 0.000222 0.000103 0.000108 0.000377 0.000198 0.141215 1.139232 2.077666 1.270721 -0.278026 0.000165 0.538548 1.453952 0.653834 1.106367 0.432942 -0.831698 -0.822832 0.136842 0.276127 0.281502 0.475242 0.158584 -0.008514 -0.091148 -0.081740 -0.000714 -0.000329 0.040313 0.878056 0.561292 1.243483 1.491569 1.097376 1.140424 1.233944 1.885431 0.634548 0.565190 1.480689 1.670597 2.429666 2.250747 0.669156 0.000898 0.000185 0.054707 0.394051 0.510766 0.167654 -0.064033 -0.198230 0.016685 0.000289 -0.000038 -0.000631
0.000505 -0.000135 -0.000222 -0.000103 -0.000559 -0.000648 -0.000232 0.596698 1.548302 1.779871 0.880170 -0.487179 -0.356524 0.701074 1.609132 0.567822 0.733566 0.006821 0.223409 0.075647 0.187541 0.180974 -0.022450 0.090685 -0.047519 -0.019180 -0.037688 -0.029544 -0.034285 -0.021418 0.906726 1.192325 0.818937 1.625966 1.132435 1.097794 0.938372 1.052479 1.519280 0.671728 0.616702 1.632577 1.541848 2.191330 1.925658 0.522816 -0.034122 -0.079696 0.300727 0.412245 0.468074 0.103540 -0.226583 -0.197713 0.051514 -0.002243 -0.026481 -0.002028
-0.003798 -0.034173 -0.005554 -0.017831 -0.008699 0.459273 0.523995 1.037512 2.033342 0.751666 0.969053 0.319908 0.173637 0.620050 1.704875 0.055034 0.013378 0.004488 0.007735 0.004120 0.000326 0.006791 -0.006302 0.096471 0.092146 0.000316 0.000000 -0.011435 -0.123424 0.441346 1.659699 1.797081 0.932437 0.960280 1.387554 0.914355 1.186142 1.192092 1.460382 1.434439 1.333292 1.596527 2.331215 1.852630 1.764223 0.186294 0.028805 -0.067672 0.246448 0.516277 0.337451 0.049343 -0.405524 -0.344867 0.012940 0.031216 -0.465432 -0.361592
0.662580 0.245770 0.423390 0.513201 0.436059 0.489638 0.806880 0.983265 1.197129 0.716376 1.252109 0.086843 0.117292 0.061542 0.055138 0.027215 0.000360 0.000360 0.000130 -0.000843 -0.000208 -0.000003 0.005030 0.001340 0.000066 0.032139 -0.041377 0.012923 0.864220 1.041260 2.345331 2.028160 1.285618 0.821771 0.932584 1.234844 1.457658 1.334356 1.730940 1.982030 1.402519 1.532769 2.948762 1.856623 1.453442 0.068987 0.041429 -0.224809 0.098246 0.443027 0.460986 0.133185 -0.329803 -0.252112 0.152795 0.179325 -0.573229 -0.256327
1.199526 1.078328 0.892057 0.986858 0.758455 0.539579 0.548260 0.531639 0.284392 0.762057 0.429888 0.111102 0.087413 0.010715 0.018474 0.020447 -0.000360 -0.000360 -0.000130 -0.003659 -0.033907 -0.039106 0.003181 -0.000214 -0.023151 0.525916 0.349227 1.064341 1.596900 1.356278 2.966006 1.547187 0.631460 0.747123 0.918991 0.931064 0.743051 1.418122 2.333686 2.110532 1.705696 1.824296 2.666304 0.500963 0.197538 0.243974 0.119148 -0.394326 -0.061350 0.008834 0.003984 0.333878 0.050529 0.081601 0.380150 0.421768 0.351927 0.257851
2.307910 1.475396 0.930398 1.054070 0.470436 0.005625 0.010960 0.010150 0.012367 0.170304 0.187079 0.278795 0.022191 0.000000 0.000000 0.000269 -0.001198 -0.014124 -0.001999 0.027109 -0.242540 0.597607 0.182532 0.850438 1.001846 2.075064 1.676097 1.390508 1.365544 1.120477 1.561104 0.130513 0.055662 0.892555 0.989820 0.898174 0.731246 2.442840 2.610836 1.705225 1.894256 1.065784 1.001050 0.004123 0.126912 0.374286 0.229721 -0.406230 0.000708 0.000208 0.000003 0.538596 0.485919 0.342490 0.557725 0.574146 0.639560 0.657274
2.217121 0.933443 0.533594 0.018784 0.008926 0.000391 0.000175 0.000068 0.000088 0.049724 0.067326 0.220450 0.017466 -0.001565 -0.003706 -0.000452 -0.001088 -0.030608 -0.004611 0.107175 1.108598 1.875660 0.669074 1.508525 1.224148 1.847701 1.290132 0.412181 0.272052 0.076513 0.022033 -0.020853 0.036348 2.070927 1.719620 1.341754 1.022595 2.216775 2.246966 1.557044 0.830555 0.922107 0.830570 0.009914 0.011687 0.094239 0.284919 -0.157695 0.002727 -0.000326 -0.005982 1.395474 0.417452 0.638994 0.979863 0.746269 0.858674 0.557965
1.880605 0.434449 0.000399 0.000323 0.000418 -0.000121 -0.000142 -0.000065 -0.000086 0.103502 0.121631 0.074510 0.030680 0.000283 -0.003012 -0.014814 -0.038728 -0.011454 -0.030849 1.711601 1.658708 2.084032 1.646232 1.639404 1.038408 1.994494 0.666806 0.008020 0.000514 -0.023052 -0.014125 -0.036488 0.874790 2.775665 1.669445 1.455963 1.020625 1.839201 1.890792 1.115242 0.623081 0.772443 0.709031 0.024354 0.030714 0.096237 0.014371 0.000904 0.007618 -0.003918 -0.341878 1.487326 0.399819 1.036906 1.175307 0.777148 0.700407 0.290513
0.811500 0.150749 0.000076 -0.000405 -0.000586 -0.008838 -0.005341 -0.009811 -0.028381 0.333845 0.192940 0.076561 0.023120 -0.025873 -0.050172 -0.068143 0.165818 0.291620 0.701862 1.788696 0.937708 1.008060 0.476701 0.211607 1.164565 1.361089 0.826336 0.007666 0.005645 -0.015339 -0.007618 0.009903 1.608265 3.450812 2.929603 1.919995 1.032078 1.492135 1.048952 0.703124 0.622305 0.575034 0.522936 0.377903 0.628046 0.006669 0.000347 0.000742 0.000347 -0.001708 0.621808 1.780066 0.912351 1.163973 0.826747 0.525364 0.302829 0.002662
0.527467 0.290735 -0.000803 -0.007010 -0.008057 -0.014782 -0.197166 -0.190478 0.247188 0.453556 0.096459 0.061195 0.000000 -0.014707 -0.107740 -0.021022 0.436710 0.537956 1.068356 0.646073 1.151395 1.277085 0.000360 0.000360 0.420878 1.865124 0.084589 0.015374 0.037602 0.098397 0.103016 0.270053 1.957401 4.784177 3.474237 1.920492 0.183305 0.441739 0.468680 0.355062 0.423023 0.763317 0.758167 0.550027 1.221763 0.019441 -0.000439 -0.001073 -0.000439 0.000890 1.243361 2.243346 0.991511 1.114942 0.222023 0.122113 0.136538 -0.027061
0.469421 0.288815 0.252133 -0.142321 -0.014845 -0.003334 0.228789 0.051023 0.272677 0.272309 0.077058 0.102786 0.007381 0.004072 -0.018933 -0.001472 0.645429 0.821361 0.129280 1.196591 0.547158 0.761305 -0.000360 -0.000360 0.617723 1.073549 0.007853 0.006053 0.016090 0.024721 0.015715 0.090562 3.288607 4.829679 3.402029 2.094692 -0.016620 0.046250 0.014390 0.109420 0.395444 0.383336 0.479094 0.568460 1.546373 0.768509 0.010631 -0.026144 -0.031713 1.016792 2.068384 2.763201 0.484929 0.626480 0.205724 0.005116 0.411876 -0.070311
0.018576 0.018230 0.025379 0.022598 -0.097872 -0.014685 0.399419 0.073912 0.288646 0.291426 0.013073 0.007052 -0.011469 -0.000816 0.001420 0.002160 0.371659 0.361938 0.351508 1.486408 0.017461 0.861166 0.558638 0.511611 0.279719 0.837459 0.013614 0.009072 0.003237 0.002120 0.000129 0.074364 3.068511 3.363623 2.890873 0.464027 0.055572 0.021736 0.017044 0.138928 0.369175 0.032175 0.098411 0.600653 1.444265 1.257011 1.639901 0.752659 0.724689 1.113303 1.376755 1.454986 0.030904 0.028673 0.014373 0.013708 0.020810 0.004714
0.001130 0.007625 0.012741 0.005766 -0.032450 0.006632 0.422364 0.131226 0.013282 0.023480 0.006420 0.000764 -0.021542 -0.040355 -0.004254 0.003943 0.563414 0.527778 2.189036 1.585113 0.634614 0.680405 0.573922 0.640480 0.285779 0.409755 -0.392573 -0.009658 -0.000939 -0.000603 0.024501 1.491443 3.574472 3.904383 1.492040 0.297900 0.117543 0.000709 0.059534 0.076901 0.088224 0.005292 0.008520 0.042538 1.072255 1.387274 1.342552 1.013209 0.965076 1.153687 1.157012 1.066209 0.032579 0.000000 0.020095 0.015438 0.000904 0.006573
-0.000994 0.000000 0.000065 0.000065 -0.006790 0.022787 0.081044 0.001085 0.000990 0.000991 0.000000 0.000025 -0.004456 -0.538278 0.065871 0.291501 0.629448 1.479442 2.108885 0.300986 0.466409 0.438785 0.501711 0.660652 0.000637 0.154978 -0.515880 -0.012401 -0.003982 0.164228 0.783032 1.635605 2.801895 2.063453 1.700948 0.526992 0.118632 0.001474 0.032460 0.022263 0.049785 0.010018 0.000765 0.000527 0.247835 1.503906 1.776077 1.370952 1.288031 1.235372 0.980997 0.822670 0.023632 -0.010573 0.004872 0.000347 0.000742 0.000347
-0.009921 -0.005378 -0.000556 -0.000124 0.002453 0.007583 0.000234 -0.000186 -0.001032 -0.001271 -0.011136 -0.000950 0.000374 0.007894 0.378197 1.071840 1.266155 1.392589 1.504784 0.001077 0.265253 0.493755 0.398601 0.365345 0.000899 -0.019132 -0.381974 -0.006351 -0.002587 0.107213 1.033595 1.912158 3.162602 0.913216 0.883960 0.911833 0.000528 0.001095 0.009010 0.001516 0.020700 0.001937 0.000440 0.000683 0.446346 0.481322 2.111324 1.572224 1.506973 1.352956 0.928419 0.090534 0.010621 -0.020523 -0.018664 -0.000439 -0.001073 -0.000439
-0.015379 -0.014544 -0.004645 -0.000679 0.002773 -0.033513 -0.000524 -0.001162 -0.021203 -0.017783 -0.028094 -0.010268 -0.000638 0.043713 0.851647 0.996606 1.469275 0.556426 0.984327 0.294883 0.378471 0.278106 0.523122 0.394720 0.143002 -0.033643 -0.206499 -0.135730 -0.102274 0.061685 0.448539 0.807502 2.997089 1.064180 1.027531 1.023379 -0.000015 0.000081 0.000222 0.000374 0.000020 -0.000917 -0.000658 0.000527 0.574811 0.630948 2.415036 1.796259 1.682527 1.593590 0.001037 0.000869 0.000404 -0.020993 -0.017882 -0.031571 -0.029140 -0.006655
0.000667 -0.003762 -0.021123 -0.002232 -0.000127 -0.042423 -0.013438 -0.004643 -0.079638 -0.055919 -0.056152 -0.031673 -0.002263 0.148415 1.237573 1.232433 0.935964 0.454156 1.215970 0.362378 0.326752 0.305719 0.306430 0.292814 0.225041 0.181948 -0.078076 -0.137118 -0.148819 -0.073631 0.321444 0.631525 2.469107 1.805010 0.964735 0.997983 -0.000302 -0.000279 -0.000222 -0.000423 -0.005965 -0.014016 0.302683 0.111604 1.074215 1.387822 2.310360 0.796132 1.966493 0.748844 0.000035 -0.000650 -0.000356 -0.006859 0.157686 -0.380718 -0.343702 -0.004053
