use_cases/Flooding_chicago/flooding_data/output/hUy_720.asc
ncols 337
nrows 393
xllcorner 428428.000000
yllcorner 4602440.000000
cellsize 26.757400
NODATA_value -9999.000000
[rows 260 to 285 of 393, columns 58 to 115 of 337]
0.117211 0.064697 0.097766 0.006578 0.018479 0.042359 0.251032 0.080819 0.085939 0.217770 0.027210 0.018058 0.010554 0.009698 0.528028 0.310595 0.007516 0.000135 -0.000484 -0.050651 -0.008872 -0.005770 -0.000519 0.000004 0.005272 0.028881 -0.004136 -0.006618 -0.048371 -0.086255 -0.185775 -0.116073 0.135988 1.233906 1.350628 0.294090 0.255662 0.310261 0.176409 0.172846 0.208892 0.384606 0.340810 0.242401 -0.001558 -0.002116 -0.007503 -0.004212 -0.000334 0.000767 0.000200 0.000222 0.000256 -0.014299 -0.629476 0.041708 0.050246 0.328160
0.083144 0.034824 0.026717 0.013222 0.014586 0.027377 0.253573 0.047912 0.070797 0.072175 0.014934 0.005981 0.000326 0.000121 0.234022 0.265227 0.000051 -0.001455 -0.021373 -0.019841 -0.036351 -0.021654 -0.011860 -0.000689 0.000080 0.006953 -0.002739 -0.002767 -0.028102 -0.052034 -0.005686 -0.042266 0.248613 1.175779 0.533141 0.273740 0.282342 0.017668 0.010728 0.007402 0.003524 0.420620 0.325551 0.262348 0.223715 -0.003433 -0.026460 -0.007709 -0.061201 -0.006511 -0.000033 -0.000222 -0.000066 -0.005546 -0.651981 -0.011861 0.033070 0.109754
0.154937 0.072465 0.051609 0.051149 0.033798 0.065930 0.107285 0.032992 0.017740 0.028735 0.003700 -0.000003 -0.000208 -0.000106 0.276119 0.344524 -0.001233 -0.016048 -0.050043 -0.005944 -0.055918 -0.029122 -0.054938 -0.005691 -0.000381 0.000114 -0.000856 -0.015885 -0.206070 -0.021231 -0.004592 -0.015170 0.844851 1.040971 0.615586 0.030969 0.041976 0.004587 0.035161 0.012505 0.006653 0.342068 0.259768 0.260572 0.341706 0.000322 -0.006462 0.017286 -0.187504 -0.004051 -0.000895 -0.008692 -0.001036 0.006581 -0.474035 0.023656 0.159682 0.139905
0.092851 0.134851 0.112790 0.031255 0.086617 0.130221 0.082869 0.017143 0.034078 0.007013 0.011613 0.012374 0.001528 -0.066644 0.229042 0.642030 0.044465 -0.062290 -0.087454 0.014701 -0.059679 -0.052883 -0.097323 -0.097939 -0.036862 -0.002797 -0.012277 -0.057469 -0.665658 -0.040082 0.673236 0.273572 0.914746 0.913168 1.298734 0.007098 0.017270 0.000370 0.007037 0.032479 0.012690 0.364103 0.221049 0.259038 0.381891 0.147026 0.065267 0.062974 0.068186 0.212827 0.031727 -0.073532 -0.001860 0.005505 -0.230520 0.028164 0.212610 0.278729
0.176774 0.255160 0.009202 0.007457 0.009311 0.020701 0.192795 0.035025 0.046924 0.025530 0.012040 0.024043 0.007268 -0.044458 0.097799 0.673064 0.115931 -0.014811 0.064262 0.065625 0.066757 0.095006 -0.011255 -0.176859 -0.101806 -0.021313 -0.032616 0.632752 -0.041840 0.185679 0.693301 0.306242 0.408322 0.467073 0.689982 0.013383 0.032303 -0.000137 0.000969 0.020622 0.035961 0.056898 0.031015 0.036684 0.335846 0.447362 0.067287 0.148246 0.209267 0.313389 0.080104 -0.022283 0.000541 0.009985 0.078063 0.093807 0.018346 0.032790
0.110137 0.328786 0.000111 0.000219 0.000977 0.009269 0.090664 0.064928 0.092545 0.007823 0.005037 0.063329 0.024601 0.038917 0.102763 0.609109 0.036270 -0.001220 0.008197 0.004669 0.011897 0.012154 -0.007250 -0.086651 -0.103131 -0.086770 0.108713 1.374258 0.230417 0.228759 0.657362 0.040670 0.036597 0.044847 0.021764 0.014934 0.044144 0.000860 0.000908 0.011335 0.006966 0.012952 0.038591 0.047301 0.394628 0.609418 0.317297 0.070209 0.127758 0.148867 0.158980 -0.000004 -0.000104 0.000029 0.000512 0.000383 0.000787 0.000787
0.010910 0.435199 -0.000089 -0.000031 0.001899 0.003137 0.020898 0.140169 0.034737 0.001111 0.010037 0.016014 0.069557 0.052660 0.061518 0.059625 0.002499 0.001094 0.000190 0.000077 0.000000 0.004467 0.000156 0.015438 0.003301 0.181950 0.398593 0.420539 0.247764 0.131750 0.533731 0.099973 0.035943 0.053921 0.000015 0.000637 0.043764 0.006093 -0.000071 0.000000 0.000000 0.041212 0.029556 0.012150 0.067284 0.920668 0.522269 0.140483 0.198388 0.205322 0.183885 0.009800 -0.048837 -0.044936 -0.000284 -0.000383 -0.000787 -0.000787
0.010005 0.394382 0.198868 0.000578 0.002275 0.006603 0.010865 0.037431 0.030232 0.001840 0.004434 0.003432 0.038569 0.003392 0.085866 0.000860 0.000586 0.000035 -0.000036 -0.000542 -0.007444 -0.000259 -0.000108 0.136317 0.164718 0.302388 0.012166 0.033346 0.282676 0.044007 0.442315 0.075996 0.067662 0.373761 -0.007243 0.000055 0.000323 0.002305 -0.000825 -0.002396 -0.007419 0.056823 0.046689 0.017669 0.009604 0.180544 0.147848 0.176002 0.373384 0.385629 0.331601 0.211184 -0.013457 0.232591 0.098357 -0.018067 -0.035520 -0.051284
0.010386 0.078258 0.189708 0.003484 0.001642 0.006848 0.001323 0.000992 0.000460 0.000018 0.003822 0.004925 0.012755 0.002396 0.120807 -0.000020 -0.002850 -0.001133 -0.000442 -0.005361 -0.016928 -0.008579 0.050903 0.309987 0.302461 0.016597 0.018565 0.033520 0.696879 0.033922 0.285177 0.093121 0.057038 0.457576 -0.059249 -0.000618 -0.000399 -0.022551 -0.021873 -0.001355 -0.110259 0.072047 0.051183 0.004690 0.015545 0.013000 0.109538 0.262064 0.283673 0.305190 0.269218 0.324784 -0.018232 0.171787 0.052881 -0.084800 -0.083368 -0.075031
0.047557 0.006265 0.149474 0.002944 0.000421 0.000803 0.000851 -0.000651 -0.000562 -0.026512 -0.003813 0.000360 0.000360 0.000972 0.015352 0.000448 -0.106308 -0.067206 -0.009574 -0.008368 -0.026480 -0.031199 0.170697 0.279439 0.139189 0.012493 0.017299 0.033797 0.025032 0.001489 0.188692 0.153624 0.021034 0.541544 0.010877 -0.005520 -0.013240 -0.029058 -0.024692 -0.020098 -0.009032 0.124804 0.010382 0.014626 0.008096 0.026515 0.128113 0.216313 0.330045 0.342284 0.308830 0.291781 0.067024 0.148940 0.003056 -0.032869 0.044665 0.116611
0.045604 0.016346 0.057360 0.009426 0.001655 0.000464 -0.000581 -0.007000 -0.015282 -0.199191 -0.001691 -0.000360 -0.000360 0.002227 0.001037 -0.002994 -0.036174 0.014453 -0.112275 -0.015533 0.000222 0.006150 0.210048 0.126058 0.012385 0.005903 0.012681 0.020020 0.019670 0.001925 0.157014 0.210968 0.014635 0.523104 0.153191 -0.006056 -0.017335 -0.029655 -0.028537 -0.021587 0.099873 0.016361 0.023457 0.024605 0.019375 0.055883 0.070359 0.051188 0.372266 0.370787 0.359817 0.228728 0.201966 0.307347 -0.031450 -0.041388 0.156481 0.286557
0.014164 0.005203 0.004683 0.004306 0.003446 -0.000153 -0.000498 -0.002546 0.010921 -0.235941 -0.007459 -0.001846 -0.004133 -0.001679 -0.000280 0.001974 -0.039802 0.016904 0.075097 -0.001456 -0.000222 -0.000005 0.187468 0.001445 0.000510 0.001524 0.000816 0.007045 0.022533 0.013844 0.110430 0.214026 -0.031316 0.542766 0.265914 -0.066423 -0.012283 -0.023219 -0.028485 -0.011814 0.005667 0.000000 0.030673 0.031534 0.032396 0.029422 0.026659 0.019519 0.031505 0.039528 0.011629 0.122405 0.118515 0.139231 -0.032720 -0.042700 0.025345 0.087156
0.000222 0.003258 0.000467 -0.001069 -0.004178 -0.000740 -0.000829 -0.000889 -0.002833 -0.211528 -0.006402 -0.001411 -0.004071 -0.003073 -0.001233 0.018719 -0.006742 0.006778 0.099386 0.000336 0.000673 0.008123 0.201928 0.005804 -0.000275 0.000471 0.000035 0.000190 0.011329 0.008066 0.031096 0.081747 -0.035180 0.822228 0.523462 0.474475 -0.032789 -0.030995 -0.009019 0.000155 0.000340 -0.014107 0.024082 0.030152 0.033787 0.038419 0.039401 0.000745 0.000981 0.017212 0.001169 0.019409 0.019954 0.141222 0.010941 0.044276 0.003490 0.012849
-0.000222 -0.004600 -0.004708 -0.005292 -0.006747 -0.000882 -0.000900 -0.000623 -0.037334 -0.227450 -0.004560 -0.000413 -0.001094 -0.000875 0.000044 0.400202 0.127647 0.008855 0.015201 0.003243 0.003298 0.341296 0.209183 0.035431 0.089095 -0.000455 -0.000778 -0.000210 0.000280 0.000519 0.010247 0.020772 0.082167 0.454154 0.292010 0.246983 -0.014277 0.018970 -0.001450 -0.000125 -0.000000 -0.007331 0.033858 0.125410 0.026272 0.031292 0.030360 -0.000000 -0.000000 -0.000000 -0.000124 0.027866 0.034618 0.018779 0.019882 0.013087 0.005382 0.000000
-0.003515 -0.003766 -0.036329 -0.030923 -0.030784 -0.028928 -0.008003 -0.001278 -0.068230 -0.237451 -0.002489 0.000462 0.001851 0.002863 0.001649 0.064042 0.011046 0.000614 0.000472 0.000016 0.007329 0.139143 0.007525 0.006646 0.009706 0.000244 -0.000929 -0.002706 -0.000433 0.000198 0.000005 0.019035 0.059049 0.412999 0.121490 0.064442 0.005482 0.005330 0.086539 -0.009854 -0.000340 -0.019754 -0.014527 0.005540 0.019948 0.025406 0.022039 -0.000745 -0.000981 -0.008191 0.006549 0.122733 -0.038336 0.004109 0.000546 0.000878 0.001200 0.003948
-0.002824 -0.017656 -0.023690 -0.146261 -0.160450 -0.057635 -0.059344 -0.020710 -0.116178 -0.258585 0.000031 0.000512 -0.000228 0.001298 0.000215 0.000014 -0.000006 -0.000453 -0.000517 -0.060858 0.021538 0.012434 0.000000 0.000000 0.000000 -0.000182 -0.000376 -0.001183 -0.010008 -0.000921 0.007782 0.058555 0.066939 0.291156 0.008231 0.023752 0.009264 -0.053124 0.552463 -0.200211 -0.026298 -0.024848 -0.021633 0.004164 0.002886 0.004267 0.001835 -0.001954 -0.002088 -0.115910 0.008353 0.101822 -0.063292 0.000558 0.000211 0.000371 0.000585 0.000339
-0.001850 -0.042542 -0.008595 -0.104349 -0.111782 -0.149683 -0.058399 -0.024152 -0.057905 -0.067281 0.000211 -0.001185 -0.003322 -0.002646 -0.001528 -0.019299 -0.005890 0.046246 0.080379 -0.091445 0.014345 0.021273 -0.003177 -0.006465 -0.008877 -0.001167 0.001727 -0.013349 -0.024030 -0.000388 0.005429 0.075518 0.187986 0.080188 0.005117 0.010881 0.005401 -0.258984 0.840722 0.000931 -0.081290 -0.014862 -0.020899 0.001427 0.004144 0.006855 0.002144 -0.001589 -0.001974 -0.062657 -0.032893 0.000000 0.000000 -0.005793 -0.000433 -0.000783 -0.001290 -0.000472
-0.019471 -0.004772 -0.084114 -0.089903 -0.092015 -0.070792 -0.013706 -0.013200 -0.036733 -0.041685 -0.000671 -0.002410 -0.003293 -0.002345 -0.083460 -0.013642 -0.002031 0.049251 0.105876 -0.069076 0.004417 0.013891 0.000285 -0.068941 -0.064093 -0.002059 0.001414 -0.016460 0.002213 0.010152 0.005843 0.047489 0.139059 0.136079 0.000360 0.000360 0.000088 -0.129215 0.818983 -0.083218 -0.157107 -0.004991 -0.007464 0.000089 0.000717 0.006299 0.000346 -0.000365 -0.002714 -0.051793 -0.036402 -0.044622 -0.042509 -0.008135 -0.000435 -0.000734 -0.024638 -0.022596
-0.037392 -0.021249 -0.505172 -0.227527 -0.200019 -0.041907 -0.017800 -0.022499 -0.011391 -0.096130 -0.009961 -0.018211 -0.007060 -0.012567 -0.107700 -0.003547 0.000679 0.002011 0.132107 -0.046803 0.002837 0.001464 0.000588 -0.020201 -0.016529 0.000718 -0.000926 -0.006899 0.004665 0.002568 0.003119 0.001833 0.001870 0.015343 -0.000360 -0.000360 -0.000088 0.148034 0.766105 -0.244266 -0.058244 -0.001726 -0.003203 -0.001351 -0.003474 0.000180 -0.000180 0.000092 -0.000644 -0.014123 -0.001545 -0.235885 -0.602037 0.002198 -0.024289 -0.015686 -0.018735 -0.020185
-0.033982 -0.297663 -0.401139 -0.177050 -0.131839 -0.020765 -0.019342 -0.061139 -0.075554 -0.153826 -0.080550 -0.029163 -0.003224 -0.196741 -0.091629 -0.000256 -0.000056 0.002646 0.005738 0.004905 0.003268 0.000772 -0.000180 -0.018914 -0.020555 0.000000 -0.001160 0.040162 0.001412 -0.001281 -0.002481 -0.001638 -0.001535 0.000000 -0.009542 -0.005915 -0.006646 0.308283 0.608139 -0.209502 -0.005582 -0.001494 -0.004164 -0.020182 -0.001157 -0.000346 -0.012363 -0.000949 -0.000471 -0.002846 0.057576 -0.178715 -0.250270 0.297081 -0.350482 -0.541455 -0.074682 -0.013353
-0.012772 -0.238996 -0.515098 -0.173090 -0.000360 -0.011071 -0.014350 -0.018275 -0.281264 -0.055045 0.009118 0.014467 -0.001029 -0.167920 -0.070706 -0.000574 0.003150 0.001677 0.008486 0.005289 0.001470 -0.000879 -0.012804 -0.023144 -0.024678 -0.008382 -0.000718 0.001660 -0.002457 -0.003076 -0.016890 -0.074975 -0.072966 -0.003663 -0.022587 -0.016204 -0.014644 1.765694 0.934008 -0.188329 -0.200443 -0.141752 -0.148322 -0.027665 -0.013886 -0.004571 -0.034813 -0.006385 -0.001680 -0.001374 -0.013647 -0.110522 0.009802 0.594719 -0.471570 -0.896324 -0.076391 0.010930
-0.006574 -0.257909 -0.671685 -0.000063 -0.001338 -0.006080 -0.006312 -0.230002 -0.274648 -0.107753 0.012286 0.018851 -0.044852 -0.146037 -0.191523 0.088640 0.033059 0.002551 0.262114 0.031339 -0.000353 -0.002783 -0.020615 -0.026342 -0.022460 -0.009236 -0.005660 0.000912 0.001912 -0.000276 -0.008145 -0.130063 -0.215860 -0.069544 -0.037070 -0.044691 -0.006342 0.713273 0.705856 0.165209 -0.198384 -0.211320 -0.295849 -0.277588 -0.030862 -0.017048 -0.010102 -0.003970 -0.014688 -0.124514 -0.128682 -0.083866 0.382163 0.339657 -0.329315 -0.225313 0.037572 0.010496
-0.003035 -0.000134 -0.524562 -0.183993 -0.104574 -0.047885 -0.074419 -0.205980 -0.220913 0.001935 0.008570 0.005816 -0.042740 -0.115643 0.051094 0.006087 0.009303 0.000934 0.029258 -0.003670 -0.002008 -0.000120 -0.026898 -0.022164 -0.015981 -0.006147 -0.004484 0.000166 0.000534 0.002103 -0.001055 -0.031833 -0.211897 -0.267619 -0.141764 -0.023599 -0.004471 0.774529 0.848083 0.000653 0.083319 0.071342 -0.320593 -0.086683 -0.301853 -0.022651 -0.021391 -0.014231 -0.388926 -0.101518 -0.152821 -0.133908 0.003998 0.257696 0.022236 -0.000519 0.003366 0.012394
-0.001120 -0.007736 -0.466958 -0.466701 -0.236980 -0.027374 -0.036400 -0.504699 -0.075944 -0.001055 0.000393 0.000569 -0.072690 -0.097104 0.000259 0.000640 0.000787 0.001006 0.000044 -0.004152 -0.002330 -0.024530 -0.014441 0.146904 0.005069 -0.142975 -0.002656 -0.001264 -0.001558 0.001438 0.001668 -0.003098 -0.057886 -0.458443 -0.378493 -0.070579 -0.073318 1.035924 0.721376 -0.000001 0.000222 0.002529 0.019129 -0.019353 -0.039982 -0.122227 -0.111379 -0.356467 -0.181303 -0.047793 -0.076714 0.000375 0.000000 0.042415 0.318591 -0.069433 -0.001320 -0.004392
0.001733 -0.241857 -0.260292 -1.015313 -0.124311 -0.103275 -0.070460 -1.454038 -0.030125 -0.000009 -0.000331 -0.000247 -0.094239 -0.060387 0.000185 0.000378 0.000355 -0.000318 -0.000812 -0.009628 -0.037687 -0.070459 -0.005393 0.007882 0.026832 -0.116903 -0.100306 -0.017084 -0.016709 -0.002318 0.004431 0.008154 0.000362 0.000954 -0.083030 -0.027675 -0.101608 0.847827 0.489917 0.024540 -0.000222 0.011146 0.000755 0.061202 0.048403 -0.010670 0.028428 -0.202474 -0.013508 0.001073 0.004122 -0.000059 -0.003145 -0.030423 0.203818 0.063724 -0.057226 -0.014316
0.011977 -0.893824 -0.575157 -0.659675 -0.222859 -0.137323 -0.179880 -0.739241 0.006164 -0.004870 -0.010158 -0.000554 -0.042554 -0.217600 -0.000083 -0.000419 -0.000569 -0.000760 -0.000888 -0.018161 -0.173254 -0.010418 -0.000783 0.000326 0.007213 0.000257 -0.231044 -0.099809 -0.030073 -0.039714 -0.006916 0.021892 0.024245 0.067037 0.032577 0.002260 -0.085594 0.687064 0.388542 0.083673 0.037748 0.022573 0.088567 0.116766 0.052784 0.010663 0.080720 -0.098365 0.084646 0.050660 0.035437 -0.001228 -0.004744 -0.188796 0.100226 0.197586 0.196951 -0.102583
