use_cases/Flooding_chicago/flooding_data/output/hUy_1920.asc
ncols 337
nrows 393
xllcorner 428428.000000
yllcorner 4602440.000000
cellsize 26.757400
NODATA_value -9999.000000
[rows 104 to 129 of 393, columns 116 to 173 of 337]
-9999.000000 -9999.000000 -9999.000000 -9999.000000 -9999.000000 -9999.000000 -9999.000000 -9999.000000 -9999.000000 -9999.000000 -9999.000000 -9999.000000 -9999.000000 -9999.000000 0.000000 0.000000 0.007987 0.004335 0.015074 0.001404 0.002569 0.268362 0.393343 0.028380 0.034832 0.007438 0.002699 0.014424 0.002350 0.021400 0.052615 -0.091068 0.047223 0.335131 0.051071 -0.480408 0.000320 0.000003 0.000208 0.000424 0.000269 0.000025 0.000001 0.000000 0.000000 0.000000 0.008731 0.164393 0.467963 0.512660 0.485439 -0.019906 -0.181514 0.053114 0.009865 0.008918 0.129364 0.273620
-9999.000000 -9999.000000 -9999.000000 -9999.000000 -9999.000000 -9999.000000 -9999.000000 -9999.000000 -9999.000000 -9999.000000 -9999.000000 -9999.000000 -9999.000000 -9999.000000 -9999.000000 -0.008006 0.000000 0.000000 0.000000 -0.000111 0.005185 0.026348 0.092737 0.026422 0.001875 0.006894 0.001071 0.000609 0.000478 0.068555 -0.057612 0.035821 0.032008 0.062762 -0.037275 -0.034218 -0.000138 -0.008851 -0.000326 -0.000007 -0.000305 -0.002781 -0.018529 -0.015312 -0.005934 0.040390 0.069622 0.430731 0.533405 0.564926 0.420854 0.095874 0.149102 0.004652 0.002473 0.001549 0.129744 0.219470
-9999.000000 -9999.000000 -9999.000000 -9999.000000 -9999.000000 -9999.000000 -9999.000000 -9999.000000 -9999.000000 -9999.000000 -9999.000000 -9999.000000 -9999.000000 -9999.000000 -0.001339 -0.013673 -0.007894 -0.013541 -0.004290 -0.001561 0.000836 0.001951 0.002017 0.000965 0.002272 0.000135 -0.002617 -0.000825 0.000089 0.010404 -0.021497 0.070611 0.120255 -0.046826 -0.081139 -0.038794 -0.005541 -0.022523 -0.004608 -0.000902 -0.000173 -0.001187 -0.024833 -0.067753 -0.063250 0.067245 0.077663 0.058989 0.075994 0.119145 0.479507 0.457513 0.618257 0.027468 0.006786 0.002532 0.075686 0.253204
-9999.000000 -9999.000000 -9999.000000 -9999.000000 -9999.000000 -9999.000000 -9999.000000 -9999.000000 -9999.000000 -9999.000000 -9999.000000 -9999.000000 -9999.000000 -0.000070 -0.000689 -0.024490 -0.019055 -0.067493 -0.040043 -0.005527 -0.003210 -0.001968 -0.000546 -0.000111 -0.000400 -0.000466 -0.044363 -0.000932 -0.000453 0.000066 0.108040 0.143955 0.000438 -0.067442 -0.070163 -0.045092 -0.070618 -0.025671 -0.011498 -0.001555 -0.000491 -0.001794 -0.001278 -0.008194 -0.015598 0.035377 0.027946 0.009634 0.012858 0.131585 0.105242 0.112958 0.206132 0.034408 0.025680 0.004228 -0.064430 0.480487
-9999.000000 -9999.000000 -9999.000000 -9999.000000 -9999.000000 -9999.000000 -9999.000000 -9999.000000 -9999.000000 -9999.000000 -9999.000000 -9999.000000 0.000326 -0.022480 -0.001964 -0.006497 -0.061268 -0.027504 -0.016150 -0.005555 -0.045220 -0.002465 -0.002304 -0.001053 -0.000765 -0.000378 -0.112867 -0.007473 -0.001291 -0.000233 -0.000011 0.000015 -0.000097 -0.025101 -0.165474 -0.016418 -0.106100 -0.079128 -0.011608 -0.010993 -0.026786 -0.004726 -0.000124 0.000485 -0.021309 0.000000 0.000205 0.000107 0.002423 0.057258 0.196231 0.241609 0.023002 0.035911 0.022142 0.006674 -0.083172 0.605822
-9999.000000 -9999.000000 -9999.000000 -9999.000000 -9999.000000 -9999.000000 -9999.000000 -9999.000000 -9999.000000 0.000421 0.001034 -0.000003 -0.000208 -0.021257 -0.001455 -0.002394 -0.024480 -0.016399 -0.010458 -0.003845 -0.020889 -0.075755 -0.006647 -0.022476 -0.014354 -0.036064 -0.045865 -0.037398 -0.017406 -0.052073 -0.049960 -0.000707 -0.007078 -0.039147 -0.366756 -0.031615 -0.047991 -0.035423 -0.029483 -0.065582 -0.064274 -0.002770 -0.000844 0.000858 -0.013917 -0.026077 -0.001980 -0.000202 0.013914 0.081373 0.127197 0.094549 0.015584 0.030742 0.018618 0.037370 0.024900 1.380792
-9999.000000 -9999.000000 -9999.000000 -9999.000000 -9999.000000 -9999.000000 -9999.000000 -9999.000000 0.001049 -0.000424 -0.001201 -0.008203 -0.012743 -0.103158 -0.013160 -0.005777 -0.060338 -0.036024 -0.056335 -0.032452 -0.070452 -0.115894 -0.045829 -0.040837 -0.023137 -0.044642 -0.090295 -0.069530 -0.048786 -1.135924 -0.078335 0.542769 0.014677 0.035577 -0.295015 -0.261194 -0.019104 -0.019808 -0.008570 -0.065632 -0.137700 -0.015928 -0.008337 0.011954 0.717784 0.396269 0.158541 0.155769 0.058298 0.287176 0.010723 0.006779 0.004571 0.016509 0.010245 0.027593 0.023191 0.047992
-9999.000000 -9999.000000 -9999.000000 -9999.000000 0.000378 0.000352 0.000004 0.000119 -0.000576 -0.005358 -0.001070 -0.017279 -0.020274 -0.180817 -0.027812 -0.020988 -0.066160 -0.040971 -0.065944 -0.088309 -0.068344 -0.143656 -0.111688 -0.036092 -0.023449 0.008653 -0.230476 -0.108961 -0.288199 -0.991648 0.005891 0.840865 0.003946 0.007246 -0.214104 -0.182192 -0.155024 -0.006209 -0.017062 -0.088286 -0.219988 -0.093745 -0.009997 0.005906 0.009188 0.012943 0.004345 0.006675 0.015319 0.022308 0.001372 0.003021 0.000852 0.000129 0.000606 0.007904 0.016047 0.010946
-9999.000000 -9999.000000 0.001829 0.000600 -0.000246 -0.000160 -0.000246 -0.000303 -0.001380 -0.003355 -0.017259 -0.018650 -0.026453 -0.275876 -0.034084 -0.032078 -0.036085 -0.045776 -0.047611 -0.131496 -0.100071 -0.173150 -0.153985 -0.034259 -0.002838 0.000000 0.000000 -0.023045 -0.762397 -0.881454 -0.104867 0.678853 0.000222 0.000103 -0.075266 -0.268529 -0.397644 -0.008295 -0.020542 0.024794 -1.394032 -0.089548 -0.000419 0.000000 0.000000 0.000000 0.000000 0.000000 0.000000 0.000067 -0.000077 -0.002912 -0.001718 -0.000065 -0.000064 0.000000 0.000000 0.000000
0.000948 0.002218 0.005437 -0.003571 -0.022668 -0.010128 -0.000197 -0.008262 -0.011092 -0.016281 -0.043123 -0.032970 -0.020991 -0.123228 -0.155901 -0.035487 -0.021836 -0.045218 -0.063353 -0.145364 -0.096302 -0.371819 -0.312064 -0.034118 -0.010277 -0.004212 -0.007697 -0.048615 -0.105916 -0.533940 -0.177007 0.201226 -0.000222 -0.000103 -0.051434 -0.401766 -0.471304 -0.017120 -0.005329 0.011096 -0.305828 -0.220438 -0.004725 -0.007161 -0.005094 -0.003990 -0.018961 -0.028111 -0.005350 -0.000464 -0.009834 -0.033694 -0.046037 -0.009047 -0.021587 -0.008066 -0.008066 -0.012367
0.000000 -0.000385 -0.001879 -0.054249 -0.121068 -0.025750 -0.009001 -0.015780 -0.016051 -0.025811 -0.063971 -0.075239 -0.003991 -0.100714 -0.311203 -0.026405 -0.023011 -0.039814 -0.156134 -0.173429 -0.297542 -0.448014 -0.229533 -0.059214 -0.013937 -0.007710 -0.067647 -0.044779 -0.087545 -0.112923 -0.068681 -0.053370 -0.003946 -0.007246 -0.083004 -0.942693 -1.044866 -0.040584 -0.002258 0.000408 0.019976 -0.383161 -0.376625 -0.017395 -0.026476 -0.008280 -0.031216 -0.082873 -0.008845 -0.011104 -0.019156 -0.202256 -0.240274 -0.219085 -0.148992 -0.014823 -0.016642 -1.354833
-0.002259 -0.002689 -0.001834 -0.060458 -0.068249 -0.099569 -0.014994 -0.030847 -0.012645 -0.034553 -0.047621 -0.143365 -0.008345 -0.085346 -0.309177 -0.122599 -0.119034 -0.169102 -0.222154 -0.079604 -0.359313 -0.314168 -0.093292 -0.007271 -0.023501 -0.006645 -0.138041 -0.095735 -0.041593 -0.060271 -0.037753 -0.117564 -0.057560 -0.030855 -0.042945 -0.599376 -0.772971 -0.354843 -0.001205 -0.000537 -0.000019 -0.000000 -0.224360 -0.510551 -0.836886 -0.009305 -0.034582 -0.392539 -0.016668 -0.016594 -0.025540 0.484563 0.329018 0.314162 0.010547 -0.956955 -0.451601 -1.087773
-0.001427 -0.042434 -0.001042 -0.055326 -0.055574 -0.044201 -0.386057 -0.029962 -0.015936 -0.027923 -0.121466 -0.156731 -0.102129 -0.084194 -0.363829 -0.260621 -0.260234 -0.072271 -0.123106 -0.048498 -0.345179 -0.334899 0.104685 0.000489 -0.005053 -0.047241 -0.061405 -0.049728 -0.122805 -0.104673 -0.057365 -0.198688 -0.122143 -0.057737 0.095222 -0.466132 -0.512178 -0.355974 -0.005842 -0.011836 -0.014624 -0.026654 -0.086526 -0.341726 -0.000325 -0.011232 -1.627615 0.319405 -0.182911 -0.299712 -0.235485 1.221744 0.856071 0.440543 0.144448 -0.985179 -0.330001 -0.790225
0.000339 -0.034937 -0.037733 -0.046001 -0.041871 -0.022633 -0.149511 -0.087432 -0.312045 -0.168129 -0.051246 -0.080160 -0.039587 -0.236363 -0.242401 -0.188924 -0.196367 -0.220284 -0.221276 -0.098757 -0.087493 -0.100324 -0.000076 -0.001352 0.000222 -0.009832 -0.043799 -0.108516 -0.217131 -0.146481 -0.069786 -0.465507 -0.207857 -0.017718 0.004051 -0.296551 -0.467999 -0.519622 -0.004062 -0.018294 -0.043062 -0.334883 -0.413885 -0.277386 -0.092736 -0.486354 -0.980081 0.550735 0.415376 0.227811 0.464592 2.075220 1.034974 0.189843 0.086665 -0.850202 -0.474664 -0.832059
0.000222 0.000103 -0.028981 -0.043960 -0.035456 -0.013266 -0.070520 -0.016534 -0.182804 -0.147469 0.000222 -0.037407 -0.103070 -0.178155 -0.195559 -0.158889 -0.119050 -0.491152 -0.432533 -0.072573 -0.113996 -0.045563 -0.028335 -0.000641 -0.000222 -0.002365 -0.056342 -0.316266 -0.365960 -0.317243 -0.322774 -0.470178 -0.063483 -0.002539 0.009213 -0.143118 0.093753 -0.463482 -0.180703 -0.105890 0.355972 -0.592047 -0.530616 -0.945845 -0.476131 0.005906 -0.489021 0.647239 0.737224 0.420794 0.850028 1.320495 0.000299 0.000000 0.000000 -0.067453 -0.103278 -0.648573
-0.000222 -0.000103 -0.018301 -0.042336 -0.295534 -0.013139 -0.000846 -0.000060 -0.180306 -0.163801 -0.000222 -0.008885 -0.070897 -0.129742 -0.127779 -0.086972 -0.322260 -0.384613 -0.336070 -0.033183 -0.172250 -0.037093 -0.038137 -0.009146 -0.012161 -0.011091 -0.275034 -0.374049 -0.527773 -0.726784 -0.338111 -0.167559 0.037672 0.009277 0.017581 0.040387 0.021916 -0.397683 -0.173304 -0.048900 0.040667 -0.789818 -0.519542 -0.713936 -0.269999 -0.061426 -0.435712 0.666660 0.794182 0.474825 0.705886 0.426767 -0.000671 -0.007502 -0.221821 0.157192 0.263051 -0.327990
-0.012187 -0.028881 -0.016902 -0.028974 -0.027377 -0.014068 -0.003241 -0.046831 -0.083600 -0.228402 -0.102822 -0.033161 -0.179227 -0.201492 -0.143266 -0.289411 -0.724055 -0.537350 -0.516237 -0.044957 -0.173686 -0.016941 -0.050532 -0.032634 -0.012294 -0.180798 -0.286696 -0.340691 -0.500182 -0.733366 0.094200 0.335678 0.179088 0.020642 0.021105 0.004235 0.002410 0.002633 -0.253834 -0.050929 -0.004494 -0.798532 -0.642823 -0.211153 -0.048291 -0.084759 -0.235398 0.406438 0.751921 0.445768 0.604104 0.265846 0.012327 -0.180836 -0.111957 -0.015995 0.544627 -0.147232
-0.029502 -0.146844 -0.090564 -0.073108 -0.013309 -0.008649 -0.004394 -0.076977 -0.080631 -0.209609 -0.759818 -0.284372 -0.472411 -0.377913 -0.262718 -0.811714 -1.142083 -1.290010 -1.341874 -0.028070 -0.091256 -0.078472 -0.184328 -0.202858 -0.065225 -0.431205 -0.258745 -0.255462 -0.404014 -0.748878 0.003812 0.041783 0.077846 0.034516 0.010258 0.009536 0.004460 0.007416 0.001547 -0.014816 -0.001345 -0.874149 -0.683463 0.022076 0.023672 -0.209659 -0.413068 0.391754 0.591665 0.430195 0.580402 0.029908 0.002235 -0.435500 -0.293691 -0.098746 0.648639 -0.000511
-0.086156 -0.080607 -0.085662 -0.000332 -0.006003 -0.003678 -0.002303 -0.012415 -0.126571 -0.112086 -0.013730 -0.140306 -0.578048 -0.685184 -0.492665 -0.395816 -0.596573 -0.707757 -0.614558 -0.050565 -0.052794 -0.069467 -0.105379 -0.001843 -0.035635 -0.591956 -0.221373 -0.109535 -0.102305 -0.622238 0.001090 0.012602 0.023964 0.020325 0.023331 0.011832 0.006722 0.035916 0.005168 0.001014 0.010521 -0.736891 -0.818669 0.520322 0.207633 -0.164972 -0.616755 0.329303 0.698770 0.339718 0.433723 0.017961 -0.012149 -0.050281 -0.638885 -0.252684 0.927860 0.079406
-0.030606 -0.348399 -0.039724 -0.012353 -0.002154 -0.002126 -0.001168 -0.018859 -0.061246 -0.062655 -0.013704 -0.001284 -0.233046 -0.863261 -0.487206 -0.485390 -0.535121 -0.694631 -0.411412 -0.025075 -0.095516 -0.051152 -0.077819 -0.012018 -0.058720 -1.035274 -0.199209 -0.011866 -0.033263 -0.187527 0.000172 0.000933 0.001099 0.032611 0.053938 0.012275 0.008118 0.015926 0.035419 0.033935 0.085894 -0.458290 -0.637235 0.883290 0.207768 -0.048403 -0.669131 0.247452 0.685103 0.188163 0.011667 -0.288316 -0.048280 0.215831 -0.968746 -0.451380 1.092892 0.184097
-0.055283 -0.320468 -0.265321 -0.008795 -0.005024 -0.002505 -0.001016 -0.007111 -0.097413 -0.206111 -0.103855 -0.001337 -0.049418 -0.881924 -0.914625 -0.621267 -0.502176 -0.757895 -0.351980 -0.015678 -0.052949 -0.030409 -0.059637 -0.009407 -0.026772 -1.396155 -0.044545 0.000840 0.153207 0.109198 0.000949 0.000808 0.001577 0.033552 0.006518 0.002085 0.001122 0.000456 0.020799 0.068238 0.064971 0.093616 0.331284 1.566314 0.292497 0.306577 -0.202518 0.511821 0.762462 0.039752 -0.183817 -0.236939 -0.150598 0.182352 -0.689682 -0.093703 0.962084 0.275508
-0.033354 -0.342612 -0.304319 -0.003810 -0.003518 -0.001507 -0.001505 -0.001679 -0.031578 -0.604221 -0.080313 -0.114330 -0.056062 -0.690136 -1.036309 -0.766771 -0.496969 -0.842103 -0.069503 -0.000229 -0.003035 -0.026108 -0.061834 -0.187713 -0.367126 -1.052623 -0.016399 0.000617 0.002366 0.000907 0.000134 -0.000297 0.000134 0.001065 0.000000 0.000046 -0.000560 -0.000348 0.010047 0.065725 0.050288 0.056381 0.062038 0.089865 0.076198 0.031716 0.001147 0.420039 0.476600 0.131884 0.115338 0.295134 0.148881 0.149283 0.063017 1.286968 1.110656 0.015838
0.000252 -0.439623 -0.461110 -0.187850 -0.004196 -0.001606 -0.001318 -0.036460 0.160279 -0.393990 -0.299064 -0.220820 -0.421827 -0.716460 -0.743390 -0.773929 -0.112070 -0.835520 -0.052535 -0.103584 -0.004064 -0.015345 -0.383703 -0.713899 -0.542899 -0.541049 -0.005581 -0.000703 -0.000925 -0.000267 -0.000234 -0.000973 -0.001781 -0.001438 -0.010397 -0.001835 -0.005309 -0.006676 0.023246 0.023169 0.023893 0.014005 0.047960 0.044991 0.030310 0.005005 0.001918 0.463484 0.460506 0.001121 0.004001 0.032875 0.030124 0.041766 0.045222 0.026031 0.060324 0.000000
-0.040041 -0.321628 -0.401161 -0.295272 -0.004893 -0.001790 -0.012729 0.312479 0.397937 -0.263323 -0.266007 -0.263785 -0.399460 -1.090236 -1.262692 -0.614433 -0.509085 -1.411863 -0.369528 -0.027836 0.185571 -0.488248 -1.313974 -1.106705 -0.282033 -0.302757 -0.004600 -0.026385 -0.002523 -0.003081 -0.017821 -0.005240 -0.048480 -0.016477 -0.030576 -0.001032 -0.002163 -0.012728 0.017392 0.025328 0.040120 0.044539 0.030683 0.033105 0.001392 0.001621 0.001578 0.567458 0.541710 0.000881 0.003416 0.002059 0.025219 0.021000 0.011531 0.022554 0.052929 -0.012647
0.035107 -0.107981 -0.183424 -0.328193 -0.177280 -0.091419 -0.172179 0.486451 0.428743 -0.208063 -0.261703 -0.200090 -0.311908 -1.031318 -1.268990 -1.078306 -0.492462 -1.332655 -0.374677 0.072198 0.207128 -0.506920 -1.057935 -0.289633 0.000000 0.000000 -0.029115 -0.049260 -0.020871 -0.024397 -0.048810 -0.023188 -0.077716 -0.026933 -0.004695 -0.000645 0.000158 -0.024030 0.012571 0.019373 0.083793 0.013318 0.007955 0.008528 0.001930 0.001011 0.001073 0.303935 0.290339 -0.000004 0.003305 0.004543 0.002589 0.003289 0.002391 0.018193 0.033786 0.018195
0.002135 -0.096072 -0.000487 -0.264061 -0.189978 -0.229208 -0.251274 0.531179 0.372352 -0.164621 -0.232006 -0.184807 -0.354375 -1.048655 -1.356520 -0.982393 -0.480190 -1.135856 -0.417979 0.069134 0.145748 -0.401714 -0.737886 0.063612 0.003084 -0.003663 -0.107554 -0.119002 -0.081093 -0.101082 -0.135698 -0.071156 -0.077958 -0.031665 -0.008891 -0.008100 -0.000359 -0.031965 0.000729 0.001802 0.015071 0.006355 0.000588 0.000125 0.000316 0.000044 0.000992 0.229163 0.240764 0.332971 0.025741 0.049861 0.023485 0.023966 0.008300 0.006611 0.034453 0.039912
