use_cases/Flooding_chicago/flooding_data/output/hUy_1500.asc
ncols 337
nrows 393
xllcorner 428428.000000
yllcorner 4602440.000000
cellsize 26.757400
NODATA_value -9999.000000
[rows 182 to 207 of 393, columns 174 to 231 of 337]
0.002378 0.001422 0.000441 -0.000046 -0.000012 0.007731 0.000421 0.419037 0.620220 1.254642 0.403709 -0.296331 -0.008441 1.812464 0.085779 -0.006778 -0.006854 -0.026040 -0.017171 0.058304 0.292999 -0.042338 0.525936 0.346165 0.716709 0.033866 0.082506 0.731752 0.038006 0.036821 0.001315 -0.002045 -0.029322 -0.001706 -0.001623 -0.001307 0.320372 0.012514 0.349192 0.285381 0.006357 -0.008286 -0.023430 -0.013728 -0.008032 -0.004798 -0.081222 -0.034099 -0.050624 -0.002510 -0.000087 -0.000001 0.569257 2.886578 2.103452 1.816238 1.177911 0.010735
0.000505 0.017008 0.000852 -0.000748 -0.000881 0.038052 0.024446 0.460821 0.762818 1.531843 0.643957 -0.246204 0.011550 1.952585 0.230413 0.050229 -0.047456 -0.061419 0.009912 0.900756 0.792353 0.073430 0.624652 0.029381 0.027919 0.011603 0.115261 0.224477 0.009884 0.019405 0.000412 -0.011068 -0.021482 -0.006860 -0.002197 -0.001845 0.178833 0.009469 0.025554 0.006387 0.000592 -0.002171 -0.050356 -0.011034 -0.006911 -0.003215 -0.079829 -0.045713 -0.253247 0.063178 -0.057713 0.377032 2.442742 3.630625 0.757129 0.925410 0.332628 0.001164
-0.000161 0.005878 0.000608 0.020442 0.107855 0.144756 0.034837 0.176922 0.778011 1.676662 0.568342 0.045627 0.022324 0.011395 0.012176 0.019488 0.019629 0.001424 0.218983 0.584092 0.667603 0.331034 0.032800 0.019551 0.011993 0.009684 0.009378 0.176804 0.000721 0.001046 -0.000084 -0.002338 -0.096462 -0.003303 -0.033710 -0.004766 0.128326 0.000010 0.000360 0.000360 -0.000058 -0.001094 -0.054268 -0.041986 -0.065518 -0.050217 -0.151915 0.521615 0.660919 0.803933 0.277358 0.457608 1.201773 1.860525 0.492111 0.761367 0.622772 0.000546
-0.002679 -0.000140 0.000083 0.004693 0.078350 0.068460 0.060105 0.007408 0.693730 1.957541 1.062428 0.006155 0.000009 0.000464 0.005350 0.016138 0.021779 0.057831 0.194431 0.230247 0.062344 0.087948 0.037182 0.003930 0.005252 0.002194 0.000081 0.230757 0.000051 0.000510 -0.000573 0.004439 0.014006 -0.073658 -0.174380 -0.098770 0.008681 -0.017845 -0.000360 -0.000360 -0.001001 -0.000440 -0.007023 -0.060511 -0.168328 0.506424 0.576152 0.798053 0.962158 0.895480 0.018135 0.013408 0.267752 0.322257 0.678277 1.877245 0.781542 0.000409
-0.047604 -0.005209 -0.000282 -0.000006 0.073765 0.066077 0.015642 0.003481 0.112554 1.293963 1.807458 0.674791 -0.004109 -0.000067 0.000000 0.006078 0.016158 0.057020 0.110641 0.163282 0.031878 0.086523 0.027648 0.009907 0.009322 0.003109 -0.000314 0.207137 -0.000649 0.000657 -0.000006 0.050231 0.036207 0.033707 0.147418 0.053008 0.010590 -0.455128 -0.007605 -0.011395 -0.001948 -0.000652 -0.014285 0.384289 0.312498 0.719349 0.808950 0.870952 0.040487 0.016109 0.009150 0.007039 0.001038 0.000778 0.642281 1.572930 1.690942 0.003044
-0.073706 -0.008283 -0.001021 0.002754 0.055725 0.032987 0.002884 0.000631 0.006878 0.016598 1.189626 2.456172 -0.026003 -0.011418 -0.006293 0.000345 0.010688 0.011067 0.070293 0.109084 0.089200 0.043446 0.012078 0.020307 0.013250 0.003070 -0.000518 0.146300 -0.009673 0.000153 0.000807 0.011784 0.008315 0.187687 0.026347 0.058438 0.021464 -0.447381 -0.241772 -0.250592 -0.074309 -0.041244 -0.078246 0.389128 0.385341 1.042756 0.877171 0.000161 0.000118 0.000139 0.000222 0.000103 0.000761 0.001048 0.495697 1.129413 2.040313 0.642092
-0.085047 -0.010566 -0.001582 0.002686 0.002029 0.000634 -0.000023 -0.000029 0.013421 0.019986 1.062516 0.987005 0.635912 -0.031023 -0.016356 -0.000273 0.000958 0.002652 0.015866 0.055770 0.080619 0.026672 0.040503 0.051799 0.036173 0.004535 -0.000781 0.073191 -0.010831 -0.000080 0.000148 0.000222 0.002632 0.070918 0.033482 0.017760 0.001864 0.001000 -0.096765 -0.295862 -0.200958 -0.184007 -0.055117 0.389259 0.561917 0.984160 1.076272 -0.000140 -0.000021 -0.000140 -0.000222 -0.000103 0.000139 0.000075 0.028571 1.020979 2.001179 1.391335
-0.024923 -0.002442 -0.001182 -0.001322 -0.000685 -0.000364 -0.000362 -0.000368 0.028833 0.032208 0.773099 0.852591 0.728674 -0.045298 -0.016347 -0.001014 -0.000177 0.003632 0.000549 0.078526 0.007727 0.009703 0.029769 0.043609 0.011042 0.001008 -0.133041 0.045012 0.023425 -0.000160 -0.000248 -0.000222 0.008926 0.051742 0.001884 0.001297 0.000467 0.001820 0.001126 -0.206007 -0.115238 -0.253685 0.103890 0.245927 0.617318 0.794421 0.773638 0.027438 -0.001065 -0.011482 -0.014201 -0.007732 -0.000483 -0.000088 0.107278 0.916753 1.772235 1.316184
-0.009336 -0.001018 -0.017336 -0.003711 -0.002018 -0.014961 -0.006949 0.006784 0.042190 0.033088 0.626722 0.999741 0.691857 0.194617 -0.020755 -0.000553 -0.000738 0.000013 0.000402 0.035438 0.000251 0.000517 0.005758 0.020358 0.010024 0.001064 -0.085902 0.037505 0.022085 -0.140641 0.000078 -0.000015 0.002031 0.020867 0.010842 0.003218 0.000821 0.003144 0.001945 -0.079369 -0.060145 -0.133497 0.275979 0.190721 0.758205 0.571248 0.545149 0.060920 -0.006040 -0.189175 -0.938402 0.691298 0.344360 0.145072 0.096205 1.294773 1.318578 0.889101
-0.007590 -0.010397 -0.062736 -0.012696 -0.019963 -0.041463 -0.019916 0.005970 0.023657 0.006342 0.492782 0.905064 0.487714 0.407363 0.031609 0.003082 0.000501 -0.000724 -0.000434 -0.000010 -0.000126 -0.000068 0.000003 0.000208 0.000106 0.000083 -0.056089 -0.073571 -0.161208 -0.072477 0.000825 0.000476 0.001171 0.007086 0.006648 0.019631 0.011175 0.025183 0.017904 -0.023969 -0.114472 -0.099210 0.520862 0.219332 1.064935 0.428533 0.487422 0.321993 -0.495272 0.600188 0.593205 1.214890 0.373382 0.177638 0.618177 1.413173 0.341879 0.007811
-0.001627 -0.044774 -0.027102 -0.006802 -0.002841 -0.002618 0.013993 -0.003404 0.063669 -0.238460 0.557381 0.861451 0.343825 0.018405 0.019057 0.006566 0.004122 -0.001723 -0.003413 -0.009513 -0.023214 -0.000867 -0.007254 -0.000326 -0.000121 -0.000087 -0.089598 -0.212128 -0.063894 0.016849 0.001258 0.000424 0.000000 0.000007 0.000352 0.007760 0.004261 0.007058 0.003665 -0.006068 -0.047038 -0.061169 0.559057 0.097007 0.577640 0.468231 0.468283 0.454765 0.006094 0.985198 0.839475 1.147310 0.105403 0.080940 0.300248 0.305444 0.011580 0.000909
-0.000564 -0.006384 -0.237660 -0.005341 0.016109 0.030924 0.004488 0.002995 0.877494 -0.245143 0.465633 0.584267 0.257793 0.000529 0.006923 0.026432 0.012602 0.005432 -0.001701 -0.076179 -0.020383 -0.001230 -0.015907 -0.011372 -0.008070 -0.007198 -0.085761 -0.225930 0.000367 0.007712 -0.000288 -0.002101 -0.016418 -0.007847 -0.000352 -0.000007 -0.000000 0.000100 0.000002 -0.001542 0.022924 0.018787 0.423277 0.095838 0.724519 0.316083 0.435944 0.495931 0.252365 0.756047 0.818097 1.192231 0.145893 0.150941 0.132836 0.113606 0.000168 -0.000924
-9999.000000 -0.013378 -0.012386 -0.007257 0.000000 0.004691 0.003176 0.077164 1.099549 -0.027762 0.334363 0.610888 0.357295 -0.001792 0.004441 0.008895 0.020337 0.015515 -0.000345 -0.028152 -0.160283 -0.010779 -0.017539 -0.017018 -0.020063 -0.008077 -0.342050 -0.086698 -0.000105 0.000000 -0.000490 -0.030815 -0.061489 -0.019065 -0.006462 -0.006063 -0.008704 -0.000220 -0.005815 -0.000307 0.083697 0.044465 0.398374 0.309328 0.871638 0.166921 0.152597 0.257490 0.255262 0.883824 0.926124 1.156302 0.609011 0.780411 0.531253 0.165316 -0.000603 -0.001531
-9999.000000 -9999.000000 -0.010700 -0.003705 0.001193 0.018457 0.011589 0.059830 0.030099 0.085428 0.010677 0.377228 0.584157 -0.002065 0.001004 0.010154 0.026196 0.021972 0.001053 0.000910 -0.138029 -0.118509 -0.081651 -0.045954 -0.066361 -0.020153 -0.707773 -0.017857 -0.009923 -0.003663 -0.009249 -0.066968 -0.076735 -0.042022 -0.012282 -0.013361 -0.023106 -0.007532 -0.012979 -0.001110 0.123050 0.049411 0.145516 0.355544 0.985724 0.001264 0.002236 0.001446 0.139522 0.476472 0.914667 1.312414 0.930011 0.980823 1.058992 0.583557 -0.078172 -0.077426
-9999.000000 -9999.000000 -9999.000000 -0.000099 0.003180 0.046751 0.025646 0.025145 0.010949 0.000931 0.001118 0.343395 0.558597 -0.000918 -0.000546 0.000427 0.027732 0.023007 0.001415 0.000746 -0.080560 -0.066724 -0.034698 -0.085754 -0.013994 -0.002003 -0.962527 -0.030852 -0.021580 -0.010332 -0.015724 -0.073706 -0.108835 -0.062413 -0.011420 -0.032927 -0.026345 -0.030518 -0.001563 -0.000866 0.151571 0.000222 0.166090 0.178049 1.011840 0.001283 0.001679 0.000524 0.000027 0.112016 0.686776 0.802553 0.910878 1.157894 1.268494 1.129193 0.198188 0.238814
-9999.000000 -9999.000000 -9999.000000 0.000039 0.001280 0.022551 0.059905 0.001742 0.000065 0.000641 0.010550 0.575684 0.827172 0.013018 -0.000613 -0.000091 0.000400 0.000740 0.000034 -0.000327 0.000130 -0.040392 -0.025327 -0.031049 -0.006050 -0.002752 -0.693392 -0.376387 -0.028640 -0.020587 -0.023358 -0.021348 -0.197453 -0.016878 -0.020863 -0.053922 -0.030128 -0.043120 -0.008488 0.058385 0.121240 -0.000222 0.182781 0.394414 1.284662 0.116717 -0.057175 -0.211041 -0.055714 0.104274 0.145585 0.588296 0.930595 1.250085 1.444386 1.327826 0.487186 0.592655
-9999.000000 -9999.000000 -9999.000000 -9999.000000 0.002134 0.013498 0.015241 0.001775 0.000087 0.000581 0.023798 0.133842 1.434268 0.090499 -0.000532 -0.011672 -0.000679 -0.001041 -0.001659 -0.000939 -0.000226 -0.016248 -0.014184 -0.017242 -0.003874 -0.003147 -0.537412 -0.372995 -0.027782 -0.032773 -0.004471 -0.008143 -0.193284 -0.086804 -0.014923 -0.055037 -0.023452 -0.035189 -0.018661 0.093566 0.067867 -0.013052 0.473948 0.356350 1.152855 0.534796 0.209935 -0.150286 -0.094397 0.153307 0.244719 0.584390 1.022045 1.453014 1.514885 1.441713 0.504131 0.642143
-9999.000000 -9999.000000 -9999.000000 -9999.000000 0.001944 0.000771 0.006417 0.001296 0.000409 0.000147 0.082468 0.133633 0.111667 0.067329 -0.001186 -0.028504 -0.008547 -0.013004 -0.009957 -0.032416 -0.019562 -0.008193 -0.054653 -0.012588 -0.003919 -0.001790 -0.280620 -0.857980 -0.055530 -0.042323 -0.009536 -0.004235 -0.092368 -0.057920 -0.051117 -0.074195 -0.037192 -0.069799 -0.009546 0.149671 0.075227 0.285223 0.662267 0.722663 1.508330 0.840767 0.306658 -0.004414 -0.129221 0.086522 0.226613 0.737184 1.165184 1.057360 1.553174 1.338097 0.416993 0.564954
-9999.000000 -9999.000000 -9999.000000 -9999.000000 -0.000011 -0.000270 0.000000 0.000144 0.000181 0.000550 0.118239 0.193437 0.001306 0.006384 0.000073 -0.068479 -0.017429 -0.027044 -0.018450 -0.076021 -0.016646 -0.040169 -0.076078 -0.023420 -0.029162 -0.014849 -0.344686 -0.615912 -0.308857 -0.038528 -0.037259 -0.042618 -0.102533 -0.083018 -0.065241 -0.089744 -0.051552 -0.467543 0.077968 0.172972 0.177852 0.436481 0.840316 0.836266 1.728906 0.917675 0.486291 0.093159 0.076416 -0.024318 0.275979 0.800255 1.282513 1.028036 0.979551 0.932388 0.311709 0.685316
-9999.000000 -9999.000000 -9999.000000 -9999.000000 -9999.000000 -0.012355 -0.004217 -0.000250 0.000256 0.000388 0.046719 0.076097 0.000678 0.000760 0.000365 -0.092624 -0.170794 -0.099481 -0.188502 -0.168686 -0.022262 -0.054339 -0.056496 -0.045162 -0.048776 -0.027773 -0.604300 -0.951633 -0.132321 -0.096376 -0.065134 -0.046245 -0.192120 -0.118407 -0.618439 -0.610601 0.168862 0.186609 0.349314 0.424282 0.730415 0.789900 0.871829 1.027180 1.710677 1.046364 0.513459 0.118585 0.099279 0.150916 0.256170 0.591505 1.042229 0.970782 0.834370 0.606671 0.196197 0.007765
-9999.000000 -9999.000000 -9999.000000 -9999.000000 0.000565 -0.020072 -0.007918 -0.006428 -0.000346 0.000303 0.056833 0.100362 0.000409 0.001111 0.000121 0.000103 -0.030821 -0.025514 -0.053345 -0.099171 -0.262888 -0.251529 -0.028666 -0.046793 -0.052801 0.000761 -0.444181 -0.716813 -0.297029 -0.274168 -0.325466 -0.752724 -0.617650 -0.197858 -0.014602 -0.039104 0.682663 0.480944 0.432889 0.473185 1.116339 1.189022 0.912728 1.302387 1.785888 0.919002 0.686110 0.084833 0.078757 0.105200 0.120817 0.269255 0.696381 0.873811 0.351963 0.013012 0.000870 0.001378
-9999.000000 -9999.000000 -9999.000000 -9999.000000 -0.003526 -0.065825 -0.017155 -0.005676 -0.001515 -0.000546 0.040261 0.077850 -0.000083 0.000000 -0.000113 -0.000103 0.003827 0.000222 0.000566 -0.023870 -0.102364 -0.374220 -0.400881 -0.156219 -0.025882 -0.014317 -0.367083 -0.502835 -0.221587 0.248169 0.370187 0.214575 0.129650 0.215238 0.207069 0.175464 0.590733 0.427142 0.459796 0.712589 1.201097 1.024989 1.212651 1.145370 1.336414 0.730013 0.436312 0.044881 -0.016240 -0.026441 0.015409 0.242930 0.646303 0.279801 0.130500 0.000193 0.000137 0.000844
-9999.000000 -9999.000000 -9999.000000 -9999.000000 0.000771 -0.009521 -0.106980 -0.003227 -0.001589 -0.000735 0.032482 0.029718 -0.015848 -0.003663 -0.005468 -0.057998 -0.036750 -0.000222 0.001509 -0.004095 0.349378 0.016710 -0.103018 -0.048419 -0.079378 -0.180049 -0.269490 -0.352469 0.055746 0.793481 0.559062 1.266235 0.699594 0.358467 0.259583 0.230703 0.559740 0.533560 0.333429 0.642064 0.930197 0.861222 0.753085 1.077263 0.583971 0.293508 0.156614 0.200929 0.001769 0.093323 -0.096302 0.333521 0.600298 0.126843 -0.000003 -0.000213 -0.000783 -0.001410
-9999.000000 -9999.000000 -9999.000000 0.000013 0.000308 0.000295 -0.065921 -0.001553 -0.001191 0.013701 0.134570 -0.003256 0.073884 -0.056164 -0.104080 -0.122139 -0.047435 -0.021651 -0.002691 0.080495 0.707020 0.109500 0.000801 0.000458 -0.084860 -0.107356 -0.120916 0.056997 1.555288 1.159356 0.758711 0.894823 0.869625 0.377551 0.238600 0.236627 0.475307 0.586074 0.511038 0.400090 0.763074 0.424231 0.327455 0.757983 0.422987 0.185862 0.070276 0.074584 -0.072436 -0.037611 -0.140698 0.011377 0.014241 0.000855 -0.024565 -0.011650 -0.025566 -0.028694
-9999.000000 -9999.000000 -9999.000000 -0.009020 -0.000831 -0.000447 -0.041668 -0.027636 -0.012587 0.029871 0.113185 0.102424 0.003663 -0.015675 -0.030443 -0.033109 -0.234476 -0.020923 -0.041679 0.131061 0.263304 0.000000 -0.000234 -0.000279 -0.027091 -0.248010 0.274098 0.882713 1.471416 1.450044 0.638158 0.683567 0.848137 0.419340 0.235556 0.323321 0.574872 0.786500 0.580422 0.501996 0.101196 0.137408 0.011257 0.850801 0.470709 0.156005 -0.028807 -0.015409 -0.095253 -0.087278 0.000005 0.000208 0.000003 -0.000082 -0.007082 -0.790252 -1.316878 0.050036
-9999.000000 -9999.000000 -9999.000000 -0.024986 -0.000667 0.003597 0.018459 -0.135831 -0.215039 0.003861 0.000044 0.000000 0.000000 0.000000 0.000000 -0.013986 -0.017172 -0.012503 -0.033685 0.029700 0.014586 0.005576 -0.022564 0.028242 0.198202 0.539811 0.784129 1.028615 1.388673 0.624438 0.025874 0.011439 0.259110 0.196091 0.353258 0.374187 0.775099 1.122873 1.075954 0.201693 0.000661 0.000714 0.005761 0.726268 0.757089 0.173791 -0.029122 0.002338 -0.088897 -0.075487 -0.075545 -0.000326 -0.005982 -0.013532 -0.077096 -0.066006 -0.939832 0.264944
