use_cases/Flooding_chicago/flooding_data/output/hUy_1920.asc
ncols 337
nrows 393
xllcorner 428428.000000
yllcorner 4602440.000000
cellsize 26.757400
NODATA_value -9999.000000
[rows 156 to 181 of 393, columns 174 to 231 of 337]
1.046429 0.551930 0.216082 0.124149 0.133828 0.768457 0.472646 0.252527 0.107864 0.060881 0.622236 0.565751 0.543196 0.043445 0.015178 0.000886 0.040214 0.068978 0.020619 0.000372 0.000222 0.000103 0.731187 3.194041 4.004938 1.015824 0.020149 0.037250 0.045266 0.010604 0.001028 0.001447 0.014818 0.005878 0.005878 0.000199 0.000063 0.059242 0.253089 0.162535 0.149434 0.015502 1.043956 1.677366 1.704382 0.472267 0.003668 0.000051 0.001960 0.015204 0.016840 0.004841 0.007960 0.038299 0.068492 0.036683 0.047144 0.184430
1.389320 0.615657 0.192582 0.094525 0.132558 0.887406 0.676257 0.209125 -0.065721 0.046148 0.678979 0.588028 0.078353 0.421108 0.017094 0.000558 0.007406 0.030773 0.006665 0.000296 -0.000222 -0.000103 1.202095 4.041002 4.413473 0.007795 0.009283 0.015794 0.016200 0.001347 -0.000293 -0.000214 0.000000 0.000000 0.000000 -0.000070 -0.000064 0.112565 0.138852 0.081140 0.070164 1.201094 0.962769 1.677409 2.775627 2.785484 1.129137 0.000368 0.001073 0.003329 0.004978 0.019427 0.042212 0.023610 0.017920 0.008656 0.042827 0.278811
2.523822 0.050830 0.039801 0.074773 1.141002 0.296691 0.814849 0.500361 0.019206 0.016223 0.895004 1.102382 0.089383 0.190031 0.076779 0.031472 0.016022 0.005228 0.000236 -0.001021 -0.001488 -0.001274 1.366408 3.813864 3.695881 0.000000 0.000000 0.000000 0.000067 -0.000082 -0.018995 -0.017889 -0.000912 -0.007126 -0.007164 -0.006508 0.036666 0.499425 0.176807 0.137786 0.127845 0.493627 0.159760 0.137939 0.264065 3.207322 2.294719 0.002408 0.002125 0.014818 0.021715 0.023317 0.031189 0.002722 0.000112 0.000189 0.027022 0.090896
1.455267 0.055113 0.175763 0.124999 0.103085 0.181768 0.230799 0.799499 0.045749 0.010865 0.030518 2.295385 0.631723 0.159832 0.142362 0.141290 0.029293 0.033114 -0.000554 -0.001791 -0.001276 -0.001420 1.684589 4.025749 2.506280 -0.006936 -0.009244 -0.005350 -0.000464 -0.000305 -0.014467 -0.025448 -0.001630 -0.018883 -0.014489 -0.016955 0.122325 0.467576 0.306106 0.178510 0.089367 0.221181 0.074732 0.044961 0.071463 2.732359 1.406074 0.023889 0.012705 0.008546 0.011871 0.013661 0.017314 0.001374 -0.015298 -0.001846 0.022196 0.020352
0.654338 0.039677 0.059260 0.068656 0.040063 0.298742 0.245459 0.112158 0.040071 0.008787 0.026281 0.293311 0.536683 0.171789 0.150364 0.140781 0.021145 0.022366 0.165898 0.011136 -0.049518 -0.007250 1.672892 3.844501 2.835594 -0.392872 -0.021371 -0.017251 -0.006827 -0.009953 -0.021188 -0.084877 -0.042760 -0.037632 -0.021670 -0.027470 0.319202 0.544434 0.265578 0.598125 0.109710 0.024912 0.005267 0.109271 0.240609 3.664052 1.597171 0.021346 0.005266 0.000172 0.000396 0.000555 0.008192 0.000291 -0.096718 -0.077893 0.028467 0.027749
0.636270 0.042520 0.048434 0.035975 0.069888 0.251661 0.161625 0.162749 0.034161 0.004268 0.017790 0.097265 0.622617 0.206645 0.152457 0.110005 0.019324 0.023172 0.034917 0.028840 0.716485 0.459335 2.292207 4.929226 3.147180 -0.112879 -1.703511 -0.247176 -0.018022 -0.026818 -0.011960 -0.131949 -0.075265 -0.040990 -0.034275 -0.151923 1.933619 0.754056 0.327427 0.320747 0.203148 0.021218 0.000261 0.344966 0.721691 3.003478 0.136227 0.007330 -0.000002 -0.000132 -0.000330 -0.000401 -0.000013 -0.000105 0.539025 -0.096023 -0.348308 -0.010494
0.611515 0.040984 0.040198 0.029670 0.093362 0.104661 0.191069 0.179117 0.041215 0.000726 0.006453 0.095525 0.224755 0.228576 0.080631 0.036236 0.015337 0.016364 0.019079 0.036347 0.029359 0.056214 3.188353 4.989784 2.544953 -0.913649 -1.224995 0.077534 -0.274626 -0.214570 0.003562 -0.163151 -0.119140 -0.065171 -0.151158 0.506404 0.958356 0.041632 0.042832 0.033960 0.005907 -0.000978 0.057359 0.800771 1.008551 1.954390 0.011619 -0.000307 -0.008844 -0.023905 -0.007649 -0.010911 -0.007095 -0.005456 1.340769 -0.438715 -1.001942 -0.023129
0.790962 0.010119 0.037759 0.007246 0.098439 0.073955 0.174433 0.149543 0.049877 0.001263 0.000046 0.000001 0.563947 0.612043 0.000009 0.000257 0.000450 0.000310 0.014646 0.008771 0.010130 0.014076 1.530659 4.666525 2.765799 -0.204661 -0.742305 0.295417 0.164341 -0.232423 0.012829 -0.073088 -0.036418 -0.011428 0.177413 0.633475 1.020997 0.014502 0.026924 0.009723 0.000668 0.000112 0.230280 1.428565 1.584722 0.482695 0.017649 0.000452 -0.039040 -0.070795 -0.018348 -0.024270 -0.015830 -0.029410 1.726029 -0.158495 -0.739397 -0.325347
0.502448 0.004500 0.022563 0.006153 0.082853 0.093888 0.077416 0.116096 0.047248 0.002570 0.000575 -0.003349 0.484039 0.583195 0.252205 -0.000616 -0.064072 -0.000421 0.000012 0.000843 0.000528 0.000189 1.148782 4.484707 3.152381 0.098686 -0.411394 0.441284 0.351561 -0.185755 0.027274 -0.036536 0.006734 0.014148 0.525119 0.365766 0.258665 0.000345 0.007246 0.000326 0.000114 -0.000053 0.554425 2.036064 0.786337 0.124136 0.057860 0.009867 -0.146276 -0.071083 -0.506138 -0.023020 -0.027622 -0.180693 2.771498 -0.228164 -0.614358 -0.290037
0.653978 0.038065 0.007134 0.020878 0.048601 0.063849 0.064246 0.077478 0.008754 0.003490 0.001914 0.003556 0.067002 0.440760 0.478094 0.167465 0.000085 0.056051 -0.114039 0.000045 0.000647 -0.000079 0.715307 3.671458 2.906097 0.182212 0.053530 0.660970 0.567207 -0.066420 0.007300 -0.010718 0.091236 0.073656 0.053605 0.578483 0.250965 0.000664 -0.000003 -0.000208 -0.000181 0.553253 1.017543 1.126165 0.568386 0.299190 0.007365 0.033685 0.032174 0.170816 -0.815324 -0.114832 -0.071411 0.006932 2.913024 0.032309 -0.498164 -0.288829
0.324629 0.019787 0.025215 0.061444 0.016732 0.015885 0.144626 0.025170 0.024197 0.006319 0.002153 0.007428 0.024164 0.290579 0.679849 0.407679 0.122558 0.206775 -0.121046 -0.000854 0.001361 -0.000653 0.204283 4.102266 2.372024 0.165102 0.300860 0.388387 0.770732 -0.080166 -0.003671 0.004601 0.007644 0.013411 0.022017 0.256577 0.549613 0.001508 -0.007151 -0.006566 -0.006645 0.723616 1.663756 1.302676 0.029234 0.022893 0.006242 0.042014 0.014960 0.354640 -0.166551 0.003042 0.060322 0.308056 3.092981 -0.138503 -0.133238 -0.259163
0.002012 0.002421 0.016458 0.035794 0.013253 0.018731 0.078391 0.086200 0.066759 0.011987 0.003358 0.046465 0.321238 0.462203 0.015413 0.014686 0.032575 0.541914 -0.093508 -0.000690 0.006677 -0.000293 -0.195777 4.625471 2.693724 0.310044 0.758812 0.263310 0.982121 0.050007 0.066781 0.028094 0.001455 0.006651 0.011046 0.001109 0.592820 0.300966 -0.014649 0.109091 0.043194 0.923714 1.696438 1.258865 0.001927 0.000000 0.017637 0.024442 0.011347 0.011140 -0.048737 0.057471 0.144466 0.953813 3.261747 0.001907 0.691076 -0.089824
0.007160 0.020203 0.020818 0.032762 0.009692 0.016881 0.102635 0.049940 0.022403 0.038177 0.021118 0.078515 0.079108 0.024605 0.008879 0.007729 0.012143 0.024139 0.013642 0.005958 0.038100 0.955248 0.513862 5.475262 3.553378 0.167171 0.013137 0.221094 0.035252 0.087133 0.077460 0.019962 0.001074 0.000000 0.000000 0.009751 0.545630 0.949546 0.788339 0.208547 0.168988 0.455122 0.605529 0.496843 0.005339 0.006211 0.020966 0.001200 0.000980 0.000522 0.008993 0.126239 0.247921 0.455449 1.126011 0.016018 0.010928 0.091625
0.014625 0.011594 0.017907 0.026555 0.007652 0.015531 0.097113 0.010667 0.008727 0.016963 0.008739 0.027622 0.024392 0.013006 0.001269 0.000581 0.000369 0.000369 0.012637 0.000664 0.006518 0.590725 1.013245 4.453156 1.318394 0.026752 0.011598 0.098658 0.020121 0.031507 0.063187 0.027225 0.002339 -0.014006 0.190279 2.151942 2.099096 1.110259 0.655372 0.015256 0.011709 0.927244 0.669330 0.477825 0.005416 0.008641 0.018766 0.001948 0.000935 0.000138 0.000445 0.022711 0.026708 0.026654 1.402168 0.039145 0.000435 0.014971
0.036426 0.000560 0.006399 0.010089 0.000791 0.008770 0.040187 0.000289 0.000000 0.000000 0.000144 0.000145 0.000010 0.000000 -0.000189 -0.000271 -0.000030 -0.000006 -0.000001 -0.000031 -0.000001 0.760900 1.320515 2.492291 1.769433 0.008423 0.009578 0.058481 0.016903 0.014873 0.044436 0.066278 0.234800 0.012651 0.236272 0.684657 0.949421 0.844486 0.059232 0.007211 0.000306 0.570352 1.177241 0.418814 0.008745 0.002847 0.004367 0.001065 -0.000126 -0.000477 0.000162 0.000029 0.000412 0.058753 1.218338 0.477181 -0.000025 0.000003
0.010524 0.000294 0.000100 0.000015 0.000365 0.000514 0.002417 0.000426 -0.024035 -0.008489 -0.000455 -0.000138 -0.005514 -0.014544 -0.042810 -0.006047 -0.000575 -0.000373 -0.035888 -0.045276 -0.017482 1.149309 1.432156 1.450056 1.370403 0.012750 0.001353 0.011610 0.011892 0.008449 0.041430 0.216913 0.423383 1.266296 0.487754 0.431871 0.233765 0.088136 0.038526 0.025901 0.040195 0.324281 0.923881 0.426414 0.025631 0.006508 0.006978 -0.001100 -0.000924 -0.017643 -0.119178 -0.001508 -0.000533 0.098997 1.019528 0.522964 -0.038672 -0.015333
0.040156 0.001030 -0.000202 -0.008620 -0.000832 -0.000372 -0.000644 -0.000695 -0.042916 -0.017376 -0.019042 -0.018343 -0.042596 -0.402429 -0.047759 -0.008978 -0.001772 -0.012861 0.141504 0.116909 1.075393 1.973228 2.214368 2.270633 0.984621 0.007294 0.000288 0.000059 0.000000 0.000000 0.143113 0.503968 0.861904 1.069845 0.024665 0.018277 0.011700 0.000821 0.000804 0.064777 0.106186 0.569847 0.850536 0.445908 0.089082 0.023760 0.021940 -0.028530 -0.015031 -0.584084 0.039064 0.311028 -0.000783 0.159705 1.211782 0.726964 0.451129 0.409255
0.101352 0.013290 -0.011509 -0.023651 -0.007252 -0.000594 -0.000839 -0.005703 -0.046293 -0.040064 -0.104453 -0.357689 0.623519 -0.281723 -0.699205 -0.013084 -0.001998 0.216417 0.286067 0.355774 1.647195 2.216149 1.983017 1.037131 0.547459 0.006964 0.000160 -0.000564 -0.021010 -0.013590 0.401519 0.639229 0.551177 0.023880 0.019648 0.002332 0.000086 -0.000048 0.001383 0.222389 0.293526 0.854418 0.833635 0.765896 0.101874 0.034981 0.017302 -0.080866 -0.110132 -0.190723 0.276466 0.411121 0.112870 0.169250 0.314762 0.306936 0.243188 0.719819
0.065053 0.006789 -0.157398 -0.025033 -0.017111 -0.005812 -0.017237 -0.016187 -0.045539 -0.048457 1.188341 0.954383 1.358981 -0.315518 -0.570097 -0.322375 -0.254981 0.100669 0.854059 1.136439 2.070789 1.695486 1.356743 0.181506 0.004175 0.004240 -0.000357 0.354665 -0.183145 0.182726 0.542587 0.433535 0.045778 0.017079 0.014908 0.009977 0.018448 0.012613 0.001635 0.544102 0.355285 0.254907 0.173540 0.055113 0.124451 0.035769 0.012817 0.115259 0.690354 0.823659 0.919611 0.763047 0.378212 0.011541 0.009500 0.010930 0.001066 1.178730
0.017284 0.001968 -0.086767 -0.005459 -0.026339 -0.016095 -0.036151 -0.035826 -0.152687 1.058063 2.015251 0.921902 1.594779 -0.333698 -0.416026 -0.285217 -0.657468 -0.132827 1.077698 1.207617 1.809323 0.029164 0.019757 0.002391 0.007630 0.003246 -0.060338 0.673948 0.169031 0.297682 0.713111 0.325468 0.021341 0.016628 0.005486 0.006024 0.006719 0.057641 0.859344 0.953629 0.071447 0.041740 0.045760 0.018811 0.076207 0.035340 0.048726 0.060478 0.102694 0.017499 0.019934 0.022886 0.018454 0.001738 0.001264 0.000493 0.001031 1.730518
0.000235 -0.000108 -0.050105 -0.056569 -0.050084 -0.042426 -1.917720 0.505567 0.955366 2.238864 1.356754 0.003929 0.010073 0.134160 0.014883 0.157494 0.192218 -0.115367 1.002184 0.872356 1.058240 0.000000 0.000000 -0.000038 0.223305 -0.018425 0.409814 1.050103 0.164347 0.189149 0.347992 0.024088 0.012770 0.006076 0.000000 0.000090 0.003794 0.084308 0.516579 0.174322 0.099629 0.016031 0.003525 0.054585 0.039725 0.058388 0.016445 0.033949 0.033472 0.007670 0.000662 0.000192 0.000098 -0.000194 -0.000501 -0.000334 0.338487 2.185780
-0.000069 -0.009312 -0.005597 -0.048462 -0.076114 -0.369715 -1.285571 0.792795 1.314915 1.968952 0.115634 0.000000 0.000000 0.000000 1.213203 0.725758 0.650968 0.851772 0.976668 0.533417 0.235416 -0.012227 -0.018522 -0.059216 0.681655 0.242563 0.469370 1.093267 -0.056766 -0.008825 0.259472 0.004221 0.007568 -0.000170 -0.005912 -0.000274 -0.000006 0.000146 0.601220 0.001170 0.010831 0.009657 0.015477 0.105574 0.069023 0.000568 0.015915 0.006387 0.000592 0.000164 -0.000035 -0.000094 -0.000069 -0.053577 -0.070917 -0.045393 1.506855 1.828227
0.029828 -0.034773 0.033386 0.040297 -0.079192 -0.642183 -1.063182 0.627082 1.429668 2.155490 0.374651 -0.252523 -0.228733 -0.010852 1.740444 0.937300 0.102221 0.014768 0.010747 0.000886 0.001081 0.019608 -0.080121 0.090965 0.923660 0.365162 0.428302 0.677051 -0.312698 -0.248282 0.012732 0.000091 -0.000330 -0.010632 -0.013851 -0.008869 -0.008589 -0.000302 0.697680 -0.000046 0.000607 0.001496 0.008821 0.016121 0.136386 0.000852 0.000360 0.000360 -0.000058 -0.000101 -0.008177 -0.007255 -0.007955 0.243002 0.878300 0.707602 1.460084 2.003720
0.008418 0.003565 0.047796 0.015015 0.042769 -0.597025 -0.583522 0.601449 1.291116 2.156420 0.374247 0.003632 0.144376 0.652392 0.874570 0.088173 0.048316 0.006975 0.000577 -0.000065 0.001316 0.097947 0.138382 0.088365 0.979764 0.389408 0.334498 0.487170 -0.504184 -0.093276 0.000663 -0.000145 -0.000483 -0.022396 -0.010919 -0.014880 -0.019325 0.146148 0.912396 -0.190579 -0.000189 0.000445 0.000222 0.008416 0.036908 0.000322 -0.000360 -0.000360 -0.007280 -0.006327 -0.027460 -0.019222 -0.023488 0.684395 2.047153 1.463890 1.650603 2.076235
0.000671 0.028119 0.034140 0.003875 0.013432 -0.393395 -0.497178 0.532415 1.296433 1.852916 0.457783 -0.079750 0.158033 0.765435 0.000134 0.000330 0.000401 0.000013 -0.000072 -0.026571 0.002704 0.087154 0.263307 0.060601 1.018178 0.409041 0.378966 0.391503 -0.692712 0.170815 0.001448 -0.001868 -0.004128 -0.019082 -0.022900 -0.054396 -0.006245 0.138875 0.553955 -0.090529 0.000009 -0.000439 -0.000222 0.000066 0.000128 -0.000424 -0.014314 -0.009512 -0.021978 -0.013748 -0.004003 0.001314 0.039935 1.271149 2.132870 2.821211 4.160894 2.708935
0.001379 0.018214 0.003863 0.000840 0.000889 0.001986 -0.076613 0.401112 1.382074 1.895464 0.521062 -0.199126 0.061584 1.301861 -0.000226 -0.000396 -0.000555 -0.010355 -0.006496 -0.338224 -0.054383 -0.165944 0.482125 0.127421 1.254745 0.549267 0.580195 0.586534 -0.607506 0.045401 0.000831 -0.002622 -0.003894 -0.004978 -0.003347 -0.007155 -0.095933 0.042607 0.335827 0.055077 0.002946 -0.008591 -0.006626 -0.000539 -0.000303 -0.002918 -0.051289 -0.023546 -0.029632 -0.002145 0.010301 0.002010 0.047605 1.330812 2.893914 2.801754 3.552559 2.144547
