use_cases/Flooding_chicago/flooding_data/output/hUy_3420.asc
ncols 337
nrows 393
xllcorner 428428.000000
yllcorner 4602440.000000
cellsize 26.757400
NODATA_value -9999.000000
[rows 130 to 155 of 393, columns 116 to 173 of 337]
-0.015190 -0.090545 0.000258 0.000179 0.031757 -0.853297 0.692463 0.675559 0.304666 -0.055971 -0.291648 -0.092377 0.010933 0.188836 0.078637 0.152099 0.096339 0.135055 -0.366934 -0.335858 -0.341741 -0.290477 -0.287764 -0.438193 -0.539258 -0.526989 -0.170912 -0.220207 0.056073 0.119192 0.099497 0.000028 -0.368465 -0.118636 -0.841217 -0.006108 -0.003812 -0.001969 -0.000006 -0.000002 0.000000 0.000000 -0.000000 -0.000000 0.000001 0.000001 0.000147 0.060562 0.044791 0.005066 0.001631 0.002695 0.003251 0.002161 0.003286 0.002958 0.002348 0.003283
-0.009041 -0.115697 0.000508 0.000237 0.010048 -0.911094 0.938163 0.872822 0.400297 0.046447 -0.188554 -0.016963 0.112097 0.275767 0.199189 0.259357 0.207129 0.230588 -0.424089 -0.415702 -0.430400 -0.344422 -0.340788 -0.391113 -0.519712 -0.430780 -0.341330 -0.344786 -0.164904 0.002517 -0.027860 -0.000007 -0.147837 0.032869 -0.432941 -0.021787 -0.857927 -0.003011 -0.001158 -0.000043 -0.000604 -0.000378 -0.000866 -0.000430 -0.000005 -0.000000 0.000341 0.017484 0.014785 0.003303 0.001375 0.001487 0.002806 0.001175 0.002131 0.000888 0.001036 0.000062
-0.069280 -0.147338 0.000214 0.000172 0.000036 -0.698992 0.897061 0.944650 0.490498 0.146489 -0.021193 0.143505 0.258917 0.390123 0.324908 0.347738 0.329393 0.346993 -0.216328 -0.383636 -0.673210 -0.516888 -0.548826 -0.689044 -0.803794 -0.409017 -0.538933 -0.657836 -0.459815 -0.190530 -0.296690 -0.109273 -0.124714 0.084642 -0.256885 -0.013192 -0.614630 -0.398120 -0.002130 -0.000588 -0.000987 -0.001259 -0.002828 -0.001789 -0.005069 0.000000 0.000177 0.003924 0.008247 0.002993 0.000008 0.000617 0.001169 0.000577 0.001149 0.000004 0.000000 -0.000003
-0.226034 -0.238338 -0.000662 -0.000212 -0.000037 -0.164021 0.698432 0.922478 0.469664 0.219827 0.113035 0.302692 0.546805 0.630057 0.465324 0.427828 0.520216 0.545528 0.173465 -0.181997 -0.714835 -0.490854 -0.395847 -0.588519 -0.784132 -0.209777 -0.543432 -0.742543 -0.574379 -0.289240 -0.380475 -0.245429 -0.476770 -0.142638 -0.290078 -0.158362 -0.831016 -0.512934 -0.006084 -0.000898 -0.001026 -0.001800 -0.004292 -0.004552 -0.014796 -0.004432 -0.000015 0.000115 0.002820 0.000971 0.000002 0.000001 0.000001 -0.000000 -0.000000 -0.000001 -0.000186 -0.001559
-0.354206 -0.333055 -0.000627 -0.000252 0.256722 0.158968 0.799501 0.786588 0.534206 0.298922 0.212149 0.393767 0.784673 0.891083 0.532494 0.534277 0.730435 0.748611 0.551729 0.106448 -0.712353 -0.657184 -0.393033 -0.471675 -0.758805 -0.388091 -0.551326 -0.688661 -0.774508 -0.480796 -0.467090 -0.290670 -0.649348 -0.410040 -0.330736 -0.335781 -0.819802 -1.041099 -0.699691 -0.008400 -0.002630 -0.006527 -0.000828 -0.014509 -0.534153 -0.213426 -0.001766 -0.000005 0.000001 0.000001 -0.000000 -0.000001 -0.000017 -0.000636 -0.000442 -0.000600 -0.001077 -0.004336
-0.186749 -0.317498 -0.185645 0.286209 0.507109 0.414353 0.899323 0.802788 0.717066 0.395672 0.326159 0.544118 0.917201 1.095196 0.883995 0.605209 0.889497 1.086334 0.770202 0.227859 -0.594349 -0.706467 -0.456336 -0.565868 -0.672636 -0.473883 -0.583934 -0.571307 -0.910274 -0.741109 -0.822327 -0.222377 -0.556699 -0.333433 -0.757051 -0.826863 -0.893844 -1.640958 -1.459467 -0.437105 -0.310713 -0.269020 -0.277863 -0.579339 -0.946893 -0.091361 0.036927 -0.000009 -0.000002 -0.000034 -0.001018 -0.000602 -0.000461 -0.001472 -0.000847 -0.001300 -0.001859 -0.002606
-0.000065 -0.216292 -0.502026 0.510993 0.729046 0.766037 0.959537 1.015897 0.755987 0.442949 0.417472 0.682800 1.210665 1.347339 1.044373 0.719494 0.740373 1.223104 0.750028 0.339224 -0.469599 -0.778705 -0.507058 -0.646257 -1.068030 -0.834280 -0.601899 -0.847912 -0.821306 -0.864076 -0.731724 -0.559199 -0.152004 -0.025892 0.408460 -0.056408 0.009636 -0.995369 -1.140116 -0.489004 -0.458473 -0.398754 -0.784465 -1.087094 -1.751735 -0.695590 0.163296 -0.000015 -0.000580 -0.000321 -0.007166 -0.001374 -0.001904 -0.000816 -0.001245 -0.001787 -0.001710 -0.016239
-0.118581 -0.127885 0.025694 0.638851 0.709011 0.668199 1.022439 1.073447 0.783868 0.593638 0.494305 0.744821 1.155139 1.324477 1.329561 0.956307 0.963124 1.185127 0.815757 0.522727 -0.091961 -0.558059 -0.490768 -0.566779 -1.201672 -1.093986 -0.790155 -0.888811 -0.954498 -0.605425 -0.410554 -0.331941 0.473082 0.315905 0.854339 0.084232 -0.080123 -1.121926 -1.564761 -0.786713 -0.790562 -0.666408 -0.552207 -0.942802 -2.710339 -1.382201 -0.114863 -0.348961 -0.001517 -0.000369 -0.013994 -0.002293 -0.001365 -0.002953 -0.001964 -0.002805 -0.009100 -1.440200
-0.621349 -0.297120 0.271419 0.678815 0.734135 0.890334 1.093210 1.151473 0.809448 0.725634 0.575189 0.902537 1.301316 1.464294 1.461455 1.250051 0.998558 1.420278 0.715685 0.559551 0.403898 -0.318942 -0.441494 -0.355699 -0.832607 -1.306121 -1.007613 -0.788138 -0.842186 -0.465999 0.066958 0.623908 0.844568 1.070030 0.896695 -0.113162 -0.296296 -1.571150 -2.275165 -1.061295 -1.768716 -2.006798 -0.991792 -0.932104 -2.835665 -1.611526 -0.592708 -0.540532 -0.327982 -0.631995 -0.492644 -0.567814 -0.001185 -0.007592 -0.005492 -0.001478 -0.426211 -1.778756
-0.364875 -0.262994 0.243853 0.516617 0.792940 0.921445 1.106397 1.262559 0.822149 0.706956 0.583658 1.208016 1.592520 1.541246 1.324483 1.154701 1.281217 1.389351 0.844461 0.749422 0.534255 0.002241 -0.183911 -0.186743 -0.173077 -0.857384 -0.874739 -0.720277 -0.614930 0.268429 0.856225 0.742903 1.014684 2.306787 1.208083 -0.372062 -0.721474 -1.208506 -2.251706 -2.509204 -2.465695 -2.421491 -1.841554 -1.331507 -2.646946 -2.027603 -0.706250 -0.815123 -0.597083 -0.401933 -0.232972 -0.517177 0.211390 0.055081 -0.899608 -0.537762 0.102657 -0.823575
-0.004225 -0.234007 0.284927 0.495405 0.876803 1.106577 1.210416 1.234838 0.894571 0.763034 0.679212 1.325309 1.596752 1.574397 1.475656 1.354301 1.627528 1.195463 1.021837 0.985706 0.748422 0.288809 0.174080 0.059672 0.020648 -0.244574 -0.511154 -0.308641 0.037763 0.721288 0.755494 0.809349 1.206714 1.730077 1.130326 -0.000407 -0.942990 -0.679354 -1.620760 -3.370783 -2.350706 -3.064271 -1.862159 -3.034519 -2.593123 -1.695842 -0.852708 -1.391051 -1.002019 -0.237173 0.417145 1.407182 1.343261 -0.002873 -2.145903 -2.161289 -0.334140 -0.186596
0.084279 -0.226110 0.418948 0.649426 0.938198 1.034084 1.050576 0.957972 0.846869 0.844838 0.913945 1.475152 1.734218 1.706944 1.608954 1.839887 2.069053 1.259457 1.516442 1.287549 0.910546 0.498639 0.610326 0.253413 0.153760 0.153278 0.259675 0.299120 0.328738 1.078616 0.579545 0.718351 1.178519 1.371224 1.085203 0.254511 -0.482562 0.577910 -0.133684 -0.642340 -1.987280 -2.286126 -2.250840 -1.728079 -1.396906 -0.296434 -1.042140 -1.046610 -1.020908 0.918846 2.262326 3.028758 2.886931 0.879111 -3.106016 -3.950817 -0.953060 0.837318
0.177992 -0.205495 0.493548 0.615605 1.271580 1.097145 1.089519 0.990394 1.029320 0.989290 1.059608 1.663526 1.739401 1.570910 1.751887 2.033669 2.298162 1.860124 1.454957 1.333795 1.249386 0.734923 0.664441 0.355252 0.214569 0.197016 0.234507 0.669435 0.790307 0.667285 0.284658 0.783827 1.093953 0.015971 0.000871 0.000452 0.015890 0.000820 0.000494 0.000982 0.044641 -1.004889 -2.394426 -0.838114 -1.080347 -0.624721 -1.003978 -0.536270 -0.421079 1.488027 1.759076 1.143784 0.443877 -0.070735 -1.256390 -4.529343 -1.208656 -0.176583
0.704667 -0.157971 0.401951 0.671489 1.095278 1.151836 1.124339 1.021642 0.948915 1.147180 1.276315 1.627067 1.610852 1.734492 1.932260 2.382862 2.711958 1.855227 1.505359 1.268543 1.373930 0.827446 0.655730 0.346430 0.129929 0.067213 0.129102 0.300366 0.240076 0.168072 0.000414 0.005991 0.007746 0.000972 0.000021 0.000107 0.000174 0.000082 0.000001 0.000020 0.000564 0.021575 -0.808015 -0.364697 -0.453652 -0.336480 -0.473848 -0.079892 0.277130 1.218923 0.949423 0.106780 -0.067583 -0.038469 -0.181841 -3.295062 -1.201552 -0.302763
0.173131 0.010195 0.381592 0.479969 0.692611 1.145755 1.350462 1.219005 0.939500 0.864126 0.836626 1.768842 2.059485 1.874379 2.106414 2.827992 2.716438 1.767648 1.624907 1.587421 1.500816 1.328509 0.818904 0.104183 0.112215 -0.011685 0.141215 0.239377 0.054624 -0.031263 0.002726 0.002675 0.003699 0.000051 -0.000008 0.000010 0.000228 0.000077 -0.000017 0.000013 0.000015 0.002637 0.000113 0.008719 0.090357 -0.045451 -0.249507 0.104417 -0.013978 0.087450 0.000268 -0.049609 -0.049161 0.299335 0.461946 -2.557829 -0.948496 -0.231933
0.000378 0.000142 0.163009 0.496270 0.659718 1.077752 1.199475 1.264984 1.050025 1.000207 1.037250 2.009437 2.272463 2.236538 2.560059 2.620593 2.694118 1.958514 1.854496 1.830355 1.202835 0.420785 0.357589 0.000003 0.000814 0.000140 0.002659 0.001990 0.097292 0.030027 0.000928 0.000096 0.000119 0.000038 -0.000821 -0.000073 0.000133 0.000047 -0.000045 -0.000013 -0.000018 -0.000001 -0.000009 0.043547 0.349256 0.108904 -0.196618 0.065960 -0.205422 -0.159506 -0.000128 0.000041 0.093555 0.108950 1.089677 -1.923662 -0.629015 -0.063997
0.000000 0.000645 0.139972 0.304837 0.614669 0.991375 1.260025 1.102582 1.017915 0.985989 1.193630 1.807203 2.116922 2.330122 2.781216 2.666673 2.131344 1.394575 1.323904 1.265597 1.257349 0.759355 0.398222 -0.000002 -0.000000 0.000069 0.000015 0.000675 0.014475 0.018172 0.000024 0.000041 -0.000164 -0.000345 -0.000661 -0.002527 0.000005 0.000005 -0.000042 -0.000014 -0.002575 -0.001458 0.022887 0.118844 0.513678 0.166394 -0.091464 0.045428 -0.391311 -0.378197 -0.000394 0.000025 0.226839 0.129656 0.452413 0.243981 -0.355779 0.032152
-0.000328 0.003248 0.151813 0.294292 0.584496 0.935820 1.127476 1.001088 0.870409 0.856415 1.105035 1.769446 2.124345 2.241588 2.889994 3.170882 2.239983 1.448551 1.368882 1.250292 1.488986 0.873866 0.802031 -0.070250 -0.049681 -0.000024 0.000027 0.000080 0.006701 0.005130 -0.000024 -0.000148 -0.000142 -0.002204 -0.007341 -0.012539 -0.000005 -0.000005 -0.000011 -0.000012 -0.004842 -0.178695 0.301928 0.180286 0.135922 0.487775 0.381592 0.284391 -0.220125 -0.360209 -0.130104 0.013500 0.264287 0.171801 0.640979 0.308338 -0.090205 0.016550
0.216133 -0.107700 0.134853 0.266949 0.609332 0.917748 1.127329 0.929459 0.800405 0.845254 1.035722 1.571271 1.963715 1.931154 2.738787 3.312502 3.190044 2.214460 1.866878 1.626152 1.407895 0.828010 0.767291 0.166484 0.320426 -0.018251 -0.000006 0.000127 0.001611 0.000187 -0.000035 -0.000072 -0.000047 -0.003175 -0.016340 -0.019405 -0.000568 -0.000916 -0.000603 -0.000017 -0.168600 0.373779 0.222047 0.222594 0.211148 0.148319 0.077490 0.060799 -0.056827 -0.216827 -0.101214 0.329272 0.973371 0.761799 0.615206 0.172252 0.058786 -0.028833
0.223221 -0.141643 0.066387 0.215194 0.845907 1.087674 1.148679 0.847160 0.791990 0.738141 1.008711 1.425861 1.618901 2.028764 2.292761 3.355464 2.670741 1.645995 2.009284 1.775402 1.120221 0.742828 0.801508 0.264404 0.507494 0.508148 -0.000574 0.000004 0.000010 -0.000109 -0.001537 -0.001230 -0.000136 -0.002502 -0.049372 -0.126108 -0.116367 -0.001722 -0.001579 -0.000856 0.000025 0.451520 0.082213 0.655709 0.227274 0.000002 0.098279 0.098785 0.086518 0.000002 0.000032 1.383152 1.905553 1.370250 0.427614 -0.037588 -0.108343 -0.203822
0.211885 -0.107869 -0.031748 0.294266 0.996317 1.166952 1.438320 0.865471 0.464620 0.470417 0.761475 1.025485 1.685771 1.752134 2.548440 2.666052 2.959772 1.854334 1.767723 1.597038 1.232522 0.478499 0.723494 0.325705 0.512263 1.050621 -0.019448 0.000000 0.000019 -0.000023 -0.004211 -0.005098 -0.003173 -0.000336 0.017802 0.114354 -0.003606 -0.258330 -0.073686 -0.029902 -0.001351 0.253430 0.011170 0.578343 0.168345 -0.000002 0.133963 0.111409 0.083695 -0.000002 0.000328 2.397312 2.714031 1.472877 0.695402 0.163167 -0.421214 -1.013338
0.077127 0.000000 0.000004 0.349186 0.813366 0.997335 1.032833 0.803441 0.382179 0.394243 0.828139 1.064017 1.338513 1.841106 2.140668 2.695949 3.029783 3.128357 2.507543 2.209131 1.248751 0.777154 0.398157 0.498084 0.565424 0.386610 -0.000688 0.000002 0.000003 0.003998 -0.013919 -0.954560 -0.460866 -0.036759 0.565401 0.355696 0.056957 -0.368863 -0.075629 -0.068797 -0.024371 0.141277 -0.073895 0.339560 0.079822 0.038993 0.117124 0.087703 0.042551 -0.088899 0.406622 2.746224 3.147988 0.514264 0.000315 0.251864 -0.545698 -1.261218
0.000000 -0.022915 0.148300 0.398564 0.718426 0.748976 0.976456 0.712458 0.376638 0.445290 0.644353 0.755120 1.208019 1.348062 2.296329 3.128395 3.565011 3.346018 3.384796 2.525773 1.187774 0.740051 0.662207 0.609983 0.338920 0.290129 0.000015 0.000002 0.000000 0.000316 0.001908 -0.646044 0.434121 0.655970 1.049365 0.736937 0.398596 -0.326504 -0.096542 0.000638 -0.027177 0.001558 -0.338500 -0.013521 0.003735 0.027367 0.083296 0.044107 -0.002475 -0.543417 0.977759 3.423941 2.818344 0.013922 0.000000 0.058789 -0.503931 -0.735258
-0.084535 0.185697 0.214434 0.422665 0.375813 0.421022 0.365002 0.694535 0.429459 0.569595 0.678176 0.709820 0.964774 1.284033 1.896341 3.269628 3.876379 3.578187 3.615560 2.556731 1.542841 0.802382 0.621841 0.369398 0.328244 0.001754 0.000035 0.000002 -0.000003 0.000005 0.022848 -0.644652 0.747081 0.966421 1.073187 0.630791 0.949321 -0.108825 -0.552167 0.016456 -0.068031 -0.157357 -0.325664 -0.506596 -0.409607 -0.280870 -0.171037 -0.028286 -0.047570 -0.263551 0.861130 3.637475 3.096557 0.519293 -0.029714 0.200705 0.340062 0.077719
-0.016574 0.183907 0.240554 0.371651 0.383194 0.447731 0.372440 0.323076 0.016874 0.021283 0.633431 0.644081 0.778017 0.931677 1.762841 3.279715 3.458544 3.503455 3.611040 2.809491 1.459258 0.847939 0.612494 0.371434 0.265180 0.003397 0.001994 0.000002 -0.000026 0.000009 0.000902 -0.816546 0.823664 1.041594 1.131713 0.818039 1.404801 0.424573 -0.452871 -0.268774 -0.155989 -0.940594 -0.162826 0.338944 -0.590652 -0.613544 -0.838112 -0.484587 0.137610 -0.461283 0.454684 2.662955 2.964511 0.699496 0.209282 2.398271 2.215605 1.505947
0.073917 0.042541 0.057780 0.018060 0.345170 0.824685 0.538461 0.277089 0.012240 0.022791 0.509331 0.536469 0.613650 0.677832 1.717207 2.875378 3.678530 3.872274 3.975758 2.957972 1.446259 1.114679 0.578684 0.532914 0.226803 0.030427 0.000492 -0.000024 -0.000035 -0.000006 -0.000000 -0.453973 0.930617 1.108905 1.508925 1.821230 1.607170 0.641681 0.138378 -0.000159 -0.200489 0.193620 0.400355 0.710447 0.279416 -0.586854 -1.118088 -1.251814 -0.112885 -0.106350 0.333686 1.809511 2.217677 0.661233 1.467799 1.056075 0.820165 0.926102
