use_cases/Flooding_chicago/flooding_data/output/hUy_2220.asc
ncols 337
nrows 393
xllcorner 428428.000000
yllcorner 4602440.000000
cellsize 26.757400
NODATA_value -9999.000000
[rows 104 to 129 of 393, columns 116 to 173 of 337]
-9999.000000 -9999.000000 -9999.000000 -9999.000000 -9999.000000 -9999.000000 -9999.000000 -9999.000000 -9999.000000 -9999.000000 -9999.000000 -9999.000000 -9999.000000 -9999.000000 0.000000 0.000000 0.007987 0.004335 0.015074 0.001404 0.002568 0.268361 0.393343 0.028380 0.034832 0.007438 0.002699 0.014424 0.002350 0.021502 0.053662 -0.091842 0.046724 0.334721 0.051939 -0.479704 0.000321 0.000003 0.000208 0.000424 0.000268 0.000025 0.000001 0.000000 0.000000 0.000000 0.008731 0.297558 0.439420 0.461319 0.415969 -0.042063 -0.130478 0.194815 0.022173 0.012300 0.095636 0.368174
-9999.000000 -9999.000000 -9999.000000 -9999.000000 -9999.000000 -9999.000000 -9999.000000 -9999.000000 -9999.000000 -9999.000000 -9999.000000 -9999.000000 -9999.000000 -9999.000000 -9999.000000 -0.008006 0.000000 0.000000 0.000000 -0.000111 0.005185 0.026348 0.092738 0.026421 0.001875 0.006894 0.001071 0.000609 0.000478 0.068725 -0.056189 0.034977 0.031633 0.062572 -0.037074 -0.034450 -0.000138 -0.008851 -0.000326 -0.000007 -0.000305 -0.002781 -0.018529 -0.015312 -0.005934 0.040391 0.069622 0.687567 0.601295 0.541282 0.353277 0.048341 0.209883 0.007913 0.002495 0.001598 0.120025 0.309122
-9999.000000 -9999.000000 -9999.000000 -9999.000000 -9999.000000 -9999.000000 -9999.000000 -9999.000000 -9999.000000 -9999.000000 -9999.000000 -9999.000000 -9999.000000 -9999.000000 -0.001339 -0.013672 -0.007894 -0.013541 -0.004289 -0.001561 0.000836 0.001951 0.002017 0.000965 0.002272 0.000135 -0.002617 -0.000825 0.000089 0.010405 -0.020620 0.070193 0.120188 -0.047103 -0.081443 -0.039067 -0.005541 -0.022523 -0.004608 -0.000902 -0.000173 -0.001188 -0.024833 -0.067754 -0.063249 0.067247 0.077663 0.058989 0.077587 0.121355 0.525302 0.498933 0.785939 0.040116 0.006853 0.002721 0.039349 0.363182
-9999.000000 -9999.000000 -9999.000000 -9999.000000 -9999.000000 -9999.000000 -9999.000000 -9999.000000 -9999.000000 -9999.000000 -9999.000000 -9999.000000 -9999.000000 -0.000070 -0.000689 -0.024491 -0.019055 -0.067494 -0.040044 -0.005527 -0.003210 -0.001967 -0.000546 -0.000110 -0.000400 -0.000466 -0.044364 -0.000932 -0.000453 0.000066 0.108254 0.143897 0.000438 -0.067762 -0.070472 -0.045339 -0.070798 -0.025671 -0.011498 -0.001555 -0.000491 -0.001794 -0.001278 -0.008194 -0.015597 0.035377 0.027946 0.009634 0.012858 0.131585 0.105243 0.112959 0.208588 0.034485 0.025865 0.004752 -0.139851 0.632203
-9999.000000 -9999.000000 -9999.000000 -9999.000000 -9999.000000 -9999.000000 -9999.000000 -9999.000000 -9999.000000 -9999.000000 -9999.000000 -9999.000000 0.000326 -0.022480 -0.001964 -0.006497 -0.061269 -0.027504 -0.016150 -0.005555 -0.045220 -0.002465 -0.002304 -0.001053 -0.000765 -0.000378 -0.112867 -0.007473 -0.001291 -0.000233 -0.000011 0.000015 -0.000097 -0.025248 -0.166097 -0.016511 -0.106341 -0.079252 -0.011608 -0.010994 -0.026786 -0.004726 -0.000124 0.000485 -0.021310 0.000000 0.000205 0.000107 0.002423 0.057258 0.196231 0.241609 0.023002 0.035910 0.022143 0.007283 -0.137833 0.789249
-9999.000000 -9999.000000 -9999.000000 -9999.000000 -9999.000000 -9999.000000 -9999.000000 -9999.000000 -9999.000000 0.000421 0.001034 -0.000003 -0.000208 -0.021257 -0.001455 -0.002394 -0.024480 -0.016400 -0.010457 -0.003846 -0.020889 -0.075755 -0.006647 -0.022476 -0.014354 -0.036064 -0.045865 -0.037397 -0.017406 -0.052073 -0.049961 -0.000707 -0.007078 -0.040262 -0.367447 -0.031703 -0.048132 -0.035503 -0.029521 -0.065627 -0.064291 -0.002771 -0.000844 0.000858 -0.013917 -0.026076 -0.001980 -0.000202 0.013914 0.081372 0.127197 0.094549 0.015584 0.030743 0.018617 0.039249 0.063496 1.150428
-9999.000000 -9999.000000 -9999.000000 -9999.000000 -9999.000000 -9999.000000 -9999.000000 -9999.000000 0.001049 -0.000424 -0.001201 -0.008203 -0.012743 -0.103158 -0.013160 -0.005777 -0.060338 -0.036023 -0.056335 -0.032452 -0.070451 -0.115893 -0.045829 -0.040837 -0.023138 -0.044642 -0.090294 -0.069531 -0.048785 -1.135912 -0.078338 0.542753 0.014676 0.033894 -0.295815 -0.261896 -0.019163 -0.019856 -0.008586 -0.065698 -0.137763 -0.015927 -0.008337 0.011954 0.717785 0.396269 0.158541 0.155770 0.058299 0.287176 0.010723 0.006779 0.004571 0.016509 0.010245 0.027593 0.023191 0.047994
-9999.000000 -9999.000000 -9999.000000 -9999.000000 0.000378 0.000352 0.000004 0.000119 -0.000576 -0.005358 -0.001070 -0.017279 -0.020274 -0.180817 -0.027812 -0.020989 -0.066159 -0.040971 -0.065945 -0.088307 -0.068344 -0.143656 -0.111689 -0.036092 -0.023449 0.008652 -0.230476 -0.108961 -0.288209 -0.991641 0.005869 0.840846 0.003946 0.007246 -0.214970 -0.182940 -0.155507 -0.006225 -0.017087 -0.088358 -0.220121 -0.093778 -0.009997 0.005906 0.009188 0.012943 0.004345 0.006675 0.015318 0.022309 0.001372 0.003021 0.000852 0.000129 0.000606 0.007904 0.016047 0.010946
-9999.000000 -9999.000000 0.001830 0.000600 -0.000246 -0.000160 -0.000246 -0.000303 -0.001380 -0.003355 -0.017258 -0.018650 -0.026453 -0.275876 -0.034084 -0.032079 -0.036085 -0.045776 -0.047611 -0.131497 -0.100071 -0.173150 -0.153985 -0.034259 -0.002838 0.000000 0.000000 -0.023045 -0.762415 -0.881443 -0.104888 0.678814 0.000222 0.000103 -0.075680 -0.269497 -0.398898 -0.008306 -0.020561 0.024793 -1.394319 -0.089599 -0.000419 0.000000 0.000000 0.000000 0.000000 0.000000 0.000000 0.000067 -0.000077 -0.002912 -0.001718 -0.000065 -0.000064 0.000000 0.000000 0.000000
0.000948 0.002218 0.005480 -0.003571 -0.022668 -0.010128 -0.000197 -0.008262 -0.011092 -0.016281 -0.043123 -0.032970 -0.020990 -0.123230 -0.155903 -0.035486 -0.021836 -0.045218 -0.063351 -0.145364 -0.096302 -0.371818 -0.312063 -0.034119 -0.010277 -0.004212 -0.007696 -0.048620 -0.105917 -0.533941 -0.177017 0.201216 -0.000222 -0.000103 -0.051654 -0.403114 -0.472854 -0.017132 -0.005335 0.011100 -0.306371 -0.220633 -0.004725 -0.007161 -0.005094 -0.003990 -0.018961 -0.028111 -0.005350 -0.000464 -0.009834 -0.033694 -0.046037 -0.009047 -0.021587 -0.008066 -0.008066 -0.012368
0.000000 -0.000385 -0.001878 -0.054248 -0.121066 -0.025751 -0.009001 -0.015780 -0.016051 -0.025811 -0.063971 -0.075239 -0.003991 -0.100713 -0.311202 -0.026405 -0.023010 -0.039814 -0.156134 -0.173429 -0.297541 -0.448012 -0.229535 -0.059214 -0.013937 -0.007710 -0.067647 -0.044785 -0.087552 -0.112925 -0.068684 -0.053371 -0.003946 -0.007246 -0.083137 -0.945450 -1.048559 -0.040616 -0.002260 0.000408 0.019989 -0.383439 -0.376957 -0.017395 -0.026476 -0.008280 -0.031216 -0.082804 -0.008845 -0.011104 -0.019155 -0.291764 -0.339977 -0.424452 -0.399331 -0.014956 -0.017109 -1.679363
-0.002259 -0.002689 -0.001834 -0.060456 -0.068249 -0.099568 -0.014994 -0.030847 -0.012645 -0.034553 -0.047621 -0.143365 -0.008345 -0.085345 -0.309177 -0.122598 -0.119034 -0.169101 -0.222152 -0.079603 -0.359319 -0.314168 -0.093292 -0.007271 -0.023501 -0.006645 -0.138049 -0.095744 -0.041598 -0.060271 -0.037754 -0.117576 -0.057560 -0.030855 -0.044854 -0.600531 -0.775653 -0.356458 -0.001206 -0.000538 -0.000019 -0.000000 -0.224596 -0.510887 -0.837294 -0.009305 -0.034582 -0.589606 -0.016668 -0.016595 -0.025539 0.405130 0.198547 0.159665 -0.115885 -0.881001 -0.387034 -1.357126
-0.001427 -0.042434 -0.001042 -0.055326 -0.055573 -0.044201 -0.386059 -0.029961 -0.015935 -0.027923 -0.121465 -0.156730 -0.102130 -0.084194 -0.363916 -0.260685 -0.260258 -0.072272 -0.123107 -0.048498 -0.345183 -0.334899 0.104685 0.000490 -0.005052 -0.047245 -0.061406 -0.049729 -0.122805 -0.104681 -0.057373 -0.198676 -0.122101 -0.057663 0.093895 -0.467206 -0.515464 -0.358127 -0.005855 -0.011844 -0.014629 -0.026671 -0.086629 -0.342017 -0.000325 -0.011233 -1.592436 0.137758 0.492200 -0.513096 -0.376667 1.054438 0.616570 0.333017 0.014117 -0.931306 -0.305762 -1.011495
0.000340 -0.034937 -0.037733 -0.046001 -0.041871 -0.022633 -0.149511 -0.087427 -0.312041 -0.168130 -0.051246 -0.080161 -0.039587 -0.236462 -0.242534 -0.189107 -0.196802 -0.223474 -0.227279 -0.098759 -0.087494 -0.100324 -0.000076 -0.001352 0.000222 -0.009833 -0.043804 -0.108511 -0.217133 -0.146483 -0.069789 -0.468207 -0.208054 -0.017688 0.004053 -0.297541 -0.473344 -0.523520 -0.004074 -0.018314 -0.031267 -0.493751 -0.474253 -0.278542 -0.094050 -0.779272 -1.007293 0.386179 0.762805 0.025978 0.304995 1.620027 0.706774 0.349808 0.150189 -0.790305 -0.436902 -1.035448
0.000222 0.000103 -0.028981 -0.043960 -0.035455 -0.013266 -0.070521 -0.016533 -0.182804 -0.147468 0.000222 -0.037406 -0.103118 -0.178264 -0.195716 -0.159114 -0.119405 -0.508907 -0.431856 -0.072573 -0.113996 -0.045563 -0.028336 -0.000641 -0.000222 -0.002365 -0.056342 -0.318172 -0.368208 -0.319665 -0.324805 -0.470552 -0.063427 -0.002519 0.009217 -0.143620 0.087580 -0.467991 -0.182673 -0.105819 -0.628432 -0.888814 -0.296666 -0.952101 -0.469687 -0.189944 -0.495912 0.510693 1.049220 0.239139 0.669776 1.106917 0.000333 0.000000 0.000063 -0.079253 -0.024323 -0.797074
-0.000222 -0.000103 -0.018301 -0.042336 -0.295533 -0.013139 -0.000846 -0.000060 -0.180306 -0.163797 -0.000222 -0.008885 -0.070939 -0.129824 -0.127884 -0.087083 -0.347305 -0.430159 -0.375734 -0.033183 -0.172249 -0.037094 -0.038136 -0.009146 -0.012161 -0.011091 -0.277721 -0.374820 -0.529062 -0.728386 -0.339338 -0.166419 0.037852 0.009280 0.017584 0.040430 0.021998 -0.401755 -0.175289 -0.049215 -0.010591 -0.938451 -0.363713 -0.664655 -0.262091 -0.234139 -0.481714 0.521557 1.042979 0.257288 0.541727 0.355052 -0.000860 -0.012913 -0.088169 0.333526 0.289758 -0.423243
-0.012187 -0.028881 -0.016902 -0.028974 -0.027377 -0.014068 -0.003241 -0.046832 -0.083599 -0.228400 -0.102822 -0.033161 -0.182445 -0.204982 -0.145338 -0.151008 -1.086852 -0.713219 -0.672210 -0.045438 -0.175072 -0.016941 -0.050533 -0.032634 -0.012298 -0.183349 -0.290491 -0.341114 -0.500915 -0.733883 0.093185 0.338182 0.179394 0.020642 0.021103 0.004235 0.002410 0.002633 -0.257557 -0.051808 -0.004185 -0.874846 -0.531919 -0.226465 -0.057431 -0.157594 -0.278469 0.346413 0.888240 0.239752 0.438943 0.197952 0.045305 -0.369519 -0.231846 0.404372 0.536351 -0.223744
-0.029501 -0.146844 -0.090565 -0.073108 -0.013309 -0.008649 -0.004394 -0.076976 -0.080630 -0.228458 -0.871519 -0.238191 -0.762842 -0.816030 -0.685805 -0.005418 -1.083270 -0.708342 -0.655755 -0.028420 -0.090793 -0.079429 -0.185548 -0.201864 -0.065960 -0.434548 -0.263788 -0.257521 -0.403771 -0.747940 0.003811 0.041770 0.077837 0.034517 0.010258 0.009536 0.004460 0.007416 0.001547 -0.015100 -0.002040 -1.043107 -0.563252 0.040652 0.045505 -0.238801 -0.423392 0.347611 0.667279 0.279646 0.449075 0.049946 0.048601 -0.339744 -0.375259 0.342500 0.597873 -0.088664
-0.086156 -0.080606 -0.085661 -0.000332 -0.006003 -0.003678 -0.002303 -0.012416 -0.131830 -0.124557 -0.017336 -0.097627 -0.631588 -0.722022 -0.530139 0.006750 -0.693015 -0.511350 -0.398413 0.034474 -0.061216 -0.072498 -0.106932 -0.001916 -0.036257 -0.595234 -0.226377 -0.111241 -0.101390 -0.620450 0.001093 0.012602 0.023964 0.020325 0.023331 0.011832 0.006722 0.035916 0.005168 0.000961 0.009768 -0.976986 -0.707766 0.572383 0.293776 -0.134913 -0.581651 0.285618 0.738819 0.217954 0.331839 0.059427 0.037799 -0.088688 -0.472120 0.301784 0.689944 -0.024075
-0.030606 -0.348673 -0.039723 -0.012352 -0.002154 -0.002126 -0.001167 -0.019722 -0.066904 -0.078492 -0.019410 -0.002122 -0.457669 -0.770106 -0.436747 -0.091388 -0.587621 -0.528383 -0.344842 0.056822 -0.138407 -0.053756 -0.078853 -0.012277 -0.059672 -1.038980 -0.202837 -0.012500 -0.032098 -0.186980 0.000172 0.000933 0.001099 0.032611 0.053938 0.012274 0.008118 0.015926 0.035419 0.033954 0.086392 -0.690340 -0.567500 0.924060 0.289537 0.008488 -0.621348 0.195230 0.669916 0.057217 -0.077333 -0.122434 -0.001172 0.090887 -0.604155 0.230590 0.703686 0.026260
-0.055110 -0.320752 -0.265841 -0.008794 -0.005022 -0.002505 -0.000999 -0.007860 -0.179653 -0.339748 -0.063462 -0.003184 -0.144816 -0.758453 -0.677198 -0.232720 -0.529285 -0.576787 -0.353898 0.036718 -0.081605 -0.030798 -0.058552 -0.009595 -0.027252 -1.400809 -0.045597 0.000839 0.153615 0.109907 0.000949 0.000808 0.001577 0.033552 0.006518 0.002085 0.001122 0.000456 0.020799 0.068237 0.064971 0.093618 0.497355 1.561542 0.440379 0.425869 -0.173878 0.371472 0.653649 -0.087385 -0.263437 -0.052391 0.128949 0.083833 -0.402830 0.629375 0.693744 0.150402
-0.033193 -0.343109 -0.304939 -0.003809 -0.003516 -0.001506 -0.001509 -0.001361 0.006417 -0.304965 -0.067558 -0.162837 -0.129810 -0.550004 -0.730457 -0.349978 -0.535221 -0.627327 -0.180076 0.000034 -0.003129 -0.028691 -0.072747 -0.197637 -0.377862 -1.058490 -0.016881 0.000617 0.002366 0.000907 0.000134 -0.000297 0.000134 0.001065 0.000000 0.000046 -0.000560 -0.000348 0.010046 0.065724 0.050288 0.056381 0.061998 0.090086 0.076567 0.032439 0.002906 0.383684 0.416936 0.014451 -0.032911 0.488195 0.347847 0.010527 0.352964 1.894159 1.433991 0.017162
0.000254 -0.439970 -0.461864 -0.188694 -0.004199 -0.001606 -0.001335 0.134493 0.329979 -0.395516 -0.253890 -0.235261 -0.381449 -0.534039 -0.536607 -0.373700 -0.229016 -0.601055 -0.143423 -0.141716 -0.004649 -0.017993 -0.394765 -0.935809 -0.622054 -0.550761 -0.005748 -0.000703 -0.000925 -0.000267 -0.000234 -0.000973 -0.001781 -0.001438 -0.010397 -0.001835 -0.005309 -0.006676 0.023246 0.023170 0.023893 0.014005 0.047961 0.044992 0.030304 0.005004 0.002383 0.469001 0.392110 0.001622 0.004011 0.032876 0.030124 0.041765 0.045222 0.026031 0.060322 0.000000
-0.039674 -0.321743 -0.401948 -0.296581 -0.004900 -0.001791 -0.015931 0.408679 0.440296 -0.268616 -0.174439 -0.223291 -0.334567 -0.717777 -0.777695 -0.318102 -0.380752 -0.823114 -0.391164 -0.142440 -0.289437 -0.455411 -0.489252 -0.906838 -0.351618 -0.312190 -0.004658 -0.026421 -0.002524 -0.003081 -0.017821 -0.005240 -0.048479 -0.016477 -0.030576 -0.001032 -0.002164 -0.012728 0.017392 0.025328 0.040120 0.044539 0.030683 0.033104 0.001392 0.001620 0.001293 0.584646 0.447055 0.000855 0.003424 0.002059 0.025219 0.021000 0.011532 0.022554 0.052928 -0.012647
0.035961 -0.107973 -0.184019 -0.329639 -0.177859 -0.091783 -0.585779 0.340835 0.413732 -0.154996 -0.073632 -0.113630 -0.226523 -0.608386 -0.737950 -0.538698 -0.350206 -0.783364 -0.468582 -0.152441 -0.104184 -0.376764 -0.521532 -0.447748 0.000000 0.000000 -0.028480 -0.049972 -0.024839 -0.030100 -0.054942 -0.023188 -0.077716 -0.026932 -0.004695 -0.000645 0.000158 -0.024030 0.012571 0.019373 0.083793 0.013317 0.007955 0.008528 0.001930 0.001011 0.001073 0.321379 0.277545 -0.000058 0.003302 0.004543 0.002589 0.003289 0.002391 0.018193 0.033786 0.018195
0.002329 -0.096133 -0.000488 -0.265591 -0.189841 -0.306824 -0.349762 0.344978 0.344805 -0.076072 -0.078723 -0.078155 -0.174903 -0.546437 -0.756869 -0.481803 -0.342263 -0.645208 -0.475758 -0.110038 -0.104536 -0.290257 -0.413584 -0.298662 -0.057320 -0.007923 -0.510950 -0.458258 0.030481 -0.024238 -0.083176 -0.071121 -0.077931 -0.031666 -0.008891 -0.008100 -0.000359 -0.031965 0.000729 0.001802 0.015071 0.006355 0.000588 0.000125 0.000316 0.000044 0.000992 0.235210 0.233016 0.447186 0.025746 0.049862 0.023485 0.023966 0.008300 0.006611 0.034454 0.039912
