use_cases/Flooding_chicago/flooding_data/output/hUy_360.asc
ncols 337
nrows 393
xllcorner 428428.000000
yllcorner 4602440.000000
cellsize 26.757400
NODATA_value -9999.000000
[rows 182 to 207 of 393, columns 232 to 289 of 337]
0.013484 0.035883 0.135771 0.028856 0.086475 0.124929 -0.045308 -0.011769 -0.010864 -0.005178 -0.001579 -0.000275 -0.000247 -0.000331 -0.000007 -0.000000 -0.122702 -0.173225 -0.023583 -0.006099 0.041979 0.053395 0.074446 0.001213 -0.000274 -0.000340 -0.000286 0.020000 0.005492 0.007974 0.123099 0.043871 0.007694 0.001215 0.002656 0.014879 0.017288 0.004824 0.000867 0.000723 0.000612 -0.017363 0.039967 -0.020302 -0.016243 -0.000703 0.009180 0.491200 0.055512 0.036491 0.007329 0.000980 0.063982 0.004904 -0.008740 0.001189 -9999.000000 -9999.000000
0.006751 0.028436 0.044472 0.056936 0.027738 0.038531 0.227754 -0.027958 -0.027307 -0.034926 -0.028942 -0.007908 -0.000554 -0.006855 -0.005940 -0.003161 -0.396552 -0.146397 -0.017806 0.014351 0.087618 0.005760 0.022988 0.006585 -0.001111 -0.005992 0.018683 0.042992 0.015015 0.012581 0.106286 0.064560 0.010982 0.000488 0.000319 0.000019 0.000538 0.000971 0.000742 0.000099 0.000392 0.010959 0.078333 -0.148837 -0.007151 0.004209 0.032997 0.040960 0.068145 0.077643 0.047359 0.008194 0.153698 0.046379 0.055455 0.004146 -9999.000000 -9999.000000
0.001205 0.024959 0.017803 0.047335 0.016809 0.027467 0.140849 -0.138686 -0.133292 -0.038254 -0.048788 -0.037441 -0.009010 -0.014044 -0.018753 -0.338365 -0.318290 0.000176 0.001129 0.014163 0.021460 0.008617 0.001142 0.000519 -0.009686 -0.009952 0.044232 0.046102 0.021937 0.025987 0.165859 0.148026 0.003041 -0.001397 -0.002963 -0.019995 -0.000477 -0.000094 0.000264 -0.000086 0.000197 0.055193 0.137011 -0.090418 -0.001249 0.007627 0.006107 0.012417 0.056342 0.057236 0.013409 0.013409 0.047469 0.200433 0.267907 0.019494 0.005101 -9999.000000
0.000891 0.005482 0.008680 0.019567 0.004384 0.016094 0.010732 -0.036874 -0.033560 -0.128184 -0.095287 -0.460267 -0.014034 -0.015614 -0.458674 0.001964 -0.020493 -0.000149 -0.000087 0.000454 0.001191 0.000972 0.000183 -0.000237 -0.129754 0.027796 0.130143 0.388796 0.028293 0.047726 0.060673 0.037882 0.007028 -0.032599 -0.028786 -0.045523 -0.024349 -0.000995 -0.000479 -0.000132 0.000651 0.070340 0.156814 -0.073025 0.000250 0.001252 0.000172 0.005927 0.027044 0.027713 0.007143 0.007143 0.056322 0.024200 0.030105 0.020084 0.005301 -9999.000000
0.000004 0.000222 0.000103 0.000473 0.003045 0.001665 0.000359 0.000366 0.001023 -0.059605 -0.032728 -0.165800 -0.131845 -0.153541 -0.020599 0.053536 0.334889 -0.070331 -0.001064 -0.000369 -0.000909 -0.000958 -0.001069 -0.010057 0.064049 0.280925 0.007725 0.155518 0.084190 0.105816 0.008912 0.004602 0.020234 -0.064103 -0.122211 -0.095268 -0.085990 -0.011461 -0.017493 -0.001142 0.001080 0.002126 0.177102 0.001093 0.000218 0.002559 -0.005709 0.000000 0.000000 0.000000 0.000000 0.000000 0.031451 0.000610 0.008881 0.001251 0.001213 0.000733
-0.005218 -0.000222 -0.000103 0.000877 0.004665 -0.000074 -0.000224 -0.000305 -0.000594 0.000120 0.000440 0.022052 0.003117 -0.097406 0.131685 0.399033 0.459231 -0.041222 0.000147 -0.009016 -0.001031 -0.008885 -0.038309 -0.046668 0.017672 0.010132 0.005568 0.027380 0.018418 0.053825 0.022342 0.006773 0.012636 0.045606 -0.395230 -0.094608 0.022937 -0.428109 -0.365367 -0.000105 0.001738 0.004281 0.172293 -0.001679 -0.008892 0.001082 0.001678 0.017466 -0.009358 -0.016642 -0.006889 -0.010661 -0.000004 -0.000083 0.000000 -0.000872 -0.000032 0.000799
0.011287 -0.008859 -0.002532 0.001491 0.030166 0.028697 0.003438 -0.029756 -0.058173 -0.000984 -0.000586 -0.000021 0.001727 0.001511 0.013107 0.007382 0.044014 0.023598 0.004968 -0.026895 -0.018755 -0.255656 -0.103616 -0.079770 0.000403 0.000007 0.000326 0.007210 0.006307 0.008459 0.017142 0.000000 0.000000 0.008253 0.015637 0.196076 0.272038 -0.192782 0.047591 0.003072 0.003343 0.005646 0.255546 0.025493 0.000350 -0.000754 0.004162 0.071711 -0.063349 -0.060725 -0.051181 -0.055747 -0.005512 -0.010288 -0.003663 -0.028272 -0.001220 0.000975
0.041253 0.000913 0.000996 0.003183 0.015637 0.024098 0.032256 -0.164278 -0.062316 0.574360 0.038611 -0.001107 -0.002822 -0.001708 0.000000 0.000000 0.014778 0.002890 0.001385 -0.006836 -0.160001 0.084677 0.098595 0.003987 0.000701 -0.000316 -0.000208 -0.000003 0.000149 0.000160 0.000004 -0.010827 -0.009243 -0.000348 -0.000005 0.027100 0.043431 0.000677 0.001183 0.004522 0.004589 0.003349 0.045896 0.012862 0.025487 0.000156 0.000554 0.006854 -0.011186 -0.023937 -0.023483 -0.632578 -0.026587 -0.044354 -0.061750 -0.065023 -0.000287 0.001368
0.013364 0.011284 0.003151 0.004087 0.001546 0.013956 0.016408 -0.020030 -0.104473 0.774053 0.002434 -0.001947 -0.002349 -0.071063 -0.006996 -0.011257 0.000000 0.011700 0.002575 0.011480 -0.012494 0.292447 0.286075 0.019312 0.002462 -0.000485 -0.007017 -0.009387 -0.000697 -0.000045 -0.000635 -0.039253 -0.034904 -0.004111 -0.049124 -0.000001 -0.000024 -0.000520 -0.001140 0.000681 0.000681 0.004197 0.001509 0.012055 0.131164 -0.000095 0.000247 0.000331 0.000131 -0.101988 -0.013517 -0.023614 -0.030068 -0.073403 -0.020615 -0.011213 0.000595 0.001635
0.000287 0.000105 0.000222 0.000103 0.000108 0.000377 0.000198 0.001375 0.107212 0.770363 0.006036 -0.001478 -0.041010 -0.483048 0.227679 0.003358 0.040204 0.008796 0.036501 0.100911 0.298030 0.053136 0.067170 0.098855 0.015867 -0.001382 -0.031974 -0.034958 -0.000714 -0.000329 -0.000535 -0.008422 -0.010265 0.001031 -0.041323 -0.002900 0.018375 -0.095630 -0.066162 0.000000 -0.000000 0.000850 0.000144 0.023850 0.126938 -0.009947 -0.000569 -0.000393 -0.000136 -0.094834 0.039522 -0.015023 -0.010490 -0.023228 -0.005344 0.000124 -0.000038 -0.000631
0.000147 -0.000135 -0.000222 -0.000103 -0.000559 -0.000648 -0.000232 0.007837 0.151117 0.180259 0.010920 0.103099 0.282942 0.085269 0.342713 0.015209 0.024547 0.007227 0.037789 0.028815 0.022394 0.024621 0.004078 0.093437 0.066851 0.000092 -0.009467 -0.009993 -0.019378 -0.009248 -0.029105 -0.009847 -0.007036 0.004214 0.004774 0.011250 0.026946 -0.026995 -0.031445 -0.000681 -0.000681 -0.002539 -0.001338 0.043777 0.135296 -0.064076 -0.008305 -0.008154 -0.001941 -0.057686 0.097191 -0.006775 -0.011723 -0.010420 -0.001732 -0.001359 -0.017663 -0.002025
-0.002313 -0.015901 -0.003946 -0.008729 -0.006434 -0.000483 0.001508 0.043707 0.265936 0.037295 0.041750 0.050433 0.112368 0.142173 0.057432 0.024017 0.013702 0.004488 0.007735 0.003867 0.000326 0.007218 0.003828 0.032105 0.021816 -0.002464 0.000000 -0.004691 -0.035466 -0.031519 -0.225926 -0.121716 -0.003223 0.001081 0.006757 0.005238 0.113649 0.000785 0.026617 -0.010997 -0.003230 -0.001425 0.042671 0.063370 0.246351 0.044554 -0.016499 -0.024778 0.001370 0.010757 0.019527 0.000218 -0.119455 0.086727 -0.004297 -0.007604 -0.050541 -0.018000
-0.029780 -0.040114 -0.028213 -0.031489 -0.034476 0.005972 0.031459 0.055116 0.115241 0.088528 0.112096 0.020022 0.046866 0.038306 0.049261 0.026966 0.000360 0.000360 0.000130 -0.001036 -0.000208 -0.000003 0.000835 0.000415 0.000017 -0.003997 -0.009271 -0.002109 -0.028463 -0.172807 -0.002215 -0.210820 0.177476 0.001843 0.001671 0.007589 0.014244 0.111354 0.073956 -0.071302 0.000841 0.004779 0.121741 0.114537 0.122168 0.102092 -0.099235 -0.069072 0.016503 0.016312 0.010662 0.002051 -0.115370 0.097166 -0.000261 -0.004053 -0.261167 -0.326865
-0.037627 -0.427560 -0.275885 -0.035959 0.026182 0.032396 0.023417 0.030994 0.021173 0.178858 0.067409 0.016368 0.040526 0.010809 0.018405 0.020035 -0.000360 -0.000360 -0.000130 -0.003283 -0.022966 -0.014191 -0.001417 -0.000655 -0.007500 -0.019396 -0.025531 -0.000870 0.019225 0.689172 0.204317 0.069042 0.009210 0.001158 0.000933 0.000748 0.000381 0.000012 0.106438 0.028786 0.006368 0.008431 0.031116 0.006207 0.001248 0.483475 0.037939 0.121467 0.005732 0.009911 0.003984 0.000213 0.002027 0.009046 0.000994 -0.000052 0.001984 -0.129065
-0.196135 -0.413970 0.182461 0.041169 0.015219 0.005626 0.011540 0.010428 0.012505 0.048839 0.050589 0.056788 0.010499 0.000000 0.000000 0.000162 -0.001185 -0.013759 -0.001977 -0.007045 -0.058572 -0.051768 -0.021070 -0.030799 -0.103089 0.064276 0.628837 0.031071 0.026574 0.045803 0.043196 0.001721 0.000666 -0.001676 -0.001755 -0.000979 -0.000425 0.078287 0.110589 0.010528 0.008431 0.002486 0.004151 0.000554 0.000609 0.166953 0.165030 0.021782 0.000593 0.000208 0.000003 -0.000106 0.001735 0.012237 -0.001927 0.000110 0.003172 0.003937
-0.110161 0.177070 0.013106 0.008725 0.008946 0.000391 0.000175 0.000068 0.000088 0.000416 0.001023 0.039551 0.001608 -0.003117 -0.003097 -0.000443 -0.001014 -0.027456 -0.004184 -0.004398 0.031115 0.070252 -0.025817 0.121403 0.228365 -0.041885 0.048877 0.007824 0.011891 0.001210 0.000434 0.000498 -0.000169 -0.035793 -0.009337 -0.022872 -0.011928 0.078811 0.123080 0.027893 0.000566 0.001801 0.002196 0.000247 0.000331 0.007501 0.081167 0.007457 0.002202 -0.000326 -0.005979 -0.014670 0.000222 0.023972 -0.047853 0.025930 0.089096 0.002917
-0.033478 0.002912 0.000251 0.000323 0.000418 -0.000121 -0.000142 -0.000065 -0.000086 -0.000368 -0.000575 0.001724 0.001188 -0.003072 -0.002365 -0.010191 -0.018864 -0.008125 -0.017926 0.413830 0.200148 0.134046 0.251784 0.824933 0.288266 -0.127435 0.015541 0.000670 0.000016 -0.000696 -0.000372 -0.000541 -0.007969 -0.404914 -0.003942 -0.391695 -0.372731 0.134126 0.233516 0.092168 -0.000645 -0.002387 -0.004107 -0.000569 -0.000393 0.010412 0.007408 0.000904 0.005793 -0.001192 -0.022214 -0.026373 -0.000222 0.071464 0.019190 0.661403 0.544368 0.001991
0.074772 -0.000000 -0.000014 -0.000405 -0.000586 -0.008838 -0.005345 -0.006578 -0.007334 0.017238 -0.053988 0.000849 -0.000414 -0.010486 -0.018674 -0.028125 -0.073399 0.000502 0.116054 0.410075 0.034209 0.027757 0.027729 0.013095 0.055186 0.079222 0.067659 0.001142 0.001488 0.007416 0.008475 0.007931 -0.014240 0.118032 0.149993 0.125353 -0.230031 0.188347 0.141035 0.188109 0.143656 -0.002399 -0.003294 -0.023999 -0.008564 0.000144 0.000347 0.000743 0.000347 -0.000710 -0.091779 0.010321 0.055987 0.130207 0.077282 0.576270 0.588522 0.003393
0.212565 0.055346 -0.000596 -0.007010 -0.008057 -0.014782 -0.022068 -0.219990 -0.059984 0.432299 -0.003477 0.001045 0.000000 -0.003151 -0.054932 -0.006158 0.022141 0.052277 0.203224 0.017649 0.101640 0.049456 0.000360 0.000360 0.011650 0.121754 0.007749 0.002154 0.018233 0.055969 0.051304 0.057565 0.048305 0.423094 0.408124 0.423281 0.039727 0.018302 0.011319 0.188430 0.137732 0.125993 0.131996 0.004427 0.160387 -0.000191 -0.000439 -0.001073 -0.000439 -0.000467 0.056951 0.101049 0.141049 0.214561 0.008183 0.010599 0.204760 0.015809
0.063431 0.068922 0.108003 -0.085498 -0.014849 -0.003334 -0.000816 0.474545 -0.025799 0.359804 0.160417 0.013535 -0.000360 0.000065 -0.006844 0.001320 0.037180 0.077089 0.000480 0.055501 0.040880 0.024550 -0.000360 -0.000360 0.032604 0.060533 0.000506 0.001187 0.008425 0.016736 0.011994 0.009794 0.171045 0.255350 0.243899 0.110561 0.013503 0.015781 0.004338 0.219209 0.208827 0.019525 0.028328 0.008682 0.223214 -0.021154 -0.008059 -0.011991 -0.008059 0.010741 0.116423 0.151864 0.012627 0.048410 0.017644 0.003975 0.091029 0.020506
0.018576 0.018230 0.025380 0.051826 -0.074920 -0.004171 0.216344 0.417012 0.023985 0.046330 0.013072 0.007052 -0.000234 -0.000012 0.000959 0.000451 0.002788 0.000832 -0.000041 0.079882 0.000000 0.033619 0.014505 0.011195 0.005935 0.069899 -0.000222 0.000867 0.000771 0.000864 0.000043 0.000001 0.184969 0.197401 0.119385 0.013027 0.003966 0.008358 0.010377 0.111130 0.123315 0.012150 0.016646 0.034177 0.243989 0.039796 -0.015110 -0.045726 -0.067580 0.035854 0.036871 0.031622 0.001889 0.016032 0.009139 0.011073 0.019588 0.004617
0.001130 0.007625 0.012741 0.005766 -0.016855 0.012548 0.188557 0.063992 0.014174 0.024971 0.006420 0.000764 -0.007676 -0.021836 -0.002027 -0.000458 0.000013 -0.000588 0.077020 0.123454 0.011409 0.018838 0.017964 0.021207 0.006125 0.033279 -0.032922 -0.000540 0.000314 -0.000265 -0.004657 0.046696 0.298555 0.299189 0.014761 0.002910 0.007570 0.000710 0.049104 0.061101 0.076999 0.005319 0.008903 0.012116 0.008958 0.279819 0.025349 0.016170 0.004333 0.038129 0.041346 0.043474 0.001426 0.000000 0.009695 0.012178 0.000904 0.006552
-0.000994 0.000000 0.000065 0.000065 -0.000983 0.024848 0.071976 0.001085 0.000990 0.000992 0.000000 0.000025 -0.001151 -0.105666 -0.037957 -0.043685 -0.005191 0.050752 0.052284 0.003663 -0.000522 -0.001692 0.016991 0.023525 0.000222 -0.000778 -0.038130 -0.000828 -0.000591 0.000831 -0.078301 0.113994 0.220978 0.095393 0.035388 0.003388 0.006921 0.001479 0.032535 0.022406 0.049873 0.010033 0.000766 0.000381 0.000430 0.063193 0.042057 0.030487 0.026647 0.031812 0.031678 0.106540 0.004374 -0.002493 -0.000255 0.000347 0.000743 0.000347
-0.009920 -0.005378 -0.000556 -0.000124 0.004280 0.010947 0.000234 -0.000186 -0.001032 -0.001271 -0.011136 -0.000950 0.000414 0.000201 -0.009936 -0.184956 0.016304 0.042729 -0.063317 0.000000 0.000318 -0.004199 0.002941 -0.000620 -0.000222 -0.018066 -0.041578 -0.000894 -0.000847 0.002870 0.018985 0.130630 0.363467 0.001099 0.003759 0.001657 0.000323 0.001106 0.009014 0.001516 0.020700 0.001938 0.000440 0.000021 0.000245 0.000411 0.027829 0.028419 0.036512 0.026576 0.030040 0.015257 0.004778 -0.005821 -0.008685 -0.000439 -0.001073 -0.000439
-0.012960 -0.014696 -0.004645 -0.000679 0.003387 -0.027057 -0.000524 -0.001162 -0.021203 -0.017783 -0.028105 -0.010274 -0.000674 -0.000004 -0.002788 0.002365 0.060405 0.000624 -0.110078 -0.007664 0.000005 0.001072 -0.002566 -0.009803 -0.005536 -0.026257 -0.034989 -0.014724 -0.008144 0.002880 0.011078 0.002645 0.431930 -0.000431 -0.000093 0.001021 -0.000011 0.000083 0.000222 0.000374 0.000020 -0.000917 -0.000658 -0.000375 -0.000822 -0.000789 0.000853 0.023253 0.044851 0.021989 0.000695 0.000794 0.000391 -0.008938 -0.009117 -0.022373 -0.022765 -0.005961
-0.001289 -0.003810 -0.021141 -0.002233 -0.000127 -0.036512 -0.012081 -0.004383 -0.076410 -0.053769 -0.054767 -0.031285 -0.002308 -0.000468 -0.002833 0.000139 0.001078 0.000033 -0.239830 -0.033747 -0.001072 -0.000168 0.000700 0.000598 -0.002488 -0.009294 -0.030704 -0.020795 -0.013359 -0.003935 0.008792 0.000248 0.369094 0.186665 -0.002749 0.001930 -0.000151 -0.000284 -0.000222 -0.000423 -0.005897 -0.008134 -0.007647 -0.064196 -0.097488 -0.097937 -0.003774 0.001206 0.033401 0.001741 0.000035 -0.000721 -0.000367 -0.002819 0.075970 -0.362685 -0.366316 -0.003671
