use_cases/Flooding_chicago/flooding_data/output/hUy_360.asc
ncols 337
nrows 393
xllcorner 428428.000000
yllcorner 4602440.000000
cellsize 26.757400
NODATA_value -9999.000000
[rows 156 to 181 of 393, columns 58 to 115 of 337]
0.097633 0.072298 0.687005 0.308606 -0.000239 -0.006621 -0.129671 -0.027454 -0.022357 -0.064183 -0.060949 -0.057106 -0.023964 -0.102046 -0.022253 -0.004041 -0.026240 -0.007131 -0.002343 -0.006097 -0.007499 -0.145746 -0.004252 -0.004263 0.001905 0.010810 0.002124 0.000430 0.000793 0.000722 0.096919 0.113083 -0.007073 0.000631 -0.000475 -0.001799 0.000584 0.001276 0.009726 -0.056998 -0.024403 -0.000666 -0.000222 -0.000233 -0.000691 -0.001749 -0.006345 -0.011876 0.001147 0.005140 0.006425 -0.013112 -0.001690 0.031018 0.009531 0.000224 0.085114 0.002159
0.052581 0.022520 0.234957 0.007763 -0.000357 0.091715 -0.450652 -0.022390 -0.015886 -0.043491 -0.068284 -0.071595 0.000388 0.000779 0.000600 -0.012431 -0.067447 -0.003300 -0.001723 -0.008193 -0.004121 -0.200190 -0.032999 -0.003200 -0.000026 0.006758 0.009082 0.000600 0.000475 0.000205 0.157832 0.154329 0.061394 0.000550 -0.002051 0.000183 0.000350 0.000606 0.000352 -0.075394 -0.029446 -0.000474 -0.003946 -0.005357 -0.001506 -0.001637 -0.008743 -0.016792 -0.001830 0.007707 0.001619 -0.015920 -0.039136 0.031184 0.000326 0.000120 0.000605 0.000646
0.006221 0.005036 0.102476 0.002239 -0.000134 0.105306 -0.140424 -0.007137 0.000360 0.000360 -0.064750 -0.066038 -0.000369 -0.000725 -0.000292 -0.004312 -0.337730 -0.012411 -0.008816 -0.004370 -0.317924 -0.131034 0.065805 -0.001485 -0.002675 0.010429 0.051655 0.001123 -0.000357 -0.000159 0.016730 0.018902 0.166947 0.004893 -0.001441 -0.000054 -0.001144 -0.001352 -0.000478 -0.056020 -0.031112 -0.001390 -0.013994 -0.003548 -0.027023 -0.003136 -0.014624 -0.020957 0.000000 0.000196 -0.000925 -0.000074 -0.044477 -0.000003 -0.000208 -0.000106 -0.000369 -0.001544
0.005523 0.011318 0.006878 0.002362 -0.000842 0.128103 0.045632 -0.002900 -0.000360 -0.000360 -0.042293 -0.039647 -0.028921 -0.027097 -0.000619 -0.001188 0.095065 -0.511668 -0.371771 -0.086834 -0.241621 0.021225 0.024112 0.003179 -0.001116 0.000995 0.006745 0.001769 -0.000617 0.031573 0.001405 0.013390 0.043161 0.048215 -0.002447 -0.018537 -0.001046 -0.001239 -0.075634 -0.172272 -0.064421 -0.000551 -0.002784 -0.013808 -0.030068 -0.098103 -0.150947 -0.011888 -0.003007 -0.000395 -0.000844 -0.005842 -0.065941 -0.035515 -0.022255 -0.014652 -0.002003 -0.013419
0.003110 -0.000444 -0.002581 -0.001394 0.001144 0.188137 0.147409 -0.002970 -0.007500 -0.023929 -0.041132 -0.022470 0.030918 -0.033781 -0.007071 -0.000849 0.188750 -0.397687 -0.068648 0.046777 0.004489 0.032832 0.013259 0.017618 0.000316 0.000942 0.000477 0.000533 0.002601 0.190666 0.001011 0.006923 0.006073 0.014239 -0.001106 -0.061218 -0.007666 -0.001672 -0.110358 -0.147889 0.000105 0.000133 -0.001076 -0.022481 -0.102518 -0.454910 -0.509014 -0.004427 -0.002121 -0.000410 -0.000275 -0.029931 -0.095664 -0.163248 -0.455064 -0.005533 0.162562 0.019519
0.000404 -0.002456 -0.019428 -0.018620 -0.006120 0.302508 0.177638 -0.000798 -0.031274 -0.122057 0.009362 -0.011929 0.147860 0.018573 -0.032657 0.002720 0.035843 0.272630 0.109897 0.451725 0.012866 0.001567 0.014481 0.441282 0.003250 0.000103 0.000000 0.000000 0.001967 0.396819 0.001080 0.000000 0.000000 0.000000 -0.006673 -0.206305 -0.050007 -0.024132 -0.098901 -0.081682 -0.000128 -0.000372 -0.007097 -0.003949 -0.000334 -0.112891 0.000140 -0.002570 -0.001796 0.000184 0.000152 0.000331 0.007416 -0.012865 -0.518975 0.028057 0.142335 0.001526
0.029334 0.026325 -0.000895 -0.015668 0.134960 0.369877 0.198754 0.001523 0.000063 0.012124 0.148191 0.024093 0.388167 0.067351 0.049755 0.008988 0.024006 0.032348 0.033975 0.669563 0.043633 -0.026781 0.011220 0.159580 0.020597 -0.000144 -0.000477 -0.007826 0.004436 0.034234 0.001620 -0.002103 -0.001101 0.000930 0.082314 -0.832037 0.314673 -0.004041 -0.047959 -0.202574 -0.007053 -0.008580 -0.044557 -0.002368 -0.023526 -0.072843 -0.000657 -0.002515 -0.002328 -0.000637 -0.000236 0.000196 0.000584 0.012435 -0.122206 0.009465 0.090083 0.002256
0.030791 0.009456 0.001009 -0.012314 0.292020 0.378236 0.006078 0.003280 0.040391 0.037418 0.393993 0.166101 0.098941 0.051497 0.045156 0.015015 0.008450 0.037558 0.013653 0.244496 0.147184 0.059125 0.080743 0.085471 0.070622 0.009183 -0.010042 -0.006580 -0.003467 0.000732 0.000952 -0.003040 -0.001171 0.018873 0.249737 0.039329 0.007354 0.048114 -0.016942 -0.123601 -0.041271 -0.159033 -0.173517 -0.067549 -0.009686 -0.102580 -0.036304 -0.006799 -0.011190 -0.008844 -0.024042 -0.003046 -0.001171 0.000721 0.000971 0.000963 0.000796 0.000386
0.010446 0.000969 0.001013 0.020513 0.351561 0.033076 0.025445 0.007238 0.071770 0.087450 0.083038 0.091216 0.054825 0.111588 0.079449 0.000565 0.005503 0.026828 0.011776 0.042311 0.024088 0.326993 0.019610 0.013090 0.187346 0.049901 -0.070723 0.002211 -0.001828 -0.000411 -0.002269 -0.003152 -0.001463 0.010154 0.068470 0.006319 0.003663 0.006947 -0.001303 -0.032295 0.030484 0.026358 -0.222907 -0.371050 -0.047763 -0.055046 -0.029835 -0.004457 -0.011305 -0.006899 -0.068667 -0.050088 -0.015310 -0.000911 -0.001053 -0.001006 -0.000814 -0.000390
0.000414 0.001088 0.003849 0.120254 0.351418 0.102386 0.005056 0.024859 0.147174 0.010387 0.009798 0.011723 0.001860 0.135593 0.120509 0.000471 0.000788 0.001167 0.012696 0.012194 0.010035 0.036702 0.012220 0.017691 0.034938 0.025263 0.109645 0.009133 0.026986 -0.001028 -0.001868 -0.025508 -0.001235 0.000008 0.000098 0.000000 0.000000 0.000067 0.000074 -0.006685 0.027901 0.019225 -0.173783 -0.352985 -0.303645 -0.015147 0.000545 0.005376 -0.004669 -0.039472 -0.024479 -0.162847 -0.005201 -0.000778 -0.026141 -0.023572 -0.016853 -0.004196
0.000050 0.002723 0.041540 0.224947 0.160598 0.041097 0.001909 0.026078 0.026417 0.001729 0.001901 0.000935 0.001563 0.107105 0.126492 0.000484 -0.000183 -0.000055 0.000135 0.000076 0.000214 0.005094 0.007847 0.004197 0.008341 0.008021 0.032482 0.046085 0.046957 -0.009904 -0.018178 -0.016709 -0.020592 -0.021007 -0.001104 -0.013197 -0.005350 -0.000464 -0.000141 0.000251 0.000017 0.000157 0.000159 -0.299712 -0.260732 -0.001788 -0.000065 0.000000 -0.002500 -0.050382 -0.075385 -0.206383 -0.067591 -0.005974 -0.495278 -0.435072 -0.018292 -0.002079
-0.000367 0.009655 0.078080 0.165375 0.112491 0.001069 0.002320 0.001310 0.001298 0.000955 0.000211 0.000041 0.004784 0.085150 0.100380 0.001986 -0.000727 -0.011302 -0.000169 -0.000063 -0.000058 0.000000 0.000000 0.000000 0.000000 0.000320 0.026278 0.019844 0.148697 -0.054267 -0.039054 -0.037772 -0.108697 -0.116838 -0.208767 -0.026746 -0.012297 -0.006865 -0.005882 -0.000968 -0.022822 -0.001623 -0.000236 -0.117926 -0.567744 -0.000665 -0.007256 -0.003663 0.003096 -0.004097 -0.062212 -0.731312 -0.371862 -0.622632 -0.388212 -0.632238 -0.004348 -0.012420
-0.002240 0.020868 0.069937 0.114882 0.036705 0.002468 -0.001359 -0.001336 -0.001420 -0.001939 -0.001852 -0.000904 0.019297 0.143110 0.159357 0.018742 -0.011953 -0.010457 -0.054809 -0.009699 -0.012723 -0.006965 -0.010007 -0.021817 -0.019487 -0.000565 0.015664 0.011838 0.013133 -0.009009 -0.010713 -0.015310 0.084634 0.089471 -0.036921 -0.297181 -0.212386 -0.014084 -0.004275 -0.002758 -0.036073 -0.159687 -0.183113 -0.818699 -2.778752 0.000737 0.000593 -0.011258 0.035226 0.028664 0.033551 0.446918 0.048879 0.063946 0.025562 -0.276194 -0.103455 -0.129884
-0.000018 0.025715 0.051686 0.053712 0.004214 0.017792 -0.019623 0.066941 -0.108367 -0.006470 0.012957 0.145448 0.046476 0.007229 0.011692 0.012055 -0.028614 -0.015631 -0.103468 -0.049029 -0.024303 -0.019938 -0.036771 -0.050450 -0.026684 -0.000348 0.000010 0.000360 0.000360 0.000122 -0.004123 -0.000270 0.012598 0.008182 0.011415 0.126360 0.002496 -0.003994 -0.002072 -0.001695 -0.029087 -0.266523 0.227957 -0.509916 0.000382 0.001108 0.013272 0.002532 0.043674 0.012774 0.014245 0.082265 0.013182 0.003663 0.000187 -0.000651 0.000398 -0.055490
-0.037041 0.000000 0.000000 0.000000 0.029351 0.064368 0.757220 0.181635 -0.155898 0.053729 0.003860 0.013052 0.003493 0.000006 0.000203 0.000006 -0.031882 -0.083830 -0.633788 -0.147854 -0.305307 -0.056067 -0.043878 -0.026270 -0.030479 -0.005447 -0.008693 -0.000360 -0.000360 -0.000093 -0.037615 -0.000540 0.000020 0.000785 0.092440 0.012770 0.004195 -0.002065 -0.013570 -0.007667 -0.039580 -0.294570 0.278507 0.034898 0.000268 0.000062 0.000000 0.003973 0.023183 0.000352 0.000158 0.012506 0.001407 0.000000 -0.000102 -0.000361 -0.000453 -0.016216
-0.065921 -0.076694 -0.040498 0.045510 0.052193 0.077568 0.250133 0.219212 0.080242 0.012552 0.006099 0.000631 0.000536 -0.018707 -0.000462 -0.006177 -0.230401 -0.057277 -0.120621 -0.050765 -0.094265 -0.022789 -0.008401 -0.009214 -0.036008 -0.042419 -0.018769 -0.007478 -0.015329 -0.015740 -0.154325 -0.014237 -0.007733 0.000224 0.001033 0.001541 0.001038 0.021777 0.003257 0.000293 0.116113 -0.016830 0.114681 0.122776 0.000322 -0.000605 -0.009857 -0.001166 0.000416 -0.000170 -0.000106 -0.000001 -0.000240 -0.008657 -0.013883 -0.049570 -0.008679 -0.005938
-0.035257 -0.173867 -0.391307 0.038347 0.075457 0.034453 0.139373 0.064465 0.000015 0.000395 0.000767 0.000291 -0.000790 -0.051117 -0.012174 -0.030230 -0.259275 -0.067574 -0.115994 0.000680 0.000406 0.039826 -0.003226 -0.003957 -0.008826 -0.067764 -0.040300 -0.019812 -0.032337 -2.735757 -0.301687 -0.151483 -0.011849 -0.000643 -0.000763 -0.000551 0.000789 0.009746 0.020176 0.006976 0.007813 -0.017720 0.141563 0.157551 -0.001272 -0.020949 -0.031555 -0.000636 0.000123 -0.000739 -0.007625 -0.007296 -0.011603 -0.015803 -0.038126 -0.171907 -0.023154 -0.017309
0.016095 -0.012717 0.073096 0.062788 0.062072 0.033380 0.021490 0.046736 -0.051447 -0.000603 -0.000836 -0.000614 -0.000620 -0.011539 -0.012002 -0.008446 -0.185781 -0.049995 -0.076779 0.000236 -0.000313 0.024489 -0.002631 -0.011694 -0.017665 -0.043049 -0.244898 -0.023450 -0.007631 0.022576 -0.001967 0.051515 -0.001460 -0.012752 -0.024133 -0.001364 -0.000932 0.000414 0.008775 0.000212 0.000161 0.014471 0.132506 0.152450 -0.007005 -0.048122 -0.002826 0.000020 0.000135 -0.000607 -0.021308 -0.025921 -0.027638 -0.018023 -0.760928 -0.142333 -0.874840 -0.041618
0.097705 0.151354 0.451270 0.168931 0.130591 0.080058 0.068261 0.098222 -0.043204 -0.054629 -0.026637 -0.067801 -0.000984 -0.009882 -0.010642 -0.149512 -0.154676 -0.028833 -0.048097 0.000221 0.009386 -0.000654 -0.014096 -0.019021 -0.072128 -0.009820 0.044639 0.032476 0.001035 0.010673 0.006817 0.026272 -0.001667 -0.021735 -0.039248 -0.027881 -0.001272 -0.000591 -0.000022 -0.000102 0.000152 0.059883 0.100541 0.087158 -0.017207 -0.006535 0.000073 0.000000 -0.000070 -0.009472 -0.026159 -0.067913 -0.041367 -0.005899 0.088117 0.368163 -0.171128 0.529747
0.080621 0.036983 0.083323 0.049977 0.030231 0.013488 0.020035 0.009820 -0.013257 -0.107287 -0.188049 -0.027480 -0.041488 -0.004627 -0.004806 -0.017504 -0.124463 -0.018374 -0.034245 0.000148 0.001300 0.090465 -0.067013 -0.068042 -0.024152 -0.001966 0.000319 -0.000016 -0.000329 0.000000 0.000000 0.000000 -0.015094 -0.028487 -0.222852 -0.044113 -0.008197 -0.005268 -0.010350 -0.000688 -0.000046 0.090076 0.080991 0.059197 0.003051 -0.001215 -0.000144 -0.004212 -0.008252 -0.020258 -0.295498 -0.240916 -0.005222 0.000000 0.011408 0.032687 0.067362 0.035115
0.003206 0.000643 0.024721 0.018116 0.008748 0.001625 0.005689 0.002188 0.001823 -0.014429 0.092593 0.050039 0.048448 0.000542 -0.001869 0.006049 -0.011066 -0.013520 -0.031484 -0.000513 0.001018 0.007298 0.087110 -0.046694 -0.003315 0.000540 -0.000396 -0.033076 -0.010157 -0.001324 -0.006410 -0.008349 -0.060930 -0.283824 -0.542499 0.048707 -0.001608 -0.026062 -0.031228 -0.002238 -0.000661 0.021445 0.018483 0.009211 0.001932 -0.001883 -0.008752 -0.007710 -0.013574 -0.218653 0.004389 -0.024276 -0.001076 -0.007107 0.000731 0.032636 0.016354 0.012372
-0.005686 -0.001612 0.042612 0.031228 0.013335 0.000816 0.020648 0.009752 0.003746 0.015420 0.186868 0.209252 0.076459 -0.002316 -0.002438 -0.000150 0.023281 -0.003252 -0.030423 -0.007271 -0.000180 0.000471 0.022574 0.012892 0.001780 -0.000141 0.005873 -0.143672 -0.003889 -0.000840 -0.012519 -0.180910 0.006300 -0.218556 0.007004 0.007944 0.007003 -0.002135 -0.064579 -0.020304 0.090040 0.039422 0.019261 0.002243 -0.002563 -0.053362 -0.018284 -0.007952 -0.017582 -0.048471 0.047822 0.076361 -0.000719 -0.023836 0.000096 0.001258 0.010168 0.005097
-0.001888 0.022419 0.047460 0.036614 0.016971 0.174736 0.078923 0.061603 0.024247 0.085279 0.116117 0.083939 0.132845 0.006212 0.015804 0.014440 0.022624 -0.010360 -0.026698 -0.009055 -0.000139 -0.000023 0.000000 0.000065 0.000750 0.013907 0.019810 -0.079583 -0.194449 -0.008594 -0.003866 0.000777 0.000406 -0.065546 0.000000 0.000000 0.000065 0.000001 -0.138040 -0.345231 0.127749 0.000569 0.000393 -0.006910 -0.003207 -0.101534 -0.053325 -0.035386 -0.030276 0.000273 0.090775 0.162506 -0.014562 -0.027117 -0.007316 0.000252 0.000360 0.001154
0.010899 0.021782 0.114107 0.032713 0.018116 0.038982 0.018014 0.014814 0.006508 0.030780 0.059449 0.030097 0.044450 0.002008 0.056733 0.022701 0.014361 -0.012439 -0.160972 -0.010070 -0.010722 -0.009209 -0.005372 -0.000541 0.013642 0.077600 0.069037 0.007637 -0.183213 -0.152739 -0.002220 -0.001268 -0.000437 -0.036196 -0.005342 -0.005374 -0.000547 -0.000005 0.045147 -0.039762 0.072521 -0.000247 -0.000331 -0.002063 -0.009378 -0.035018 -0.020232 -0.122436 -0.045457 0.000838 0.113450 0.201275 -0.050694 0.022804 0.000030 0.000066 0.000031 0.000337
0.002849 0.018227 0.097770 0.025210 0.002571 0.002740 0.002225 0.001014 0.000247 0.000321 0.091840 0.000766 0.009202 0.017451 0.169093 0.000752 0.000498 -0.051067 -0.114401 0.006355 0.000145 -0.054865 -0.045746 0.000640 0.008187 0.021672 0.014829 0.016667 -0.079070 -0.095316 -0.105773 -0.001093 -0.008927 -0.154880 -0.016979 -0.013949 -0.004639 0.000224 0.020883 0.330231 0.026014 -0.000554 -0.010537 -0.009053 -0.056824 -0.021190 -0.012543 -0.053890 -0.013773 0.005834 0.050553 0.318604 0.083628 0.008023 0.007357 -0.000214 -0.000167 -0.000195
-0.000674 0.025387 0.002430 0.003630 0.003171 0.001034 0.000261 0.000052 -0.000149 0.000130 0.081915 0.001169 0.001296 0.023733 0.074451 0.001928 0.000835 -0.024077 -0.071945 0.017588 0.254280 0.008395 0.062166 0.002167 0.000626 0.008624 0.006411 0.016598 0.476075 0.017995 -0.007198 -0.018158 -0.154500 -0.588106 -0.062556 -0.020929 -0.014253 0.000554 0.008495 0.015622 0.001110 -0.012251 -0.020781 -0.022964 -0.123295 -0.084684 -0.004046 -0.019745 0.041543 0.004511 0.003933 0.127069 0.120900 0.000109 -0.000095 -0.001247 -0.007913 -0.000380
