use_cases/Flooding_chicago/flooding_data/output/hUy_1500.asc
ncols 337
nrows 393
xllcorner 428428.000000
yllcorner 4602440.000000
cellsize 26.757400
NODATA_value -9999.000000
[rows 130 to 155 of 393, columns 116 to 173 of 337]
-0.032062 -0.174788 0.002786 0.001757 -0.015926 -0.570291 -0.284010 0.265292 0.278378 -0.144147 -0.087619 -0.155803 -0.064844 -1.147704 -2.252884 -1.273292 -0.106440 -1.689099 -0.201319 0.129964 0.078280 -0.210949 -0.245310 0.000517 -0.001251 0.093201 -0.532907 -0.028789 -0.024830 -0.044650 -0.067493 0.000222 -0.021276 -0.140168 -0.027037 -0.024565 -0.016392 -0.013556 -0.000240 -0.000150 0.000000 0.000000 -0.000069 -0.000066 0.000047 0.000146 0.003159 0.221646 0.225295 0.032715 0.016924 0.027931 0.036739 0.025823 0.030516 0.026455 0.025514 0.033729
-0.049363 -0.204964 0.004092 0.002575 0.012355 -0.526842 -0.271863 0.312957 0.175797 -0.120271 -0.084434 -0.087431 -0.087209 -1.064806 -1.605793 -1.161811 -0.131806 -1.496159 -0.353682 0.056974 0.011456 -0.149128 -0.144327 -0.000734 -0.000914 0.112573 -0.329064 0.037210 -0.113544 -0.022289 -0.036708 -0.000222 -0.005102 -0.034827 -0.485492 -0.055201 -0.049521 -0.014739 -0.014086 -0.001443 -0.010881 -0.009050 -0.015672 -0.006182 -0.000443 0.000124 0.007547 0.112571 0.107973 0.037145 0.016290 0.018830 0.031350 0.017935 0.029764 0.012587 0.013969 0.001976
-0.119220 -0.227190 0.001613 0.001358 0.000552 -0.493318 -0.248849 0.324546 0.263869 -0.109233 -0.047192 -0.049573 -0.097381 -0.972185 -1.449620 -0.878850 -0.116793 -1.004599 -0.338297 0.006274 -0.098415 -0.239926 -0.186767 -0.079554 -0.061394 0.175230 -0.232189 0.043564 -0.076153 0.037380 -0.083090 -0.006412 -0.002956 -0.211913 -0.225850 -0.291147 -0.060910 -0.032868 -0.026770 -0.009448 -0.017085 -0.020063 -0.036573 -0.023542 -0.041511 0.000000 0.002823 0.030260 0.065357 0.033061 0.000605 0.007410 0.014215 0.009476 0.016527 0.000347 0.000008 -0.000173
-0.311179 -0.330239 -0.003990 -0.002377 -0.000643 -0.238870 -0.091327 0.349874 0.149419 -0.054494 -0.024467 0.007172 -0.074082 -1.011490 -1.626847 -0.757768 -0.086676 -0.816040 -0.273093 0.018533 -0.117631 -0.190945 -0.123022 -0.064037 -0.051850 0.191214 -0.186769 0.015027 -0.090638 0.043013 -0.046351 -0.025136 -0.005204 0.001013 -0.210930 -0.184876 -0.439273 -0.073901 -0.029892 -0.015948 -0.018227 -0.026822 -0.037910 -0.041595 -0.097745 -0.027475 -0.000329 0.002676 0.024995 0.011018 0.000294 0.000093 0.000091 0.000000 0.000000 -0.000178 -0.005152 -0.021789
-0.476375 -0.448934 -0.004658 -0.002527 -0.010235 -0.130122 -0.006375 0.169661 0.125529 -0.034122 -0.004079 0.051820 0.006703 -0.864430 -1.425003 -0.900672 -0.078402 -0.635361 -0.110546 0.061255 -0.145183 -0.243888 -0.105930 -0.039912 -0.056062 0.080685 -0.130570 -0.005966 -0.112135 0.027223 -0.021057 -0.005929 -0.004930 -0.000718 -0.000066 -0.000002 -0.358492 -0.546160 -0.032650 -0.017867 -0.019124 -0.048478 -0.010730 -0.049597 -0.135564 -0.099359 -0.010401 -0.000201 0.000102 0.000098 -0.000002 -0.000144 -0.000852 -0.011185 -0.008591 -0.010178 -0.016174 -0.044499
-0.252194 -0.411306 -0.162008 -0.108981 -0.074587 0.035603 0.118047 0.137019 0.120616 -0.099422 -0.026461 0.100740 0.049475 -0.592969 -1.257997 -0.848815 -0.238881 -0.592561 -0.058443 0.008907 -0.168825 -0.251793 -0.137368 -0.087279 -0.042234 -0.002817 -0.126028 -0.009273 -0.116005 0.029131 -0.013032 0.000000 -0.004189 -0.001889 0.051749 0.025123 -0.528451 -0.363112 -0.122598 -0.021653 -0.035261 -0.044725 -0.021352 -0.053927 -0.179914 -0.155678 -0.033143 -0.000688 -0.000224 -0.001323 -0.013548 -0.009762 -0.008292 -0.023369 -0.016078 -0.022101 -0.026320 -0.027809
-0.001189 -0.258347 -0.148690 -0.239946 -0.040088 0.264264 0.153141 0.212890 0.068215 -0.132738 -0.036317 0.133838 0.093969 -0.536971 -0.765765 -0.559010 -0.230257 -0.509692 -0.076220 -0.024367 -0.192503 -0.319816 -0.176801 -0.125714 -0.163948 -0.087632 -0.115608 -0.045269 -0.068432 0.051582 0.000448 -0.005807 -0.012456 -0.017628 0.238234 0.211797 -0.498349 -0.198762 -0.063489 -0.006100 -0.012935 -0.013949 -0.040027 -0.028153 -0.573818 -0.557339 -0.017966 -0.000737 -0.009146 -0.006060 -0.071885 -0.018566 -0.025213 -0.015884 -0.020873 -0.024678 -0.021256 -0.028967
-0.111374 -0.116631 -0.067521 -0.251942 0.073064 0.068826 0.159153 0.252690 0.005845 -0.105209 -0.040226 0.121669 0.089024 -0.363289 -0.688925 -0.496102 -0.260617 -0.383284 -0.068786 -0.033473 -0.100369 -0.256892 -0.201953 -0.109043 -0.193577 -0.169806 -0.153376 -0.082200 -0.085305 0.000305 0.000412 -0.414154 0.094183 0.065241 0.412040 0.217069 -0.453239 -0.182432 -0.103769 -0.003540 -0.006895 -0.005184 -0.008666 -0.002034 -0.504743 -0.391809 -0.002209 -0.018730 -0.019630 -0.008884 -0.112771 -0.029952 -0.020591 -0.036065 -0.026385 -0.031748 -0.032916 -0.063249
-0.268633 -0.156958 -0.127859 -0.082685 -0.002043 0.013931 0.157550 0.293600 -0.063216 -0.121546 -0.070480 0.131732 0.101900 -0.317695 -0.531573 -0.515617 -0.239832 -0.502580 -0.037569 -0.025458 -0.077591 -0.252348 -0.161697 -0.035086 -0.146599 -0.224278 -0.198875 -0.092109 -0.082432 0.018526 0.152724 -0.141887 0.093715 0.080561 0.441083 0.208431 -0.468320 -0.204499 -0.154977 -0.001484 -0.028623 -0.024370 -0.005564 0.004244 -0.320542 -0.251055 -0.226551 -0.520046 -0.036970 -0.027359 -0.096065 -0.061748 -0.015655 -0.059728 -0.054441 -0.020093 -0.030663 -0.275631
-0.172102 -0.113463 -0.114133 -0.018920 0.001984 0.036480 0.131625 0.364914 -0.147889 -0.132176 -0.094881 0.164906 0.126957 -0.289936 -0.336971 -0.308620 -0.257646 -0.499793 -0.027805 -0.018988 -0.037931 -0.179049 -0.068558 -0.004744 -0.021189 -0.165768 -0.183484 -0.281641 -0.251699 0.278237 0.341901 0.005944 0.115805 0.171751 0.654941 0.222611 -0.466915 -0.043425 -0.122938 -0.090220 -0.077517 -0.340063 -0.061999 -0.013724 -0.177732 -0.359977 -0.161947 -0.322611 -0.526505 -0.031590 -0.063420 -0.089224 -0.690466 -0.715907 -0.731072 -0.013507 -0.013456 0.016460
0.000002 -0.038174 -0.075229 -0.028835 0.150310 0.169184 0.176924 0.407038 -0.215422 -0.163498 -0.111681 0.166334 0.127130 -0.262963 -0.297082 -0.311665 -0.257063 -0.341469 -0.001437 0.006201 -0.021774 -0.064094 -0.025746 0.042625 -0.013533 -0.135520 -0.120371 -0.295127 -0.192485 0.358126 0.402264 0.208439 0.252947 0.240379 0.698214 0.314181 -0.282537 0.257214 0.052105 -0.054707 0.005341 -0.034583 -0.017786 -0.167087 -0.020820 -0.269811 -0.157884 -0.312628 -0.444563 -0.366219 -0.312719 0.259901 1.070333 0.502333 -0.425908 -0.618957 -0.005611 1.992724
-0.007344 -0.033573 -0.061552 0.016482 0.187619 0.150590 0.097951 0.095256 -0.129296 -0.172882 -0.143959 0.171760 0.173700 -0.275843 -0.255310 -0.344977 -0.338023 -0.260351 0.003537 0.005366 -0.001876 -0.030686 0.052100 0.105689 0.004734 -0.033489 0.125084 -0.153734 -0.031000 0.696130 0.517103 0.515373 0.492845 0.443031 0.013360 0.019489 0.546042 0.012505 0.021943 0.019395 0.226953 0.327699 -0.008907 -0.583130 0.319912 -0.091365 -0.165014 -0.077449 -0.439353 0.201630 0.536051 0.443344 0.359549 0.290805 -0.848756 -1.012916 -0.003530 0.392356
0.035884 0.090639 0.639719 0.112225 0.357899 0.050852 0.016108 0.037693 -0.018597 -0.159593 -0.122767 0.134533 0.063119 -0.204854 -0.223053 -0.219447 -0.297418 -0.238396 -0.006764 -0.029587 0.025086 -0.015136 0.041469 0.206820 0.065838 0.020138 0.505091 0.233520 0.600142 0.870235 0.064617 0.046733 0.070552 0.022981 0.013223 0.006653 0.052250 0.012288 0.009545 0.012849 0.022599 0.038642 0.029455 0.037294 0.443587 0.035110 -0.039400 0.338880 -0.132555 0.391294 0.474102 0.006941 0.001563 0.001233 -0.615045 -1.117173 0.019615 0.174191
0.175150 0.191529 0.633619 0.226624 0.237721 -0.051206 -0.062209 0.007377 0.062669 -0.013791 -0.063311 0.031314 -0.003477 -0.205495 -0.196712 -0.137226 -0.187838 -0.197719 -0.019113 0.009432 0.042493 -0.014442 0.021026 0.479184 0.032153 0.051244 0.085537 0.150308 0.133135 0.130515 0.006225 0.044936 0.056488 0.010511 0.000600 0.001970 0.003101 0.001737 0.000080 0.000545 0.004741 0.032629 0.012752 0.030883 0.486640 0.081203 0.115360 0.315106 0.052672 0.107047 0.009555 0.001249 0.000974 0.001171 -0.190831 -0.722383 0.020461 0.175460
0.197558 0.041282 0.071916 0.030665 0.017738 -0.163989 -0.152408 0.062412 0.066365 0.027069 0.007010 0.049088 -0.011873 -0.198769 -0.162994 -0.109729 -0.148835 -0.085078 -0.003397 0.039478 0.087879 -0.003426 0.004295 0.012376 0.029072 0.024080 0.053053 0.072230 0.059202 0.036748 0.021628 0.020169 0.025359 0.001129 -0.000285 0.000108 0.003489 0.001574 -0.000511 0.000287 0.000408 0.019304 0.002065 0.000765 0.000775 0.011404 0.020953 0.357359 0.001593 0.000704 0.000554 0.000817 0.000806 0.014710 -0.038282 -0.577319 0.034991 0.151000
0.010190 0.000316 0.006991 0.026420 0.014954 -0.206602 -0.112363 0.263778 0.211544 0.104461 0.040408 0.217257 -0.042118 -0.320936 -0.218266 -0.093389 -0.159370 0.041706 0.076847 0.066452 0.000260 0.000021 0.000489 0.000326 0.013007 0.003111 0.021507 0.021873 0.130020 0.102897 0.010329 0.001728 0.001612 -0.000144 -0.008462 -0.001233 0.002926 0.001751 -0.000898 -0.000293 -0.000470 -0.000040 -0.000285 0.000263 0.002793 0.015337 0.039458 0.427945 0.006499 0.001150 0.000247 0.000331 0.001231 0.006119 0.026136 -0.396975 0.037612 0.116838
0.000000 -0.000015 0.035596 0.024678 0.014374 -0.138311 -0.014544 0.353620 0.329637 0.151071 0.072924 0.256872 -0.080892 -0.417664 -0.339913 -0.160956 -0.154349 -0.001479 -0.000709 -0.001335 -0.002920 -0.018266 -0.000201 -0.000208 -0.000003 0.001046 0.000690 0.009855 0.079023 0.083502 0.000681 0.000848 -0.001759 -0.003974 -0.007571 -0.021914 0.000360 0.000360 -0.001103 -0.000410 -0.018139 -0.011754 -0.027297 -0.003831 0.009009 0.012676 0.097420 0.144337 0.020512 0.003756 -0.000569 -0.000393 0.003579 0.001575 0.037601 -0.052718 0.070081 0.102178
-0.008618 -0.000274 0.083257 0.041441 0.019738 0.006112 0.169483 0.480959 0.358356 0.155012 0.246499 0.309345 -0.079962 -0.490642 -0.387415 -0.417011 -0.215906 -0.002306 -0.002021 -0.001854 -0.195358 -0.142073 0.199363 -0.014043 -0.021229 -0.001043 0.000657 0.001995 0.055358 0.038460 -0.000401 -0.002154 -0.002238 -0.017424 -0.044243 -0.076778 -0.000360 -0.000360 -0.000467 -0.000419 -0.044054 -0.034545 -0.126969 -0.002975 0.001564 0.042346 0.031917 0.032899 0.018064 0.012359 -0.005516 -0.035058 0.000991 0.001722 0.106341 0.031713 0.038861 0.016965
0.272800 -0.129539 0.097085 0.032661 0.004686 0.145368 0.339947 0.582163 0.360808 0.118333 0.071264 0.101723 -0.291586 -0.562031 -0.528162 -0.535400 -0.405643 0.029340 0.046273 -0.065567 -0.169156 -0.006614 0.307686 -0.034255 -0.045193 -0.010445 -0.000263 0.002530 0.017229 0.002901 -0.000973 -0.001694 -0.001876 -0.028813 -0.095251 -0.113147 -0.012421 -0.015495 -0.009159 -0.000867 -0.039038 -0.112429 -0.136503 -0.001353 0.001192 0.013577 0.006192 0.004874 0.024917 0.009584 -0.001348 0.088376 0.043679 0.100489 0.104311 0.021862 0.029325 0.011162
0.389801 -0.118661 -0.006876 -0.013569 -0.026678 0.642687 0.454627 0.684098 0.322883 0.003970 -0.049954 -0.048600 -0.399713 -0.832579 -0.537937 -0.501807 -0.164141 0.000384 0.074598 -0.045918 0.002465 0.008691 0.454277 -0.466539 -0.480794 -0.027929 -0.006685 0.000487 0.000774 -0.001034 -0.016620 -0.014093 -0.002625 -0.021492 -0.089275 -0.149085 -0.074949 -0.024677 -0.021714 -0.011935 -0.000460 -0.080785 -0.154512 -0.166669 0.000015 0.000222 0.007272 0.007514 0.006788 0.000222 0.000103 0.358030 0.549996 0.466530 0.090992 -0.054504 -0.021810 -0.009073
0.455068 0.070336 0.018803 -0.013808 0.733704 1.067812 0.658424 0.745621 0.015179 -0.041885 -0.059612 -0.075328 -0.542518 -0.745325 -0.682931 -0.300558 -0.269608 -0.000141 0.000011 0.000227 0.003461 0.000000 0.058376 0.039954 0.009276 -0.058071 -0.014300 0.000048 0.001263 -0.000930 -0.038429 -0.043623 -0.024982 -0.005509 -0.023842 -0.136015 -0.758471 -0.722040 -0.022885 -0.024399 -0.001402 0.000641 -0.634101 -0.127065 0.000228 -0.000222 -0.000854 0.001045 0.001256 -0.000222 -0.000103 0.645083 0.485354 0.392276 0.242106 -0.029778 -0.179589 -0.207486
0.067654 0.000000 0.000000 0.377516 0.748412 0.944644 0.259212 0.628781 0.014902 -0.038710 -0.051146 -0.068029 -0.290527 -0.893151 -0.313641 -0.280946 -0.221480 -0.366511 -0.021517 -0.042289 0.000974 0.003268 0.000000 0.033710 0.016719 0.001037 0.000322 0.000182 0.000340 0.035847 -0.020678 -0.115744 -0.096156 -0.007836 -0.049103 -0.094260 -0.245925 -0.462049 -0.031496 -0.035866 -0.004547 0.000427 -0.267589 -0.136379 -0.000303 -0.003664 -0.007072 -0.005802 -0.005421 -0.011456 -0.028710 0.732925 0.597456 0.010269 0.005094 -0.036264 -0.114878 -0.696809
0.000000 -0.005237 0.084815 1.228589 0.145534 0.094388 0.109543 0.748713 0.081722 0.027046 0.003820 0.001818 -0.263932 -0.251861 -0.463313 -0.900103 -0.832464 -0.652187 -0.087733 -0.327441 -0.001822 -0.003302 -0.009734 0.010250 0.003642 0.001880 0.000630 0.000245 -0.000000 0.006522 -0.001042 -0.261693 -0.623192 -0.192635 -0.024831 0.096691 -0.014169 -0.332618 -0.602492 -0.017612 -0.006040 -0.001587 -0.261089 -0.183756 -0.001319 -0.003704 -0.006553 -0.006718 -0.004466 -0.334099 -0.179625 1.094790 0.628171 0.000000 0.000000 0.000072 -0.013378 -0.348061
-0.064991 0.021968 1.351307 1.701674 0.027299 0.055968 0.048640 0.174897 0.067921 0.036566 0.007311 0.002013 -0.147231 -0.153421 -0.196371 -0.647498 -0.927519 -0.359521 -0.048859 -0.158156 -0.009960 -0.008747 -0.015050 0.001625 0.002399 0.000614 0.002144 0.000111 -0.000340 0.000332 0.010591 -0.081250 -0.405647 0.069425 0.128887 0.000921 0.107752 -0.264998 -0.904399 -0.008138 -0.006361 -0.002130 -0.194731 -0.884051 -0.157771 -0.086544 -0.041474 -0.003478 -0.002313 -0.432454 -0.033681 1.214248 0.993679 0.163613 -0.004139 -0.000142 0.118042 0.058727
0.052121 0.088275 0.465535 0.404540 0.059304 0.101164 0.095701 0.084829 0.000360 0.000360 0.004853 0.000375 -0.064531 0.203494 -0.114432 -0.563689 -0.460674 -0.312599 -0.225793 -0.092082 -0.009698 -0.006597 -0.013922 -0.000739 0.001268 0.001748 0.021142 -0.000202 -0.001265 0.000365 0.007823 -0.019623 -0.316451 0.041997 0.097608 0.000841 0.158098 -0.058672 -0.419879 -0.329450 -0.002506 -0.025873 -0.849003 -0.362729 -0.051104 0.136971 -0.078726 -0.026627 0.208386 -0.626881 0.007150 0.855965 0.880933 0.348744 -0.022527 0.428598 0.367656 0.791199
0.308549 0.004673 0.011878 0.000973 0.066236 0.404304 0.173516 0.077478 -0.000360 -0.000360 0.004800 -0.000851 -0.021392 0.580228 -0.009680 -0.365974 -0.456071 -0.319521 -0.307211 -0.158688 -0.013507 -0.069792 -0.009148 -0.005222 0.014914 0.015939 0.008289 -0.000607 -0.001145 -0.000362 -0.000008 0.000270 -0.292896 0.026985 0.071651 0.091272 0.170907 -0.001059 -0.393173 -0.314823 -0.191240 -0.239526 -0.615645 -0.170697 0.022466 0.178879 -0.048240 -0.319678 0.136984 -0.262043 0.140198 0.523928 0.553434 0.384916 0.513229 0.258968 0.240679 0.391393
