use_cases/Flooding_chicago/flooding_data/output/hUy_960.asc
ncols 337
nrows 393
xllcorner 428428.000000
yllcorner 4602440.000000
cellsize 26.757400
NODATA_value -9999.000000
[rows 104 to 129 of 393, columns 174 to 231 of 337]
0.002648 0.006734 0.026440 0.376655 0.409297 0.061356 -0.000335 -0.016662 -0.012574 -0.037372 -0.016717 -0.004012 -0.002105 0.000077 -0.000343 -0.046838 -0.026923 -0.046471 -0.046946 0.364617 0.052257 -0.061894 0.227267 0.794896 0.683722 0.894289 -0.047845 -0.561157 -0.506911 -0.410264 -0.534428 -0.045532 0.060889 0.136242 0.012040 -0.023667 -0.026136 0.155755 0.012138 0.017978 0.102933 -0.144670 -0.034627 -0.014998 -0.013689 0.058847 0.381136 0.303900 0.111908 -0.024151 -0.012785 -0.159886 0.014723 -0.006381 -0.030499 -0.003887 -0.026004 -0.031259
0.000987 0.002521 0.013878 0.010537 0.036257 0.037914 -0.002593 -0.056255 -0.064279 -0.071193 -0.016564 -0.020740 -0.001998 -0.000695 -0.000442 -0.016948 -0.005073 1.723457 0.502227 0.428133 -0.025166 -0.320417 0.069516 0.524370 0.397797 0.670050 -0.161247 -0.785757 -0.481472 0.664860 -0.384403 0.055387 0.018140 0.519505 0.254590 0.836772 0.051456 0.023907 0.008925 0.000858 0.000109 -0.029140 -0.038732 -0.014738 -0.010056 0.166901 0.373720 0.137661 0.000360 0.000360 -0.001106 -0.017253 0.124119 -0.122189 -0.040345 -0.028494 -0.074487 -0.008777
-0.000114 0.000753 0.000165 0.000403 0.009350 0.011469 -0.000234 -0.019632 -0.060664 -0.419596 -0.950713 -0.043672 -0.016716 -0.004869 -0.008596 -0.001821 0.643338 2.300087 1.157452 0.400302 -0.060882 -0.355508 0.078493 0.463347 0.169547 0.559889 -0.271136 -0.777883 -0.482198 1.347989 0.138335 0.040060 0.027816 0.024875 0.096037 0.040113 0.034607 0.011678 0.000427 0.000056 -0.000045 -0.008793 -0.022671 -0.076129 -0.012808 0.253148 0.190069 0.000464 -0.000360 -0.000360 0.016798 0.116800 0.127822 0.000000 0.000000 -0.018185 -0.014435 -0.003924
0.005328 0.001211 -0.000104 -0.000103 0.000672 0.005828 0.045258 0.151584 0.194718 0.000700 -0.664675 0.172104 -0.425598 -0.151041 -0.020924 0.457231 0.650624 0.365542 0.116489 0.076485 0.051224 0.057896 0.026712 0.629576 0.311802 1.033136 -0.105485 -0.288338 -0.223106 2.263155 0.052834 0.038747 0.034172 0.022498 0.031234 0.035552 0.029777 0.002061 -0.000032 -0.000154 -0.005098 -0.015669 -0.067710 -0.147054 -0.041322 0.494816 0.273946 0.058351 0.183900 0.073087 0.015801 0.208412 0.106447 0.038309 -0.064815 -0.077711 -0.034457 -0.039437
-0.039589 0.001356 -0.000110 -0.007636 -0.000131 0.000000 0.003238 0.138353 0.318326 0.014153 0.094227 0.585361 0.014603 0.222842 0.294483 0.281626 0.033153 0.019980 0.025629 0.009003 0.016584 0.027344 0.015998 0.023315 0.047020 0.568395 0.079753 0.117085 0.135430 0.060739 0.041130 0.029080 0.010604 0.013867 0.006887 0.007573 0.017616 0.007970 0.000100 0.000237 -0.025167 -0.115172 -0.191917 -0.248716 0.179808 0.731509 0.197512 0.215990 0.544426 0.131368 0.519246 0.345827 0.166343 0.101425 -0.130558 -0.106255 -0.085221 -0.420886
0.008747 -0.000575 0.002873 -0.086796 -0.013363 -0.004217 0.011299 0.292929 0.022458 0.036060 0.015365 0.074102 0.004255 0.024320 0.016214 0.014707 0.022286 0.007857 0.000646 0.000802 0.000393 0.000143 0.000293 0.000916 0.021173 0.221602 0.056642 0.061029 0.042559 0.056975 0.019142 0.010909 0.008640 0.000000 0.000015 0.000468 0.000528 0.005373 0.000138 0.000057 0.000148 0.000993 0.021126 -0.018297 0.609617 0.861301 0.044328 0.281149 0.495435 0.384774 0.206855 0.081935 0.040597 0.011877 -0.087247 -0.038884 -0.032348 0.070078
0.017031 0.000000 0.004099 -0.002876 -0.068773 -0.007861 0.052157 0.078158 0.066220 0.076531 0.015020 0.008322 0.002797 0.000068 0.000174 0.000313 0.000397 -0.000013 -0.000454 -0.000712 -0.000365 -0.000141 0.000560 0.002954 0.092087 0.349541 0.032350 0.037612 0.040631 0.068382 0.006487 0.001244 0.003212 -0.012205 -0.004944 -0.000569 -0.000457 -0.000016 -0.000000 -0.000094 -0.000162 0.003728 0.243149 0.185234 1.013133 0.482651 0.044294 0.022775 0.025921 0.010876 0.067617 0.015449 0.017075 0.001072 -0.021970 -0.009915 -0.012564 0.164015
0.000375 -0.017537 0.000000 -0.000693 -0.018036 -0.049482 0.021552 0.035369 0.007600 0.038438 0.001068 0.006930 0.001456 -0.000069 -0.000184 -0.000416 -0.000625 -0.021101 -0.016400 -0.014023 -0.008507 -0.011004 0.001998 0.025743 0.174484 0.014203 0.014868 0.015043 0.029660 0.040103 0.038852 0.007397 -0.007605 -0.058372 -0.003497 -0.012345 -0.012164 -0.007390 -0.006608 -0.000165 -0.005782 0.964669 0.794427 0.018408 0.622504 0.219959 0.000713 0.008004 0.020172 0.007749 0.036469 0.007550 0.018627 0.000596 -0.003722 0.145276 -0.119121 0.081570
-0.003610 -0.084285 -0.003663 -0.009516 -0.063907 -0.122930 0.000412 0.009440 0.004043 0.009754 0.000682 -0.002514 -0.005529 -0.005122 -0.026507 -0.012787 -0.010733 -0.023278 -0.066843 -0.066326 -0.067606 -0.081266 0.026920 0.018394 0.107586 0.000170 0.000121 0.000787 0.011006 0.014281 0.014628 0.007685 -0.002952 -0.088101 -0.035069 -0.039644 -0.030979 -0.017412 -0.021693 -0.007052 -0.352123 2.286440 0.785383 -0.454471 -0.097238 -0.244389 0.001640 0.000475 0.007598 0.000449 0.000569 0.000393 0.015268 0.002934 0.022926 0.432695 0.026084 0.155460
-0.004234 -0.037357 -0.031886 -0.050708 -0.456598 -0.468118 0.000437 0.000421 0.000378 0.000334 0.000094 -0.000883 0.013162 -0.080840 -0.123240 -0.403079 -0.037378 -0.028295 -0.027197 -0.030455 -0.018306 0.000548 0.005378 0.000250 0.035222 0.000085 -0.000080 -0.000092 0.000018 0.000432 0.000990 0.000222 -0.000701 -0.050988 -0.077074 -0.058284 -0.066147 -0.032903 -0.030160 -0.044837 0.233936 2.304143 0.808454 -0.896419 -0.372263 -0.227902 0.016952 0.001684 0.000004 0.000211 -0.000247 -0.000331 0.006107 0.002513 0.011828 0.010450 0.043140 0.081691
-0.009940 -0.023171 -0.009724 -0.258758 -0.129468 -0.070035 0.000511 0.000527 0.000238 -0.000015 -0.000065 0.000109 -0.005463 -0.091203 -0.124606 -0.184300 -0.005797 -0.005627 -0.091253 -0.007389 -0.000001 -0.000065 0.000000 -0.000086 0.020330 -0.000506 -0.007264 -0.005027 -0.009064 -0.000636 -0.001016 -0.000222 -0.000531 -0.006273 -0.042004 -0.045183 -0.159806 -0.125232 -0.030683 0.452341 0.546112 3.654080 0.922125 -1.395590 -0.296895 0.585218 0.029630 0.021866 0.023054 -0.000024 -0.000554 -0.009978 -0.000166 -0.000004 0.000144 0.000612 0.007309 0.001080
-0.005545 -0.008921 -0.007104 -0.056261 -0.139121 -0.038006 0.000071 0.000173 -0.000341 -0.000331 -0.016190 -0.001679 -0.050310 -0.132914 -0.168635 -0.000036 -0.004905 -0.004430 -0.223573 -0.010801 -0.008307 -0.004918 -0.008298 -0.051497 -0.077752 -0.049118 -0.024345 -0.020815 -0.021676 -0.011026 -0.013062 -0.003946 -0.000068 -0.001431 -0.005141 -0.005041 -0.000116 -0.042533 0.220786 0.629862 0.823881 3.187136 1.737222 -0.741746 0.373967 0.031126 0.013556 0.012562 0.016004 0.000888 -0.001290 -0.030321 -0.005729 -0.001054 -0.000075 0.000193 0.000017 0.000672
-0.050280 -0.039116 -0.010230 0.083450 -0.255456 -0.127761 -0.000084 -0.000350 -0.007979 -0.005098 -0.043637 -0.014282 -0.058455 -0.143272 -0.190503 -0.000795 -0.003345 -0.002445 -0.125416 -0.279720 -0.049502 -0.074164 -0.075465 -0.168427 -0.070430 -0.001471 -0.049213 -0.037480 -0.021815 -0.026289 -0.013548 -0.020817 -0.004352 -0.001043 -0.000078 0.000338 -0.002735 -0.000244 0.416987 0.621037 0.152284 0.047696 0.127241 0.209551 0.041308 0.013727 0.000204 0.000702 0.002568 0.000375 -0.000296 -0.031319 -0.023118 -0.001503 -0.016859 -0.001241 -0.000442 -0.000526
-0.078588 -0.602785 -0.004229 0.105925 -0.229121 0.087163 -0.007205 -0.005590 -0.021864 -0.020378 -0.289383 0.037182 -0.092449 -0.548393 -0.190733 -0.094472 -0.090546 -0.001511 0.000243 -0.263845 -1.314442 -0.056621 -0.209404 -0.028729 -0.065577 -0.013073 -0.017167 -0.008102 -0.007640 -0.024082 -0.008576 -0.201888 -0.153190 -0.005950 -0.039500 -0.003443 -0.001759 0.769540 0.560136 0.519392 0.011591 0.015583 0.009251 0.078219 0.012648 0.009044 -0.000165 -0.000248 0.000866 0.000219 -0.000283 -0.014571 -0.044460 -0.012063 -0.045003 -0.010796 -0.003498 0.003335
0.076060 -0.388573 0.054197 0.230725 -0.637701 0.000028 -0.023512 -0.024051 0.162970 -0.084230 0.001434 0.021785 0.051269 -0.182087 -0.183772 -0.120657 -0.126199 -0.000989 -0.000449 -0.235304 -0.252131 -0.023612 -0.001956 -0.018104 -0.023566 -0.054822 -0.010617 -0.004361 0.013551 -0.003074 -0.022743 -0.014948 0.004957 0.004497 -0.069916 -0.013861 0.027427 0.695652 0.013697 0.010892 0.001507 0.000907 0.000640 0.007539 0.018027 0.012958 -0.003618 -0.000529 -0.000455 -0.000219 -0.006694 -0.000833 -0.043859 -0.033452 -0.057105 -0.014314 -0.005000 0.033004
0.088863 -0.288878 0.023218 0.336575 -0.096909 0.026201 0.000934 0.015375 0.190866 0.020753 -0.005059 -0.069075 0.000000 -0.175533 -0.167868 -0.128849 -0.120085 -0.034456 -0.031580 -0.546026 -0.139060 -0.084464 -0.010235 -0.017245 -0.023867 -0.074955 -0.001980 -0.001238 0.000105 0.002745 0.019511 0.140824 0.122248 0.022674 0.112818 0.036877 0.249343 0.651727 0.001067 0.001291 0.001661 0.000282 0.001056 0.006537 -0.001230 -0.005216 -0.006481 -0.000376 -0.000605 -0.000375 -0.015603 -0.008806 -0.032429 -0.099861 -0.027094 0.295285 0.210781 0.055931
0.114390 -0.205138 -0.018459 0.467794 0.022821 0.011980 0.001915 0.006203 0.042117 0.100980 0.023463 -0.038480 -0.111631 -0.125264 -0.116222 -0.090714 -0.072778 -0.024202 -0.101635 -1.354583 -0.212515 -0.100991 -0.007321 -0.012904 -0.025189 -0.079052 0.002156 0.000396 0.002167 0.013665 0.011626 0.083606 0.013137 0.008201 0.090554 0.147707 0.124188 0.138189 0.001996 0.001796 -0.001051 -0.000711 0.000813 0.000571 0.105967 -0.259545 -0.003058 -0.000500 -0.001038 -0.007825 -0.021053 -0.030776 -0.038992 0.957172 0.518687 0.390850 0.444533 0.596626
0.223767 -0.036105 0.000993 0.000487 0.007167 0.001981 0.000118 0.000000 0.115126 0.091012 0.120493 0.089771 -0.147848 -0.262396 -0.371226 -0.448927 -0.066702 -0.037176 -0.042676 -0.958693 -0.277112 -0.040381 -0.010492 -0.038182 -0.019343 -0.093149 0.010955 0.002596 0.018847 0.020032 0.008255 0.023077 0.033513 0.021246 0.109597 0.032124 0.010717 0.058764 0.003395 0.001625 -0.001356 -0.004940 -0.002492 -0.000705 0.173611 -0.184573 -0.077552 -0.047794 -0.037646 -0.034861 -0.026600 -0.080455 0.477656 1.500829 0.757167 0.113088 0.053516 0.142026
0.070810 0.101532 0.290248 -0.000043 0.000000 -0.000287 -0.001609 -0.038435 0.141776 0.161015 0.095694 0.068579 -0.005684 -0.170361 -0.362200 -0.404251 -0.321955 -0.304049 -0.514909 -0.868902 -0.460073 -0.019989 -0.032725 -0.031895 -0.053840 -0.018835 0.083736 0.028910 0.016816 0.011151 0.005162 0.028015 0.054662 0.057460 0.063793 0.000484 0.000142 0.001502 0.004029 0.000212 -0.001644 -0.004664 -0.021789 -0.051292 0.783210 -0.133268 -0.023870 0.210255 0.179513 0.102342 0.056658 1.016821 0.656511 1.249705 0.151445 0.075305 0.039416 0.150729
0.096954 0.256882 0.988291 -0.000441 -0.006487 -0.001508 -0.110225 0.172829 0.317610 0.329309 0.108973 0.003998 0.008593 0.000390 -0.272227 -0.289312 -0.523540 -0.111707 -0.499305 -0.774411 -0.640234 -0.621612 -0.021305 -0.020661 -0.024987 -0.002768 0.011074 0.013625 0.006574 0.000555 0.000396 0.006686 0.105271 0.014673 0.019468 0.000575 -0.000084 0.001095 -0.001254 -0.001316 -0.000076 -0.002037 -0.008079 -0.366343 1.353383 -0.041922 0.136733 0.171044 0.062494 0.041971 0.056751 0.058318 0.033935 0.143674 0.082685 0.084342 0.132226 0.157409
0.641720 0.689405 0.653907 0.104835 0.007701 0.001519 -0.167626 0.208213 0.307267 0.358866 0.000000 0.000000 0.000074 0.000857 -0.265586 -0.351154 0.360982 0.200673 -0.394345 -1.269679 -2.140992 -0.664483 -0.015189 -0.014909 0.000307 0.000161 0.000002 0.000158 -0.000013 -0.000401 -0.000330 0.227788 0.024269 0.007424 0.008433 0.000882 -0.002816 -0.002131 -0.003127 -0.031313 -0.021724 0.004853 -0.327803 -0.194350 1.653807 0.107649 0.043943 0.144744 0.025871 0.019046 0.037159 0.019771 0.020795 0.030058 0.008655 0.146962 0.258155 0.127350
0.008237 0.044985 0.046497 0.141985 0.034042 0.004342 -0.049374 0.213511 0.214749 0.402950 0.395455 -0.003663 -0.000193 0.006445 0.121017 0.000288 0.848827 0.403764 -0.105341 -1.399977 -2.625717 -0.837456 0.000241 0.000901 0.000426 -0.000343 -0.009354 -0.000464 -0.008407 -0.011571 -0.009050 0.004236 0.000103 0.000222 0.000103 0.000236 -0.000902 -0.010696 -0.008401 -0.113027 -0.147491 0.484297 -0.127126 0.113200 2.085798 0.054477 0.005984 0.144032 0.085673 0.007873 0.001228 0.005582 0.001010 0.009247 0.000898 0.109324 0.873487 0.217823
0.000109 0.013281 0.023364 0.076986 0.025141 0.002591 0.065203 0.405462 0.177917 0.268240 0.287895 -0.040796 -0.018512 0.014147 0.072685 0.114014 0.408663 0.102785 0.001526 -0.774769 -2.433360 -0.695397 -0.000169 -0.000083 -0.001215 -0.005040 -0.025672 -0.010284 -0.018640 -0.019093 -0.019134 -0.010421 -0.000103 -0.000222 -0.000103 0.000161 0.000266 -0.004829 -0.001824 -0.002605 -0.435039 2.099017 0.190975 0.400209 0.014037 0.005568 0.029622 0.069325 0.088977 0.043450 0.001020 0.000000 0.002287 0.001415 0.001815 0.188485 0.955041 0.007747
-0.000901 0.062750 0.021135 0.047594 0.003498 -0.000768 0.211097 0.193552 0.161939 0.171212 0.017617 0.007401 0.035281 0.085382 0.043070 0.055087 0.047342 0.036089 0.002973 -0.684297 -2.689348 -0.550924 -0.001209 -0.000881 -0.002761 -0.007916 -0.054013 -0.022829 -0.016889 -0.003933 -0.044500 -0.015913 -0.029428 -0.008396 -0.006941 -0.000719 0.000329 0.002484 0.011834 0.109798 -0.201034 1.148185 0.377488 0.048205 0.001650 0.000326 0.005981 0.036519 0.057613 0.037033 0.005956 0.011034 0.007201 0.005408 0.000719 0.104230 0.490638 0.000000
0.450377 0.121068 0.025809 0.005941 0.001787 0.011005 0.198078 0.200611 0.002122 0.002750 0.009497 0.030928 0.022242 0.030914 0.075231 0.116181 0.107912 0.003554 -0.000211 -0.448757 -2.733821 -0.302554 -0.001747 -0.004059 -0.039829 -0.069291 -0.051506 -0.017056 -0.001892 -0.001135 -0.008017 -0.157706 -0.067134 -0.115527 -0.069295 -0.001127 0.000847 0.001513 0.052980 0.079900 0.022722 0.484195 0.039134 0.032460 0.009269 -0.000208 -0.000003 0.014013 0.019924 0.012564 0.021387 0.047051 0.010550 0.001407 0.000319 0.002211 0.439780 -0.016082
0.247455 0.009211 0.003623 0.002440 0.001251 0.031592 0.146772 0.173982 0.005379 0.004068 0.002844 0.041772 0.027079 0.044346 0.026942 0.075542 0.064542 0.019350 0.000226 -0.348139 -3.822053 -0.297132 -0.002646 -0.022467 -0.091294 -0.145437 -0.007927 -0.001221 -0.001664 -0.004514 -0.028369 -0.299734 -0.318116 -0.025449 0.111299 0.185833 0.001883 0.008206 0.024713 0.020564 0.009376 0.188419 0.013819 0.018160 0.041745 -0.011128 -0.023077 0.025389 0.000096 0.002348 0.015503 0.009812 0.000869 -0.000495 0.000204 0.015673 0.758647 0.174276
