use_cases/Flooding_chicago/flooding_data/output/hUy_540.asc
ncols 337
nrows 393
xllcorner 428428.000000
yllcorner 4602440.000000
cellsize 26.757400
NODATA_value -9999.000000
[rows 208 to 233 of 393, columns 174 to 231 of 337]
-9999.000000 -9999.000000 -9999.000000 -0.006351 0.000545 0.005422 0.016624 0.001567 -0.142141 -0.027208 -0.000617 -0.009021 -0.008519 -0.008761 0.000031 0.020569 0.009845 0.025916 0.111383 0.016635 -0.000488 0.006440 -0.041201 0.153630 0.253690 0.376775 0.325025 0.651311 0.964053 0.000000 0.000000 0.000000 0.078124 0.063202 0.027296 0.075764 0.541104 -0.129013 0.474479 -0.009303 -0.007703 0.000055 0.000376 0.170304 0.167120 0.016962 0.009989 0.059193 0.032979 0.025299 -0.001131 -0.004012 -0.018253 -0.015607 0.061082 0.016985 -0.157955 -0.002788
-9999.000000 -9999.000000 -9999.000000 -9999.000000 0.000000 0.000035 0.000222 0.000155 -0.061475 -0.048531 -0.035998 -0.062827 -0.126333 -0.185695 -0.003197 0.052271 0.032628 0.062187 0.062537 -0.004902 -0.017254 -0.008101 0.054011 0.308107 0.410078 0.511079 0.498905 0.530819 0.336208 0.174250 -0.006432 -0.005912 0.115797 0.090079 0.042002 0.013072 0.054628 -0.157125 0.641714 -0.012374 -0.022888 -0.000384 0.000171 0.194500 0.176599 0.000345 0.000711 0.008545 0.070851 0.025113 0.000566 -0.056586 -0.007394 0.000825 0.274142 0.084731 -0.284540 -0.001264
-9999.000000 -9999.000000 -9999.000000 -9999.000000 -0.000545 -0.020387 -0.000222 -0.000250 -0.022189 -0.019960 -0.033974 -0.021723 -0.048272 -0.015414 -0.005374 0.051597 0.042881 0.022522 0.005300 -0.003347 0.001360 -0.016291 0.039381 0.223649 0.242297 0.224342 0.193810 0.106201 0.380392 0.219672 0.146909 0.071369 0.163282 0.149088 0.047027 0.009028 0.001616 0.000729 0.379211 0.271092 0.018842 0.010948 -0.000351 0.183045 0.214056 0.000099 0.000700 0.002492 0.023341 0.005545 0.005257 -0.022166 -0.006046 -0.000453 0.367216 0.237129 -0.138115 -0.000749
-9999.000000 -9999.000000 -9999.000000 -9999.000000 -9999.000000 -0.019800 -0.008118 -0.001017 -0.028898 0.000820 0.001231 -0.008966 -0.023534 -0.012511 0.024704 0.051871 0.036497 0.016415 0.001005 0.001325 -0.001470 -0.006562 0.141952 0.149872 0.131411 0.154053 0.164030 0.082695 0.478404 0.314797 0.226347 0.023012 0.033591 0.026050 0.007425 -0.004065 -0.001929 -0.001123 0.321019 0.703534 0.057281 0.039632 0.067467 0.055069 0.294466 -0.000317 -0.000129 0.005171 0.004603 0.008020 0.000974 -0.008261 0.043727 0.031391 0.041639 0.681924 0.022955 -0.002344
-9999.000000 -9999.000000 -9999.000000 -9999.000000 -9999.000000 -9999.000000 -0.057158 -0.004362 -0.013028 0.000108 0.000684 0.000832 0.027252 0.160488 0.068529 0.064021 0.033046 0.008618 -0.014044 0.004689 0.005850 0.143870 0.147630 0.149742 0.129158 0.207112 0.268599 0.158099 0.393010 0.203728 0.144233 0.018625 0.018825 0.009508 0.013959 0.000307 -0.000958 -0.041077 0.469822 0.136550 0.032760 0.065313 0.106121 0.109728 0.135134 0.009730 0.035811 0.017347 0.019102 0.002043 -0.000222 0.432432 0.659884 0.070524 0.051595 0.087697 0.011635 0.246700
-9999.000000 -9999.000000 -9999.000000 -9999.000000 -9999.000000 -9999.000000 -0.014569 -0.001929 -0.002629 -0.000754 -0.001316 0.000644 0.016669 0.014661 0.178721 0.146982 0.034720 0.001807 -0.007367 0.039836 0.022765 0.148019 0.192407 0.185192 0.090501 0.763971 0.989326 0.709195 0.213136 0.097154 0.061260 0.065317 0.056933 0.034887 0.062697 0.016710 0.023604 0.120744 0.675432 0.057990 0.082449 0.118985 0.153850 0.157254 0.007553 0.000996 0.010205 0.011446 0.007605 0.000893 0.067132 0.289297 0.401941 0.168374 0.012040 0.000634 -0.001612 0.324435
-9999.000000 -9999.000000 -9999.000000 -9999.000000 -9999.000000 -9999.000000 -9999.000000 0.000000 0.000000 -0.020525 -0.005494 0.000045 0.003929 0.009630 0.010691 0.035135 0.003095 0.002304 0.035265 0.154444 0.004686 0.038453 0.023550 0.014564 0.002043 0.192550 0.921717 0.114594 0.015820 0.008529 0.009095 0.075571 0.058100 0.046427 0.037726 0.009950 0.018102 0.268077 0.179629 0.029953 0.038644 0.024985 0.251820 0.281221 -0.000013 -0.000298 0.000005 0.000172 0.000004 0.000000 0.065032 0.049799 0.021938 0.054878 0.044847 0.123453 0.622580 0.437064
-9999.000000 -9999.000000 -9999.000000 -9999.000000 -9999.000000 -9999.000000 -9999.000000 -9999.000000 -0.002314 -0.015461 -0.004579 -0.000237 0.000000 0.000000 0.000000 0.001034 0.006426 0.003380 0.053079 0.031900 0.010957 0.004084 0.001524 0.000081 0.001662 0.226851 0.828343 0.199508 0.002972 0.003284 0.004747 0.050528 0.037925 0.028470 0.009308 0.008103 0.008603 0.243266 0.019224 0.031708 0.032209 0.022544 0.150545 0.220756 0.132343 0.084157 -0.007280 -0.000488 -0.022542 -0.001692 0.032748 0.023526 0.000975 0.010323 0.138408 0.280959 0.950226 0.019875
-9999.000000 -9999.000000 -9999.000000 -9999.000000 -9999.000000 -9999.000000 -9999.000000 -9999.000000 -9999.000000 -0.018320 -0.008093 -0.007369 -0.010590 -0.003929 -0.006460 0.000085 0.004085 0.005507 0.054504 0.004955 0.001067 0.001422 -0.000341 0.020236 0.002083 0.920973 0.757751 0.046876 0.008255 0.010627 0.132783 0.018699 0.007319 0.000103 0.000222 0.000103 0.000082 0.115082 0.011054 0.017419 0.017279 0.015841 0.012003 0.007272 0.203952 0.045813 -0.331027 0.131801 0.088173 0.003396 0.076247 0.029006 0.002229 0.000681 0.258571 0.401185 0.410435 0.014343
-9999.000000 -9999.000000 -9999.000000 -9999.000000 -9999.000000 -9999.000000 -9999.000000 -9999.000000 -9999.000000 -0.010727 -0.012171 -0.010480 -0.017898 -0.010954 -0.073078 -0.000740 0.002867 0.009094 0.014401 0.002840 0.000573 0.001470 0.030713 0.030682 0.183481 1.284878 0.362740 0.033483 0.015090 0.028057 0.032602 0.034613 0.022369 -0.000103 -0.000222 -0.000103 -0.000082 0.164448 0.001129 0.000992 0.000039 0.000001 0.000252 0.000033 0.006476 0.124307 0.086197 0.371193 0.196007 0.009980 0.020018 0.010042 0.001944 -0.000119 0.364649 0.354593 0.134494 0.005980
-9999.000000 -9999.000000 -9999.000000 -9999.000000 -9999.000000 -9999.000000 -9999.000000 -9999.000000 -9999.000000 -9999.000000 -0.008641 0.003663 -0.198023 -0.234854 -0.019073 -0.000258 0.002075 0.009373 0.000441 0.000483 0.000863 0.007866 0.117448 0.091330 0.375411 0.349003 0.087605 0.020836 0.036138 0.057355 0.052094 0.140086 0.043883 0.042890 0.001043 0.001758 0.009366 0.228858 0.001734 -0.000068 0.217645 0.195332 0.043003 -0.050952 -0.000003 0.019334 0.030705 0.130140 0.327648 0.014142 0.004367 0.019848 0.000691 0.238583 0.467605 0.493387 0.001427 -0.000003
-9999.000000 -9999.000000 -9999.000000 -9999.000000 -9999.000000 -9999.000000 -9999.000000 -9999.000000 -9999.000000 -9999.000000 -9999.000000 0.000000 -0.103435 -0.111108 -0.005526 -0.001668 -0.001625 0.006767 0.000549 0.000575 0.000368 0.058555 0.103106 0.034454 0.350142 0.037400 0.071181 0.043168 0.055727 0.106393 0.218829 0.181487 0.087630 0.121099 0.008556 0.024552 0.070613 0.091320 0.003553 -0.000545 0.297278 0.270361 0.291158 -0.039850 0.035737 0.003856 0.020521 0.018682 0.186526 0.030460 0.015546 0.051912 0.562169 0.372631 0.462801 0.489647 0.004148 0.042786
-9999.000000 -9999.000000 -9999.000000 -9999.000000 -9999.000000 -9999.000000 -9999.000000 -9999.000000 -9999.000000 -9999.000000 -9999.000000 -9999.000000 -0.056923 -0.059662 0.144398 -0.002371 -0.004254 0.000544 0.000103 0.000216 0.000425 0.036586 0.044851 0.027065 0.193046 0.026117 0.035306 0.034938 0.067843 1.580976 0.340551 0.179784 0.074404 0.010791 0.005094 0.010791 0.020961 0.024330 0.005961 0.385030 0.394414 0.232237 0.550405 0.056292 0.353933 0.004525 0.003831 0.040277 0.076354 0.078075 0.028836 0.027743 0.180403 0.111133 0.478862 0.570540 1.208688 0.096570
-9999.000000 -9999.000000 -9999.000000 -9999.000000 -9999.000000 -9999.000000 -9999.000000 -9999.000000 -9999.000000 -9999.000000 -9999.000000 -9999.000000 -9999.000000 0.000000 0.084429 0.103512 0.000179 -0.000304 -0.000604 -0.001790 -0.000105 0.009079 0.004632 0.055540 0.042728 0.052524 0.062148 0.080705 0.064151 0.225503 0.566789 0.114987 0.005626 0.000085 0.000000 0.000085 0.008099 0.000624 0.000406 0.173176 0.194874 0.065818 0.517608 0.223247 0.496188 0.011826 0.013985 0.019736 0.112647 0.108419 0.018561 0.007272 0.129519 0.131545 0.141948 0.154403 0.322831 0.221207
-9999.000000 -9999.000000 -9999.000000 -9999.000000 -9999.000000 -9999.000000 -9999.000000 -9999.000000 -9999.000000 -9999.000000 -9999.000000 -9999.000000 -9999.000000 -9999.000000 0.000000 0.022324 0.004392 -0.000573 -0.014195 -0.002399 -0.006142 0.009420 0.007790 0.100844 0.082071 0.093972 0.076754 0.114554 0.119762 0.132710 0.139704 0.022675 0.000071 -0.000634 -0.009444 -0.000634 0.000533 0.001037 0.000369 0.290709 0.315231 0.089766 0.066489 0.568430 0.542460 0.028897 0.033821 0.049640 0.050053 0.044598 0.049952 0.012342 0.018718 0.197372 0.210811 0.316114 0.162570 0.090992
-9999.000000 -9999.000000 -9999.000000 -9999.000000 -9999.000000 -9999.000000 -9999.000000 -9999.000000 -9999.000000 -9999.000000 -9999.000000 -9999.000000 -9999.000000 -9999.000000 -9999.000000 0.000000 0.000000 -0.000317 -0.027682 -0.010097 -0.005357 0.007654 0.009051 0.029500 0.004935 0.019435 0.129928 0.178711 0.135820 0.167390 0.057507 0.090891 -0.000976 -0.012253 -0.029529 -0.004103 0.001456 0.001515 0.000038 0.343850 0.388418 0.003675 0.009095 0.142897 0.159493 0.036852 0.061136 0.073580 0.078378 0.062059 0.072013 0.001141 0.001148 0.141880 0.272842 1.053597 0.189318 0.000439
-9999.000000 -9999.000000 -9999.000000 -9999.000000 -9999.000000 -9999.000000 -9999.000000 -9999.000000 -9999.000000 -9999.000000 -9999.000000 -9999.000000 -9999.000000 -9999.000000 -9999.000000 -9999.000000 -9999.000000 -9999.000000 -9999.000000 -9999.000000 0.000000 0.000002 0.000066 0.000486 0.001067 0.009626 0.031183 0.049743 0.054193 0.069672 0.082354 0.102656 0.018283 -0.047100 -0.075718 -0.000869 0.000417 0.000247 0.000062 0.327583 0.379458 0.005458 0.020189 0.034468 0.047297 0.062869 0.078542 0.091926 0.095341 0.053293 0.076580 0.001664 0.001691 0.077362 0.135524 1.126681 0.133000 -0.000259
-9999.000000 -9999.000000 -9999.000000 -9999.000000 -9999.000000 -9999.000000 -9999.000000 -9999.000000 -9999.000000 -9999.000000 -9999.000000 -9999.000000 -9999.000000 -9999.000000 -9999.000000 -9999.000000 -9999.000000 -9999.000000 -9999.000000 -9999.000000 -9999.000000 -9999.000000 -9999.000000 -0.000248 0.000454 0.000321 0.001131 0.000808 0.055133 0.081037 0.076712 0.152783 0.050063 0.073264 0.057644 0.000093 0.000443 0.000292 0.001383 0.797348 0.370357 0.001419 0.019263 0.044113 0.057011 0.056753 0.129617 0.309690 0.115201 0.036545 0.128124 0.002448 0.002638 0.001370 0.018271 1.190543 0.096703 0.002304
-9999.000000 -9999.000000 -9999.000000 -9999.000000 -9999.000000 -9999.000000 -9999.000000 -9999.000000 -9999.000000 -9999.000000 -9999.000000 -9999.000000 -9999.000000 -9999.000000 -9999.000000 -9999.000000 -9999.000000 -9999.000000 -9999.000000 -9999.000000 -9999.000000 -9999.000000 -9999.000000 -9999.000000 -0.001032 -0.000457 -0.001177 -0.000027 0.026771 0.129708 0.008077 0.020003 0.030979 0.176298 0.168754 0.000574 0.000703 0.000561 0.021269 0.305126 0.362242 0.453284 0.020507 0.046691 0.056882 0.052631 0.098722 0.373190 0.775825 0.039711 0.011285 0.002190 0.001936 0.002184 0.088133 1.115292 0.154980 0.025956
-9999.000000 -9999.000000 -9999.000000 -9999.000000 -9999.000000 -9999.000000 -9999.000000 -9999.000000 -9999.000000 -9999.000000 -9999.000000 -9999.000000 -9999.000000 -9999.000000 -9999.000000 -9999.000000 -9999.000000 -9999.000000 -9999.000000 -9999.000000 -9999.000000 -9999.000000 -9999.000000 -9999.000000 -0.000716 -0.007131 -0.042615 -0.000668 0.002466 0.018830 0.030978 0.001272 0.080917 0.045539 0.030847 0.000710 0.001012 0.001099 0.028057 0.007524 0.466060 0.080226 0.016843 0.022370 0.021645 0.017369 0.009738 0.186202 0.263512 0.091118 0.002655 0.005913 0.002517 0.026349 0.208916 1.317832 0.005169 0.009624
-9999.000000 -9999.000000 -9999.000000 -9999.000000 -9999.000000 -9999.000000 -9999.000000 -9999.000000 -9999.000000 -9999.000000 -9999.000000 -9999.000000 -9999.000000 -9999.000000 -9999.000000 -9999.000000 -9999.000000 -9999.000000 -9999.000000 -9999.000000 -9999.000000 -9999.000000 -9999.000000 -9999.000000 -9999.000000 0.015371 0.057403 0.046030 0.000914 0.002118 0.018336 0.003291 0.112344 -0.000000 -0.000015 -0.000355 -0.000540 0.000229 0.013463 0.013915 0.292396 0.039474 0.039288 0.039449 0.036018 0.028989 0.018591 0.004801 0.310081 0.003994 0.005059 0.009923 0.004384 0.014768 0.341495 0.883411 0.000062 0.000143
-9999.000000 -9999.000000 -9999.000000 -9999.000000 -9999.000000 -9999.000000 -9999.000000 -9999.000000 -9999.000000 -9999.000000 -9999.000000 -9999.000000 -9999.000000 -9999.000000 -9999.000000 -9999.000000 -9999.000000 -9999.000000 -9999.000000 -9999.000000 -9999.000000 -9999.000000 -9999.000000 -9999.000000 -9999.000000 0.003663 0.329386 0.140761 0.000809 0.001460 0.004691 0.012933 0.156462 0.029587 0.060968 -0.053409 -0.001164 -0.000511 0.006099 0.011860 0.213744 0.006600 0.088223 0.080263 0.073493 0.062380 0.045367 0.008539 0.255102 0.010269 0.010046 0.017390 0.004899 0.001246 0.000676 1.185041 -0.000064 -0.000160
-9999.000000 -9999.000000 -9999.000000 -9999.000000 -9999.000000 -9999.000000 -9999.000000 -9999.000000 -9999.000000 -9999.000000 -9999.000000 -9999.000000 -9999.000000 -9999.000000 -9999.000000 -9999.000000 -9999.000000 -9999.000000 -9999.000000 -9999.000000 -9999.000000 -9999.000000 -9999.000000 -9999.000000 -9999.000000 0.000000 0.008165 0.056015 0.000829 0.000360 0.000518 0.007465 0.007706 0.118603 0.149087 -0.031319 -0.034945 -0.017112 0.013374 0.042915 0.130574 0.003642 0.060482 0.033398 0.028555 0.022040 0.011693 0.024398 0.235659 0.023303 0.021775 0.027856 0.000222 0.000194 0.000328 0.788223 0.011012 -0.000126
-9999.000000 -9999.000000 -9999.000000 -9999.000000 -9999.000000 -9999.000000 -9999.000000 -9999.000000 -9999.000000 -9999.000000 -9999.000000 -9999.000000 -9999.000000 -9999.000000 -9999.000000 -9999.000000 -9999.000000 -9999.000000 -9999.000000 -9999.000000 -9999.000000 -9999.000000 -9999.000000 -9999.000000 -9999.000000 -9999.000000 0.000000 0.003622 0.001749 0.000219 0.000236 0.000007 0.003867 0.060510 0.038853 0.003065 -0.042922 -0.020223 0.077900 0.015502 0.032338 0.008573 0.026722 0.013576 0.007449 0.004274 0.001413 0.010842 0.063421 0.041793 0.049475 0.038380 -0.000222 0.000013 0.000610 0.940017 0.000429 0.000486
-9999.000000 -9999.000000 -9999.000000 -9999.000000 -9999.000000 -9999.000000 -9999.000000 -9999.000000 -9999.000000 -9999.000000 -9999.000000 -9999.000000 -9999.000000 -9999.000000 -9999.000000 -9999.000000 -9999.000000 -9999.000000 -9999.000000 -9999.000000 -9999.000000 -9999.000000 -9999.000000 -9999.000000 -9999.000000 -9999.000000 -0.000530 -0.002808 -0.000493 0.000076 -0.000422 0.001976 0.009396 0.027654 0.013499 0.001380 -0.010627 -0.041269 0.068869 0.016505 0.000587 0.001858 0.002198 0.039959 0.009872 0.003393 -0.000005 0.000211 0.000598 0.000347 0.096196 0.050452 -0.036809 -0.003844 0.001932 0.951038 0.000565 -0.000088
-9999.000000 -9999.000000 -9999.000000 -9999.000000 -9999.000000 -9999.000000 -9999.000000 -9999.000000 -9999.000000 -9999.000000 -9999.000000 -9999.000000 -9999.000000 -9999.000000 -9999.000000 -9999.000000 -9999.000000 -9999.000000 -9999.000000 -9999.000000 -9999.000000 -9999.000000 -9999.000000 -9999.000000 -9999.000000 -9999.000000 -9999.000000 -0.005074 -0.000351 -0.000043 -0.000415 0.003288 -0.004102 0.000360 0.000360 -0.000052 0.016307 -0.051421 0.002903 0.023560 -0.000258 0.000302 0.003359 0.008394 0.008586 0.001147 -0.046880 -0.000976 -0.000931 -0.000422 0.154288 0.074584 0.008808 0.036059 0.350496 0.891629 0.969299 0.015986
