use_cases/Flooding_chicago/flooding_data/output/hUy_2100.asc
ncols 337
nrows 393
xllcorner 428428.000000
yllcorner 4602440.000000
cellsize 26.757400
NODATA_value -9999.000000
[rows 182 to 207 of 393, columns 232 to 289 of 337]
0.017822 1.532323 -0.247212 0.308128 -1.013910 -2.464299 -3.858291 -0.148016 -0.011346 -0.007867 -0.002527 -0.000275 -0.000247 -0.000331 -0.000006 -0.002971 0.679894 0.691037 -0.065305 -0.137817 0.561452 0.486517 0.199006 0.062328 -0.192519 -0.001234 -0.002078 1.409742 1.023607 0.971954 0.966355 1.098266 0.824361 0.373379 0.255763 0.226772 0.044433 -0.100545 -0.273898 0.794933 2.501477 3.705306 3.826469 3.454761 2.955973 2.778093 1.696076 2.275488 1.272702 0.013276 0.231101 0.030394 -0.082233 0.013251 -0.040305 0.227127 -9999.000000 -9999.000000
0.008593 0.029664 0.068229 0.078338 0.055391 -1.431419 -5.811083 -1.661962 -0.119817 -0.062432 -0.040897 -0.008483 -0.000554 -0.006855 -0.009023 1.005538 1.456898 0.717479 -0.052294 -0.173827 0.389040 0.227402 -0.024571 -0.161346 -0.240578 -0.136973 1.287412 1.535796 1.052016 0.837108 0.894598 0.929279 0.409741 0.089477 0.000050 -0.009824 -0.004004 0.011070 -0.353583 0.903159 2.341911 3.360092 3.822241 4.549479 3.369287 3.286863 2.063589 1.756752 0.669875 -0.191147 0.019635 0.023975 0.187026 -0.109853 -0.339669 0.293498 -9999.000000 -9999.000000
0.001088 0.024747 0.017758 0.047305 0.016808 0.061473 -3.038254 -2.939245 -2.095397 -0.800793 -0.666002 -1.064131 -0.012633 -0.024926 0.066877 1.800789 1.565085 0.576103 0.103123 -0.105757 0.005556 0.097086 -0.077351 -0.154843 -0.293593 0.813927 1.663815 1.583647 0.995112 0.655069 1.066035 0.741326 -0.101668 -0.288986 -0.396354 -0.583795 -0.031584 -0.002971 0.004230 1.228994 2.469546 3.482190 4.455142 4.669144 3.720657 3.952998 0.239864 0.132208 0.422707 -0.011109 0.044205 0.022220 0.516643 -0.066627 -0.253375 0.463795 0.011553 -9999.000000
0.000772 0.005483 0.008680 0.019567 0.004386 0.016104 -0.037995 -2.353304 -1.777150 -1.063180 -0.541118 -1.180355 -0.411577 -0.358044 0.593259 1.571452 1.299755 0.390529 -0.040670 -0.082224 -0.082772 -0.090234 -0.072303 -0.008247 1.489653 3.024119 2.213187 2.347708 0.647283 0.349551 0.379599 0.173623 -0.281399 -1.360034 -1.249319 -1.366223 -0.624877 -0.006809 0.006864 1.783738 3.075765 3.971855 5.053103 5.305089 4.100676 2.452465 0.001760 0.006898 0.048689 0.053664 0.007027 0.007099 0.075375 0.042619 0.053387 0.032217 0.005306 -9999.000000
0.000003 0.000222 0.000103 0.000473 0.003048 0.001666 0.000359 -0.529260 -0.610601 -0.629098 -0.270313 -0.752567 -0.397258 -0.344975 1.191288 1.296685 0.934871 -0.123590 -0.944370 -0.175260 -0.145541 -0.085689 -0.000192 0.543682 4.370281 4.637436 1.094484 1.520263 0.298254 0.154455 0.013931 -0.010500 -0.226790 -1.221768 -0.925836 -0.960465 -0.458370 0.131566 0.692682 1.738634 2.170677 3.186485 5.184130 4.164123 2.690072 2.202874 0.041614 0.000000 0.000945 0.001689 0.000000 0.000000 0.041908 0.000610 0.008881 0.001251 0.001213 0.000734
-0.007289 -0.000222 -0.000103 0.000877 0.004668 -0.000074 -0.000224 -0.136511 -0.289615 0.122781 0.175302 0.192892 0.018936 0.083352 0.859239 1.166469 0.428401 -0.552083 -1.445064 -0.868748 -0.186585 -0.110288 0.745332 2.378252 4.241651 1.344362 0.051570 0.055926 0.025138 0.171777 0.025164 -0.002389 0.072271 -0.860356 -0.511651 -0.450216 0.156854 0.826690 1.393872 1.399588 1.761888 2.869760 4.714774 3.719688 3.146969 1.766931 0.248477 0.098173 -0.103806 0.004155 -0.013491 -0.023106 0.001067 -0.000083 0.000000 -0.000872 -0.000032 0.000800
0.250708 -0.008865 -0.002534 0.001492 0.030174 0.028709 0.004586 0.138537 -0.218756 0.357305 0.409573 0.211237 0.470827 0.722433 1.050359 1.117047 0.650088 -0.531247 -1.540669 -1.680820 -0.817525 0.950755 1.842516 2.922762 1.730025 0.000593 0.000326 0.007204 0.006471 0.008248 0.022175 0.000000 0.000000 -0.322551 0.332722 0.258071 0.920468 1.047099 1.094948 1.209940 1.456655 2.935548 4.620921 4.586462 2.732654 1.603272 0.236410 0.073202 -0.082626 0.150970 -0.038424 -0.160226 0.115270 -0.010526 -0.003663 -0.054461 -0.001220 0.000977
0.383528 0.000951 0.000993 0.003184 0.015639 0.024109 0.043760 0.065309 -0.161423 1.515148 1.348928 0.350036 0.649425 0.788511 0.485760 0.523486 1.368208 -0.132456 -1.241693 -1.255157 -0.426818 0.959412 1.337008 1.316516 1.129313 -0.081719 -0.000208 -0.000003 0.000156 0.000162 0.000004 -0.012054 -0.034215 0.290787 0.886375 1.378225 1.227995 0.946048 1.299800 1.341199 1.452947 1.981931 4.006252 3.239719 2.652767 0.827345 0.007024 0.120466 -0.084167 0.198987 0.143414 0.061037 0.125907 -0.470771 -0.017473 -0.219876 -0.000608 0.001371
0.014147 0.011264 0.003149 0.004089 0.001546 0.013956 0.016411 -0.127360 0.210151 1.813127 1.035179 0.167991 0.415963 0.685172 0.875571 0.828310 0.606813 0.546241 -0.724114 -1.162149 0.244394 0.757217 0.601672 0.750153 0.665191 -0.166718 -0.012934 -0.010762 -0.000773 -0.000048 0.040131 0.684686 0.460696 1.153132 1.479887 0.914413 0.845964 1.046959 1.542507 0.807008 0.800096 1.778911 2.215026 3.017163 2.910464 0.761297 0.003742 0.002265 0.008884 0.354803 0.267221 0.112107 0.002226 -0.371115 -0.087674 -0.071378 0.000576 0.001638
0.000980 0.000104 0.000222 0.000103 0.000108 0.000377 0.000198 0.157797 1.053864 2.121746 1.505805 -0.120163 0.254893 0.719738 1.285476 0.769624 1.404771 0.643849 -0.303827 -0.887492 0.062153 0.348283 0.184003 0.286592 0.197860 -0.182686 -0.158530 -0.233301 -0.000743 -0.000335 0.123954 0.975208 0.618719 1.342313 1.467342 1.079394 1.020441 1.093097 1.643855 0.739398 0.749066 1.718385 1.953866 2.654986 2.308454 0.979716 -0.000666 -0.002914 0.085814 0.331106 0.430785 0.070957 -0.145118 -0.312230 -0.084277 0.000468 -0.000038 -0.000631
0.004797 -0.000133 -0.000222 -0.000103 -0.000559 -0.000648 -0.000232 0.772215 1.560477 1.835521 1.130097 -0.077653 0.123670 0.895184 1.270366 0.593673 1.076346 0.021639 0.541305 -0.178304 0.324902 0.437809 -0.068359 -0.044174 -0.022510 -0.159149 -0.103739 -0.134593 -0.110549 -0.030832 0.995674 1.271932 0.886960 1.717603 1.206499 1.153124 0.899216 0.947883 1.265481 0.764343 0.783126 1.830906 1.783779 2.407551 1.955154 0.762689 -0.062924 -0.165612 0.366037 0.361859 0.349277 -0.014442 -0.343488 -0.364036 -0.110664 -0.002871 -0.029490 -0.002028
0.011706 -0.053068 -0.006824 -0.019295 0.023887 0.554989 0.617401 1.315412 2.115829 0.885868 1.222445 0.704582 0.595487 0.850693 1.161601 0.044673 0.014150 0.004488 0.007735 0.004545 0.000326 0.006681 -0.050541 0.055475 0.060276 -0.160422 0.000000 -0.114404 -0.299905 0.347542 1.748548 1.861359 1.020913 1.118929 1.506686 1.029057 1.200248 1.104301 1.168682 1.410935 1.404983 1.767472 2.523912 2.083958 1.824800 0.359627 0.112403 -0.034527 0.356279 0.444275 0.202536 -0.085379 -0.496981 -0.608941 -0.283973 -0.120385 -0.640730 -0.498969
0.433144 0.257913 0.532959 0.626389 0.596945 0.594352 0.935735 1.120603 1.340333 0.823220 1.487611 0.146428 0.146994 0.070964 0.057383 0.027240 0.000360 0.000360 0.000130 -0.001086 -0.000208 -0.000003 0.005613 0.002415 0.000122 -0.097576 -0.084535 -0.030130 0.751489 0.958020 2.431537 2.077640 1.370130 0.982481 1.117536 1.395222 1.526876 1.270078 1.418215 1.844250 1.434600 1.673992 3.084085 2.041448 1.487549 0.231193 0.205581 -0.140108 0.238744 0.384778 0.357815 0.040079 -0.308320 -0.548502 -0.094540 0.045435 -0.815938 -0.419578
1.323629 1.332493 1.065796 1.125172 0.975541 0.600463 0.605380 0.600920 0.338971 0.699374 0.519453 0.119270 0.091153 0.010689 0.018465 0.020482 -0.000360 -0.000360 -0.000130 -0.003725 -0.034427 -0.039755 0.004155 0.001970 -0.030151 0.212646 0.176907 1.002398 1.673161 1.263234 2.693885 1.366057 0.648599 0.870072 1.083130 1.102800 0.873020 1.400370 2.012563 1.914120 1.693288 1.947124 2.850327 0.961027 0.304239 0.423227 0.310628 -0.293469 0.095178 0.011702 0.003984 0.383423 0.141121 -0.108554 0.179253 0.312080 0.290779 0.188636
2.440034 1.828717 1.091960 1.179538 0.625338 0.014011 0.013291 0.010838 0.012601 0.182623 0.196724 0.295303 0.023162 0.000000 0.000000 0.000278 -0.001199 -0.014152 -0.002001 0.042550 -0.271167 0.613941 0.199991 0.817489 1.138360 2.072839 1.603222 1.406896 1.429760 1.271075 1.688409 0.177317 0.114387 1.005100 1.135132 1.060247 0.857240 2.352806 2.296348 1.567299 1.829399 1.222060 1.214877 0.076937 0.238257 0.425655 0.406280 -0.280866 0.001090 0.000208 0.000003 0.708382 0.637261 0.263931 0.434184 0.512049 0.632409 0.685242
2.366202 1.303426 0.651080 0.019475 0.008919 0.000391 0.000175 0.000068 0.000088 0.055558 0.073410 0.232568 0.018882 -0.001191 -0.003726 -0.000452 -0.001093 -0.030852 -0.004646 0.138007 1.148770 1.914519 0.749891 1.565127 1.343720 1.855211 1.222533 0.454073 0.289558 0.088350 0.026439 -0.036947 0.106138 2.150746 1.844090 1.516264 1.155718 2.167778 1.963187 1.419896 0.853410 1.021051 0.978331 0.084704 0.063987 0.290991 0.454652 -0.130477 0.004400 -0.000326 -0.005982 1.637737 0.582768 0.648341 0.883671 0.699406 0.868074 0.600585
1.992556 0.618716 0.000486 0.000323 0.000418 -0.000121 -0.000142 -0.000065 -0.000086 0.113946 0.132293 0.081304 0.033529 0.000682 -0.003041 -0.015176 -0.039526 -0.011654 -0.030718 1.794519 1.749468 2.202367 1.772847 1.743477 1.156188 1.955741 0.650163 0.016142 0.001287 -0.029509 -0.018459 -0.101139 1.127463 2.830987 1.796275 1.669204 1.160806 1.816951 1.592927 0.988761 0.619396 0.829121 0.787642 0.100051 0.113208 0.394901 0.014633 0.000904 0.011084 -0.000123 -0.057080 1.674230 0.571571 1.053411 1.087987 0.696915 0.710459 0.307549
0.879271 0.178996 0.000068 -0.000405 -0.000586 -0.008838 -0.005341 -0.009894 -0.023773 0.358240 0.214985 0.084200 0.025694 -0.026513 -0.052056 -0.071937 0.191356 0.324003 0.727871 1.876127 1.019643 1.090408 0.515392 0.233565 1.285237 1.394282 0.789314 0.016252 0.008919 -0.038365 -0.037908 -0.139261 1.648665 3.430924 3.071454 2.191649 1.245356 1.495526 0.873236 0.619932 0.492850 0.617041 0.575709 0.379988 0.682924 0.064930 0.000347 0.000742 0.000347 0.006725 0.836569 1.928159 1.060077 1.190250 0.758749 0.494990 0.253166 -0.028885
0.588619 0.120667 -0.000894 -0.007010 -0.008057 -0.014782 -0.203455 -0.167172 0.262752 0.477688 0.107989 0.065678 0.000000 -0.015392 -0.110413 -0.022546 0.476330 0.584954 1.106442 0.695294 1.243318 1.374364 0.000360 0.000360 0.458436 1.934355 0.116568 0.023420 0.049391 0.068290 0.042544 0.059764 2.003530 4.745797 3.615089 2.256496 0.390740 0.490345 0.327862 0.355190 0.275892 0.763583 0.768912 0.475440 1.144337 0.097172 -0.000439 -0.001073 -0.000439 0.031947 1.440237 2.339266 1.143119 1.176687 0.287057 0.194761 0.073834 -0.112223
0.616415 0.256855 0.198527 -0.160963 -0.014845 -0.003334 0.255535 0.098632 0.290650 0.285229 0.082845 0.102895 0.006915 0.004385 -0.019508 -0.001864 0.698782 0.890882 0.147624 1.258073 0.581492 0.817740 -0.000360 -0.000360 0.663990 1.129370 0.012927 0.008916 0.020356 0.029290 0.018014 0.131559 3.334263 4.906395 3.542127 2.491941 0.140688 0.225109 0.018538 0.176467 0.230554 0.378163 0.448764 0.444080 1.322379 0.849562 0.180116 0.160444 0.097851 1.139185 2.310020 2.860304 0.807363 0.858734 0.285870 0.009089 0.479664 -0.169443
0.018576 0.018230 0.025380 -0.040603 -0.120764 -0.025080 0.435529 0.102720 0.302272 0.308173 0.013073 0.007052 -0.012609 -0.000914 0.001416 0.002238 0.405788 0.399735 0.392358 1.557274 0.031196 0.914380 0.590140 0.546126 0.303399 0.870251 0.023819 0.012793 0.004417 0.002722 0.000179 0.110694 3.241318 3.598027 3.248501 0.548436 0.067734 0.024384 0.024121 0.051268 0.179569 0.142711 0.255505 0.430169 1.257111 1.289795 1.237809 0.677644 0.691452 1.237249 1.545759 1.591307 0.108461 0.072467 0.030536 0.022994 0.028461 0.005363
0.001130 0.007625 0.012741 0.005766 -0.049076 -0.000949 0.456331 0.133864 0.013274 0.023446 0.006420 0.000764 -0.022790 -0.041203 -0.004383 0.004179 0.609570 0.576314 2.274710 1.663419 0.680663 0.725630 0.610096 0.685842 0.310302 0.432383 -0.388009 -0.012262 -0.001440 -0.000823 0.043929 1.561382 3.796751 4.193170 1.665857 0.348440 0.134577 0.000708 0.103352 0.182467 0.195373 0.005268 0.008316 0.089601 0.968274 1.442910 1.293202 1.052045 1.012026 1.271281 1.269904 1.158286 0.094082 0.000000 0.040048 0.025077 0.000904 0.006616
-0.000994 0.000000 0.000065 0.000065 -0.013791 0.018762 0.089835 0.001085 0.000990 0.000991 0.000000 0.000025 -0.004786 -0.570102 0.068493 0.316064 0.679057 1.563279 2.194005 0.321438 0.514377 0.475832 0.539421 0.714757 0.002284 0.167237 -0.521382 -0.016984 -0.005533 0.208947 0.838510 1.707710 2.949690 2.273503 1.877384 0.589219 0.132925 0.001467 0.032233 0.021805 0.049558 0.009993 0.000765 0.000591 0.328199 1.601114 1.774867 1.422784 1.350695 1.354907 1.062307 0.885458 0.046870 -0.017772 0.010768 0.000347 0.000742 0.000347
-0.009921 -0.005378 -0.000556 -0.000124 -0.000267 0.002542 0.000234 -0.000186 -0.001032 -0.001271 -0.011136 -0.000950 0.000370 0.010523 0.395203 1.118267 1.339107 1.469172 1.573720 0.001135 0.291318 0.537354 0.434114 0.409596 0.002424 -0.018333 -0.379932 -0.009596 -0.003593 0.115752 1.095018 2.005266 3.301770 1.015799 0.986078 1.007854 0.000826 0.001080 0.009003 0.001516 0.020699 0.001938 0.000440 0.000806 0.535804 0.581983 2.160762 1.645895 1.592102 1.497921 1.007843 0.155678 0.025674 -0.041382 -0.039612 -0.000439 -0.001073 -0.000439
-0.016838 -0.014452 -0.004645 -0.000679 0.001697 -0.040331 -0.000524 -0.001162 -0.021203 -0.017783 -0.028092 -0.010268 -0.000633 0.055602 0.891311 1.052451 1.549098 0.600070 1.030806 0.322894 0.411686 0.303570 0.567446 0.444265 0.154838 -0.032722 -0.201761 -0.140874 -0.108305 0.066494 0.481307 0.879608 3.114566 1.159456 1.130766 1.119285 0.000660 0.000072 0.000222 0.000374 0.000020 -0.000917 -0.000658 0.000626 0.655798 0.729150 2.500910 1.912330 1.787842 1.775537 0.001178 0.000939 0.000421 -0.043745 -0.037505 -0.044063 -0.035239 -0.007656
0.003298 -0.003732 -0.021114 -0.002231 -0.000127 -0.047790 -0.014659 -0.004846 -0.081134 -0.056962 -0.056985 -0.031958 -0.002274 0.177376 1.302509 1.299685 0.995735 0.490026 1.271435 0.400760 0.356299 0.330749 0.329858 0.318448 0.236432 0.194169 -0.072802 -0.144325 -0.157786 -0.076818 0.341402 0.684627 2.566977 1.893538 1.049608 1.083197 0.001926 -0.000271 -0.000222 -0.000423 -0.005964 -0.013794 0.332862 0.118635 1.157197 1.488303 2.392635 0.910497 2.102048 0.871653 0.000038 -0.000604 -0.000349 -0.015931 0.121220 -0.317812 -0.299185 -0.004887
