use_cases/Flooding_chicago/flooding_data/output/hUy_2880.asc
ncols 337
nrows 393
xllcorner 428428.000000
yllcorner 4602440.000000
cellsize 26.757400
NODATA_value -9999.000000
[rows 130 to 155 of 393, columns 58 to 115 of 337]
-9999.000000 -9999.000000 -9999.000000 -9999.000000 -9999.000000 -9999.000000 -9999.000000 -9999.000000 -9999.000000 -9999.000000 -9999.000000 -9999.000000 -9999.000000 -9999.000000 -9999.000000 -9999.000000 -9999.000000 -9999.000000 -9999.000000 -9999.000000 -9999.000000 -9999.000000 0.227533 0.432571 0.885424 0.485528 0.253949 0.851731 0.007385 0.002456 0.000000 0.000000 -9999.000000 -9999.000000 -9999.000000 -9999.000000 -9999.000000 -9999.000000 -9999.000000 -9999.000000 -9999.000000 -9999.000000 -9999.000000 -9999.000000 0.019247 0.009098 0.041060 0.013951 0.013247 0.002489 0.035509 0.074172 0.076804 -0.121786 -0.629168 -0.180219 -0.102326 -0.032311
-9999.000000 -9999.000000 -9999.000000 -9999.000000 -9999.000000 -9999.000000 -9999.000000 -9999.000000 -9999.000000 -9999.000000 -9999.000000 -9999.000000 -9999.000000 -9999.000000 -9999.000000 -9999.000000 -9999.000000 -9999.000000 -9999.000000 -9999.000000 -9999.000000 0.390489 0.171379 0.277466 0.845401 0.831701 0.002052 0.979583 0.340316 0.347000 -0.015653 -0.005284 -0.000082 -0.000002 0.001477 0.000545 0.420540 0.423239 0.002961 0.004938 0.058591 0.009835 0.000494 0.000648 0.035842 0.004433 0.017905 0.000346 0.000248 0.002860 0.059116 0.004155 0.001184 0.002845 -0.321288 -0.054761 -0.310165 -0.194273
-9999.000000 -9999.000000 -9999.000000 -9999.000000 -9999.000000 -9999.000000 -9999.000000 -9999.000000 -9999.000000 -9999.000000 -9999.000000 -9999.000000 -9999.000000 -9999.000000 -9999.000000 -9999.000000 -9999.000000 -9999.000000 -9999.000000 0.000000 0.757029 0.702901 0.001848 0.002998 0.977748 0.847499 0.413966 0.742978 0.459837 0.430199 -0.096409 -0.023352 -0.030234 -0.003090 -0.000781 -0.000356 0.547682 0.486774 0.005125 0.008905 0.024557 0.009223 0.000669 0.000684 0.005653 0.005189 0.000180 -0.000180 -0.000037 0.012333 0.013158 0.006271 0.000334 0.007035 -0.204092 0.076580 -0.283955 -0.329035
-9999.000000 -9999.000000 -9999.000000 -9999.000000 -9999.000000 -9999.000000 -9999.000000 -9999.000000 -9999.000000 -9999.000000 -9999.000000 -9999.000000 -9999.000000 -9999.000000 -9999.000000 -9999.000000 -9999.000000 -9999.000000 0.252970 0.622620 0.874431 0.794132 -0.000033 -0.127609 0.928358 0.906884 0.575640 1.148976 0.627304 0.537766 -0.023426 -0.003227 -0.075864 -0.000920 0.150096 0.250624 0.522823 0.416256 0.003766 0.002821 0.002612 0.000259 -0.000053 -0.000320 -0.001738 -0.004661 -0.000346 -0.014758 -0.001295 0.027066 0.015897 0.004650 0.000309 0.016234 0.049363 0.251335 -0.310548 -0.529197
-9999.000000 -9999.000000 -9999.000000 -9999.000000 -9999.000000 -9999.000000 -9999.000000 -9999.000000 -9999.000000 -9999.000000 -9999.000000 -9999.000000 -9999.000000 -9999.000000 -9999.000000 -9999.000000 -9999.000000 0.003531 0.028480 0.678051 1.248893 1.223817 -0.095237 -0.082302 0.575007 0.564095 0.475853 1.020342 1.397795 0.730846 0.012860 -0.003055 0.005207 0.003171 0.162478 0.324643 0.451297 0.000130 0.000360 0.000360 0.003991 -0.000156 -0.000703 -0.000758 -0.005401 -0.004683 -0.002362 -0.154590 -0.033773 0.103120 0.012897 0.004274 0.007734 0.088102 0.130417 0.560966 -0.345538 -0.633957
-9999.000000 -9999.000000 -9999.000000 -9999.000000 -9999.000000 -9999.000000 -9999.000000 -9999.000000 -9999.000000 -9999.000000 -9999.000000 -9999.000000 -9999.000000 -9999.000000 -9999.000000 -9999.000000 0.008614 0.009807 0.008590 0.074851 1.122855 0.993179 0.101710 0.059650 0.277815 0.487000 0.533277 1.107270 1.523722 1.586714 0.317247 -0.007477 0.014898 0.009816 0.224377 0.453385 0.417595 -0.000130 -0.000360 -0.000360 -0.011687 -0.001253 -0.012519 -0.009140 -0.038926 -0.028836 -0.002556 -0.234896 -0.048672 0.046479 0.006967 0.002481 0.016253 0.040895 0.020076 0.046463 -0.157663 -0.420198
-9999.000000 -9999.000000 -9999.000000 -9999.000000 -9999.000000 -9999.000000 -9999.000000 -9999.000000 -9999.000000 -9999.000000 -9999.000000 -9999.000000 -9999.000000 -9999.000000 -9999.000000 0.001804 0.014916 0.011655 0.031708 0.024435 0.035280 1.021493 0.359741 0.192942 0.030091 0.240065 0.337259 0.696981 1.604529 2.148891 0.544281 -0.232438 0.044439 0.033990 0.027274 0.537306 0.133002 0.106172 -0.010288 -0.022325 -0.011541 -0.022740 -0.043158 -0.063087 -0.034341 -0.029227 -0.001090 0.087183 -0.038524 -0.003119 0.002791 -0.003497 -0.000585 -0.000043 0.000882 0.022161 0.000065 -0.462821
-9999.000000 -9999.000000 -9999.000000 -9999.000000 -9999.000000 -9999.000000 -9999.000000 -9999.000000 -9999.000000 -9999.000000 -9999.000000 -9999.000000 -9999.000000 -9999.000000 0.001980 0.003723 0.002602 0.001856 0.010974 0.008504 0.001079 0.652624 0.844327 0.630452 -0.029772 0.171256 0.300924 0.722968 2.336980 2.164544 0.715244 -0.329823 0.012345 0.011013 0.009720 0.078182 0.525544 0.118904 -0.114595 -0.091032 0.066644 -0.346447 -0.341592 -0.357965 -0.018834 -0.023911 0.000993 0.000881 -0.019634 -0.019957 0.000340 -0.003012 0.045291 -0.131221 0.000982 0.007562 0.234652 -0.311022
0.001102 -9999.000000 -9999.000000 -9999.000000 -9999.000000 -9999.000000 -9999.000000 -9999.000000 -9999.000000 -9999.000000 -9999.000000 -9999.000000 0.003408 0.006548 0.003155 0.002631 -0.000361 -0.001061 0.000003 0.000208 0.000964 0.010548 0.780555 0.748304 -0.003885 0.175085 0.328849 0.794647 1.585193 2.509762 0.915814 -0.367394 0.000232 0.000340 0.000319 0.030484 0.459821 0.088661 -0.020611 0.087527 0.077468 -0.288644 -0.304075 -0.596394 -0.015211 -0.006330 0.001195 0.000667 -0.031240 -0.031983 0.000000 -0.000923 -0.031176 -0.113321 0.000107 0.000340 0.015626 -0.365462
0.000402 -9999.000000 -9999.000000 -9999.000000 -9999.000000 -9999.000000 -9999.000000 -9999.000000 -9999.000000 -9999.000000 -9999.000000 -9999.000000 0.004949 0.002923 0.004006 0.000261 -0.001836 -0.067857 -0.007010 -0.000326 0.000061 0.000001 0.113454 0.119386 0.000000 0.055463 0.055096 0.808331 1.540144 2.075432 0.882383 0.003990 -0.000000 0.000000 0.000042 0.000182 0.349916 0.070303 -0.093360 0.106385 -0.014739 -0.311049 -0.219744 -0.026656 0.000288 0.000289 -0.000152 -0.000376 -0.026466 -0.026502 -0.000340 -0.000583 -0.054765 -0.154397 -0.000217 0.000000 0.007112 0.013241
-0.000027 0.000000 -9999.000000 -9999.000000 -9999.000000 -9999.000000 -9999.000000 -9999.000000 -9999.000000 -9999.000000 -9999.000000 0.002280 0.001633 0.003705 0.003201 0.001354 -0.000042 -0.269440 -0.055229 -0.006850 -0.000637 -0.023982 0.113080 0.101226 0.038140 0.055989 0.062624 0.733171 1.383061 2.153673 0.937503 0.013459 -0.000232 -0.000340 -0.000320 -0.000057 0.230373 0.021970 -0.097908 0.113609 -0.078643 -0.214423 -0.110841 0.000286 -0.000655 -0.000505 -0.001470 -0.000901 -0.124295 -0.121132 -0.009657 -0.001697 0.000686 -0.219752 -0.000289 -0.000340 0.000059 0.000067
-0.007906 0.000277 -9999.000000 -9999.000000 -9999.000000 -9999.000000 -9999.000000 -9999.000000 -9999.000000 0.000000 0.115536 0.001369 0.001191 0.001074 0.000695 0.002518 0.000881 -0.127020 -0.297466 -0.015388 -0.009423 0.319634 0.087609 0.096504 0.041894 0.372205 0.325056 0.693695 1.249433 2.195522 1.022632 0.510894 -0.009200 -0.021917 -0.013390 -0.001414 0.131703 -0.025900 -0.079133 0.137904 -0.105177 -0.208329 -0.111512 0.000243 0.038488 -0.113641 -0.012974 -0.011577 -0.060130 -0.073609 -0.260725 -0.001670 -0.000111 -0.198372 -0.085356 -0.006486 -0.000633 -0.000132
-0.022924 0.000025 0.000360 0.000360 0.003880 0.002409 0.008150 0.023203 0.014127 0.229843 0.078043 0.001663 0.000376 -0.003013 -0.004299 0.000000 -0.000081 0.001539 -0.093275 -0.118746 -0.077050 0.300389 0.023700 0.082557 0.040237 0.494325 0.113282 0.115087 0.627062 2.468042 1.238801 0.394079 0.053410 0.066540 0.143949 0.137516 0.115023 -0.076386 -0.011996 0.226144 -0.070621 -0.145005 -0.058898 0.001137 0.091144 -0.108124 -0.011909 -0.073878 -0.008357 -0.039193 -0.316577 -0.001199 -0.000777 -0.141492 -0.077411 -0.084825 -0.020076 -0.026583
0.006030 -0.000252 -0.000360 -0.000360 0.001879 0.001743 0.000558 0.042273 0.029353 0.022874 0.114453 0.001997 -0.000915 -0.004243 -0.004759 -0.011623 -0.001334 0.009632 0.124531 0.461137 0.006030 0.305322 -0.028592 0.314934 0.042094 0.279685 0.000222 0.005341 0.025123 2.137988 1.195472 0.488910 0.154419 0.295543 0.305845 0.272403 0.279873 0.045229 0.130011 0.358468 0.017942 0.203624 0.113447 0.002123 0.019345 -0.089453 0.144266 -0.005522 -0.000275 -0.031136 -0.500082 -0.000991 -0.000906 -0.078725 -0.041454 0.149499 0.083164 0.180605
0.029809 -0.009767 -0.016941 -0.004488 -0.004415 -0.002341 -0.000633 0.054613 0.032300 0.001490 0.011481 0.002524 -0.001302 -0.011471 -0.023456 -0.138054 -0.000890 0.030323 0.226056 0.000121 0.000326 0.005982 0.043248 0.308225 0.012025 0.016784 -0.000222 0.021340 0.011970 1.034612 0.530967 0.230466 0.169876 0.418658 0.281754 0.289259 0.447782 0.456516 0.240161 0.473692 0.058521 0.132974 0.200397 0.000713 0.010412 0.006762 0.031419 0.010233 0.003003 0.000170 -0.402170 -0.113292 0.020164 -0.036322 0.020527 0.174537 0.122489 0.242793
0.040915 -0.088509 -0.182312 -0.159905 -0.003238 -0.002349 -0.114300 0.057462 -0.000001 -0.000013 0.000000 -0.001264 -0.001048 -0.005846 -0.027416 -0.057672 -0.114490 0.049650 0.048527 -0.000106 -0.000208 -0.000003 0.113060 0.162487 0.034414 0.000000 -0.063334 0.036810 0.594229 1.170143 0.063974 0.003176 0.005138 0.112591 0.175656 0.186335 0.093687 0.078304 0.149764 0.061564 0.023259 0.192679 0.261084 -0.000089 0.000000 0.000000 0.000082 0.016382 0.001541 0.360949 -0.083265 -0.086458 0.124106 0.030527 0.055833 -0.101882 0.006181 0.006546
0.039935 -0.013166 -0.091077 0.004244 0.004051 -0.129181 -0.049117 0.092137 -0.092776 -0.001475 -0.011307 -0.002829 -0.001658 -0.000076 -0.008793 -0.050400 -0.036088 0.045270 0.082580 -0.100266 -0.008824 -0.002483 0.000109 0.028972 0.238267 -0.087676 0.352263 0.696052 0.703244 0.886560 0.012203 0.004668 0.012537 0.005879 0.246574 0.290749 0.001784 0.000057 0.250182 0.003260 0.003397 0.034382 0.300099 0.048189 -0.007028 -0.008764 -0.000633 0.046479 0.227035 0.359873 0.000845 -0.079553 0.185140 0.002997 0.001024 -0.438294 0.000000 0.000000
0.000015 0.007387 -0.051089 0.016956 0.005037 -0.030481 -0.055897 0.064703 -0.012345 -0.009139 -0.220290 -0.111585 -0.114268 -0.113298 0.014193 -0.024505 0.012108 0.020931 0.047163 -0.031482 -0.191910 -0.001713 -0.000595 0.038457 0.368887 0.254524 0.706030 0.789590 0.344616 0.105329 0.000569 0.000012 0.018460 0.011631 0.215788 0.295374 0.212333 0.130668 0.217557 0.008178 0.006133 0.015763 0.097233 0.097795 -0.261606 -0.093864 0.089869 0.100527 0.250164 0.002445 0.001326 -0.041834 -0.002075 0.000980 -0.000064 -0.453908 -0.005877 -0.005878
-0.093883 0.011580 -0.049931 0.008402 0.019595 0.007441 -0.017077 0.056757 -0.000157 -0.003466 -0.155178 -0.033446 -0.050332 -0.063628 -0.000266 -0.027974 0.124436 0.015613 0.062218 -0.011152 -0.097185 -0.112228 -0.110341 0.050915 0.627238 0.404284 0.686531 0.718015 0.168619 0.010826 0.000746 0.005211 0.017532 0.013917 0.006603 0.228471 0.532611 0.134860 0.006447 0.013011 0.001998 0.003303 0.001552 0.127527 -0.042067 0.022362 0.097849 0.117254 0.000466 0.002592 0.000287 -0.025571 -0.007167 -0.002671 -0.054327 -0.251768 -0.157382 -0.292957
-0.054186 -0.014507 -0.015797 0.025726 0.021543 0.030543 0.007093 0.015924 0.004713 0.003248 -0.096795 -0.018026 -0.050194 -0.073987 -0.051000 -0.017222 0.000819 0.014013 0.057272 0.009279 -0.050489 -0.014625 0.005237 0.104395 0.660208 0.467936 0.369905 0.447245 0.024161 0.000402 0.001053 0.007792 0.012946 0.009756 0.002315 0.154300 0.677790 0.000981 0.003807 0.011908 0.003573 0.004800 0.001804 0.136351 0.030747 0.044016 0.157237 0.080776 0.000664 -0.001458 -0.000935 -0.018376 -0.007367 -0.022034 -0.035816 -0.199511 -0.182864 0.044490
-0.069604 -0.043717 0.007547 0.034260 0.017783 0.039726 0.033358 0.011255 0.005443 0.008117 -0.084887 -0.013632 -0.051636 -0.102191 -0.086635 -0.004738 0.001314 0.000584 0.081390 0.043207 -0.011010 0.031037 0.105783 0.206412 0.666239 0.484151 0.369229 0.047571 0.041468 -0.000085 0.000000 0.000328 0.000640 0.000354 -0.001957 0.000502 0.470245 -0.000902 -0.001223 0.001445 0.004297 0.004812 0.001293 0.137610 0.050782 0.059166 0.006470 0.001098 0.000232 -0.000888 -0.000250 -0.008821 -0.029178 -0.024180 -0.018115 -0.107393 0.010089 0.260577
-0.090863 -0.117331 -0.006566 0.037651 -0.001697 0.045499 0.019588 -0.023445 0.001714 0.005536 -0.051243 -0.016554 -0.088299 -0.115612 -0.089270 0.000116 0.000222 -0.000054 0.156690 0.080642 0.040832 0.065600 0.119978 0.136964 0.423614 0.387959 0.297620 0.147542 0.048604 -0.080730 -0.007554 -0.000876 -0.000888 -0.000412 -0.001418 -0.000843 0.382803 0.038332 0.000499 0.000437 0.000486 0.001031 0.000652 0.191292 0.144871 0.002609 0.000222 -0.000608 -0.000610 0.011438 0.002603 -0.028487 -0.024606 -0.016017 -0.131935 0.000000 0.052076 0.072145
-0.096907 -0.182526 -0.050855 0.018558 -0.033711 0.042187 0.002275 -0.031518 -0.024735 0.000961 -0.057172 -0.035824 -0.100116 -0.142174 -0.055822 -0.000117 -0.000222 -0.051377 0.223295 0.109235 0.073089 0.099475 0.097984 0.155107 0.380310 0.176428 0.218164 0.140473 0.144146 0.084045 -0.207008 -0.013775 -0.006472 0.000051 0.000639 -0.017080 0.402631 0.079699 0.005655 0.000194 -0.000256 0.000180 0.000856 0.055423 0.048346 0.009099 -0.000222 -0.001119 0.002291 0.015686 -0.000262 -0.016623 -0.029297 0.000870 -0.341216 -0.069659 -0.006123 0.024690
-0.112809 -0.236293 -0.054767 0.015664 -0.052741 0.021843 -0.003428 -0.032521 -0.051831 -0.031924 -0.090497 -0.042574 -0.112061 -0.169476 -0.020666 -0.099023 -0.004201 0.052546 0.241543 0.095468 0.079162 0.134078 0.077821 0.105098 0.170253 0.140127 0.178781 0.132456 0.187196 0.188352 -0.029675 0.168139 -0.002152 0.000416 0.000914 0.001106 0.059292 0.057922 0.019662 -0.000997 -0.005799 -0.000948 0.001031 0.026392 0.017571 0.002705 0.000735 0.001394 -0.001718 0.000666 -0.003495 -0.003748 0.026938 0.041450 -0.028062 -0.088874 -0.060638 -0.040021
-0.152861 -0.283914 -0.069017 0.014545 -0.064556 0.005353 0.002216 -0.011081 -0.016959 -0.007813 -0.074577 -0.035325 -0.093129 -0.174648 -0.067501 -0.103029 -0.221241 0.056887 0.240978 0.127614 0.084579 0.130254 0.056453 0.101155 0.105629 0.111415 0.022895 0.110680 0.098823 0.139632 0.075792 0.229895 -0.086936 -0.000353 -0.000627 0.000015 0.000737 0.082675 -0.000124 -0.002260 -0.005784 -0.007318 0.001194 0.000944 0.000040 0.001991 0.000646 0.000263 -0.004077 -0.001845 -0.005053 -0.000344 0.038638 0.032130 0.012099 -0.079948 -0.004894 -0.305118
-0.133225 -0.350215 -0.091206 -0.025335 -0.098572 0.008164 0.055214 0.006446 -0.000628 0.028509 -0.084963 -0.030591 -0.131509 -0.171270 -0.124220 -0.180392 -0.158913 0.107780 0.227712 0.128081 0.106776 0.143847 0.051022 0.107423 0.054579 0.086770 0.009492 -0.019853 0.129460 0.129894 0.087192 0.273420 0.036713 0.009829 -0.000475 -0.001091 0.000658 0.064388 0.005685 -0.043431 -0.021835 -0.002716 0.000222 -0.000016 -0.001299 -0.001363 -0.000511 -0.000204 0.000409 -0.000201 -0.003922 -0.008589 0.032003 0.040764 0.015636 -0.027314 0.146064 0.050763
