use_cases/Flooding_chicago/flooding_data/output/hUy_3000.asc
ncols 337
nrows 393
xllcorner 428428.000000
yllcorner 4602440.000000
cellsize 26.757400
NODATA_value -9999.000000
[rows 182 to 207 of 393, columns 116 to 173 of 337]
-0.000375 0.000285 1.453124 1.491350 0.737724 -0.008741 -0.006319 -0.000497 -0.000014 0.080314 1.438354 2.776194 1.465688 0.740812 0.509216 0.033041 0.082460 0.197622 0.091945 0.099190 0.113878 0.010005 -0.051681 -0.013504 -0.008873 -0.000518 -0.001196 -0.022568 -0.022189 -0.001359 -0.287228 -0.103938 0.000716 -0.000212 -0.000929 -0.005552 -0.000965 -0.000473 -0.001404 0.091017 0.031719 0.042528 0.036462 0.064308 0.004529 0.004188 0.002397 0.034160 -0.189116 -0.444880 -1.456105 -0.142853 0.000334 0.001111 0.001737 0.003443 0.000911 0.000215
-0.021504 -0.001007 1.354549 1.723937 0.674948 -0.032683 -0.012926 -0.006812 -0.058487 0.888874 1.612818 1.553519 0.118981 0.035190 0.001553 0.003389 0.013446 0.025272 0.164711 0.280823 0.313403 0.065650 0.021027 -0.017597 -0.020121 -0.011580 -0.005020 -0.035147 -0.027372 -0.149972 -0.270330 0.000448 -0.000182 -0.001414 -0.001644 -0.004516 -0.010008 -0.006792 -0.002247 0.053135 0.001091 0.094476 0.040413 0.004754 0.006866 0.000809 0.000717 0.000181 0.000286 -0.460277 -2.037088 -0.084347 -0.000117 0.001017 0.001354 0.002916 -0.001959 -0.001048
-0.375671 -0.188927 1.455231 1.414832 0.840450 -0.150451 -0.100024 -0.113368 0.025005 1.326330 2.075268 1.093050 0.506223 0.032190 0.002632 0.005561 0.044328 0.014466 0.036060 0.037733 0.055890 0.025177 0.028796 0.007817 -0.015649 -0.018726 -0.007528 -0.051389 -0.029721 -0.362342 -0.120617 -0.001119 -0.001520 -0.000921 -0.017214 -0.013930 -0.025911 -0.004142 -0.022102 0.000251 0.001796 0.018499 0.010100 0.004809 0.000609 0.000543 0.000079 -0.000124 -0.000104 -0.149818 -1.525578 -0.737136 -0.013470 0.000000 0.000000 0.000000 -0.004058 -0.001575
-0.215567 -0.015252 1.131763 1.122072 0.601611 -0.074674 -0.025857 -0.041825 0.052127 1.397814 1.735632 1.018664 0.806704 -0.054073 0.001809 0.002322 0.017485 0.003553 0.015626 0.005982 0.000326 0.035070 0.030920 0.017490 -0.001513 -0.017954 -0.009149 -0.106325 -0.142763 -0.216363 -0.163178 -0.060135 -0.011633 -0.009106 -0.037485 -0.026360 -0.052239 -0.048446 -0.018827 -0.000111 -0.000030 0.000000 0.001371 0.004082 0.000693 -0.000130 -0.000655 -0.010203 -0.000417 -0.059882 -1.399178 -0.796616 -0.138976 -0.007594 -0.018001 -0.018656 -0.002185 -0.023384
-0.063732 0.146282 0.979579 0.780550 0.409943 -0.064492 0.002198 -0.017283 0.254038 1.196478 1.996821 0.962758 1.085316 -0.020429 0.001102 0.002756 0.002125 0.002687 0.000082 -0.000003 -0.000208 0.013277 -0.088955 0.062987 0.016874 -0.004071 -0.014397 -0.154346 -0.206111 -0.214726 -0.246741 -0.114444 -0.101353 -0.023642 -0.043438 -0.017297 -0.118836 -0.064669 -0.010566 -0.028342 -0.002354 -0.026562 -0.005418 0.000168 0.000294 -0.000636 -0.011435 -0.023323 -0.053772 -0.723140 -1.138989 -0.766807 -0.577758 -0.017142 -0.045464 -0.023537 -0.018391 -0.026701
0.000222 0.283635 0.995911 0.496583 0.299619 0.039511 0.089325 0.078240 0.915363 1.918538 2.013801 0.476090 1.423859 0.228496 0.002199 0.005304 0.002353 0.005613 -0.000643 -0.008831 -0.006900 -0.085400 -0.356358 0.074289 0.035541 -0.116106 -0.013492 -0.625672 -0.449618 -0.851881 -0.902967 -0.048886 -0.435859 -0.036960 -0.042748 -0.061045 -0.141793 -0.065953 -0.025001 -0.071829 -0.012561 -0.038394 -0.001261 -0.000142 -0.000418 -0.000770 -0.050541 -0.640010 -0.382950 -0.778536 -0.995995 -0.623250 -0.399841 -0.069096 -0.098066 -0.023888 -0.036815 -0.039688
0.012542 0.399985 0.780010 0.259641 0.182886 0.091004 0.017715 0.012169 0.378506 0.980416 0.961577 0.849570 0.832652 0.108251 0.001467 0.008372 0.000369 -0.002423 -0.020918 -0.085836 -0.373944 -0.284129 -0.267817 0.458864 0.075510 -0.004318 -0.057994 -0.966393 -0.284956 -0.000103 -0.001836 -0.022690 -0.032997 -0.076575 -0.096596 -0.148875 -0.174799 -0.095277 -0.122158 -0.035972 -0.037544 -0.044152 -0.008973 -0.013069 -0.006845 -0.007019 -0.962174 -0.645081 -0.179080 -0.228933 -0.650141 -0.248824 -0.468956 0.080557 0.036299 -1.610667 -0.073276 -0.114161
-0.119015 0.641714 0.507776 0.077258 0.557216 0.006365 0.006364 0.006034 0.017213 0.715285 0.706121 0.759559 0.578481 0.109139 -0.000544 -0.000120 -0.003800 -0.011603 -0.018113 -0.040108 -0.455326 -0.380298 -0.322158 0.223774 0.091489 0.055620 0.225870 -0.367352 -0.651641 0.162360 -0.128211 -0.147155 -0.011671 -0.354272 -0.978627 -0.105191 -0.110176 -0.025179 -0.001239 -0.016581 -0.071600 -0.034911 -0.030372 -0.018905 -0.014095 -0.019823 -2.107360 -0.569664 0.000092 0.046404 0.093523 -0.128664 -0.508976 0.194678 0.171740 -1.373264 -0.152029 -0.114767
0.121420 0.107330 0.000995 0.001451 0.062703 0.000076 0.000208 0.000003 0.025975 0.740163 0.777259 1.051823 0.649894 0.164465 -0.000588 -0.001009 -0.003263 -0.753628 -0.280915 -0.113904 -0.417130 -0.244167 -0.117232 0.000736 0.034779 0.072838 0.301087 -0.248145 -0.473903 0.092121 -0.202520 -0.227188 -0.265231 -0.275144 -0.294465 -0.005314 -0.010527 0.020123 -0.001608 -0.006568 -0.438083 -0.510603 -0.389622 -0.166502 -0.297081 -1.027695 -1.528661 -0.305932 -0.000566 0.000104 0.000222 0.000103 -0.731147 0.046253 0.077086 -1.010076 -0.122770 -0.069003
0.777578 0.202213 0.000273 0.000506 -0.000005 -0.000113 -0.000326 -0.017037 0.027917 0.060468 0.049398 1.328545 1.229706 0.256276 0.226815 0.406592 -0.208950 -2.204366 -0.302859 0.030891 -0.269816 0.067091 0.262123 -0.032722 0.026734 0.131279 0.360173 -0.093359 -0.282978 -0.047841 -0.338061 -0.393451 -0.387762 -0.036519 0.306843 0.035567 -0.001353 0.014785 0.014761 0.101709 -0.011472 -0.213286 -0.302548 -0.589970 -0.162306 -0.895385 -0.321076 -0.198775 -0.085141 -0.000134 -0.000222 -0.000103 -1.262796 -0.101946 -0.049126 -0.381762 -0.080507 0.056223
0.229482 0.772838 -0.236552 -0.200901 0.005356 -0.015410 -0.027424 -0.012010 0.073172 0.011507 0.014969 0.038040 1.825530 0.148837 0.157331 0.532131 -0.122018 -1.096286 -0.334365 0.070785 -0.242741 0.167947 0.356994 -0.035451 0.198251 0.229167 0.258649 -0.066099 -0.244952 -0.370901 -0.592407 -0.505526 -0.347663 0.175950 0.523697 0.812036 -0.011910 -0.028656 -0.017947 -0.067306 -0.131083 -0.106304 -0.172134 -0.244269 -0.214555 0.017556 -0.524221 -0.476580 -0.737545 -0.022275 -0.006078 -0.006984 -1.087132 -0.007932 -0.014023 -0.035024 -0.017595 0.000222
0.176225 1.081530 -0.203575 -0.212947 0.044294 -0.036917 -0.347585 -0.004170 0.015614 0.039739 0.021442 0.004615 0.649449 0.126662 0.035785 0.073674 -0.104088 -0.287225 0.010926 0.004319 0.133659 0.351507 0.380327 0.053572 0.006500 0.006501 0.253940 -0.119229 -0.351885 -0.569903 -0.785572 -0.679534 -0.199335 0.166781 0.212454 0.999914 -0.011623 -0.118503 -0.068340 -0.292819 -0.193394 -0.001184 0.089185 0.019584 0.016703 0.008188 -0.324396 -0.228342 -0.605067 -0.385397 -0.060384 -0.153097 -0.642708 -9999.000000 -9999.000000 -9999.000000 -9999.000000 -0.000222
0.129047 1.021490 -0.199922 -0.221449 -0.048045 0.012082 -0.111354 -0.001053 0.000887 0.013648 0.009013 0.012869 0.027358 0.033439 0.063247 0.001873 0.001221 0.000431 0.000103 0.000222 0.008774 0.037554 0.026415 0.000000 0.000000 0.000000 0.006880 0.035915 -0.293965 -0.609975 -1.042570 -0.916449 -0.208143 0.000060 0.001677 0.216969 0.066874 -0.015967 -0.081191 -0.090527 0.407796 0.323452 0.039398 0.026393 0.004813 0.003157 -0.089415 0.009504 -0.456053 -0.271508 -9999.000000 -9999.000000 -9999.000000 -9999.000000 -9999.000000 -9999.000000 -9999.000000 -9999.000000
0.000091 1.030133 -0.138553 -0.186756 -0.095884 -0.003859 -0.029934 -0.000073 -0.000109 0.000000 0.007338 0.013248 0.001264 0.002445 0.014583 0.001034 -0.001305 -0.000395 -0.000103 -0.000222 0.023547 0.093302 -0.106288 -0.139700 0.010896 -0.005558 0.000000 0.000000 -0.057740 -0.781306 -0.883635 -0.799601 -0.242799 0.031893 0.000440 0.003903 0.003582 -0.011172 -0.049921 0.003015 0.022348 0.006993 0.033471 0.012902 0.021079 0.014126 0.039719 0.001998 0.000120 -9999.000000 -9999.000000 -9999.000000 -9999.000000 -9999.000000 -9999.000000 -9999.000000 -9999.000000 -9999.000000
-0.000674 0.369475 0.090291 0.083286 0.000164 0.000000 0.000224 -0.000264 -0.001365 -0.015253 -0.003032 0.007912 0.000866 0.000068 0.000000 -0.000511 0.004461 -0.090511 -0.029295 -0.003946 0.317773 0.155488 -0.316699 -0.360683 0.010574 -0.116281 -0.018290 -0.031623 -0.321801 -1.267322 -1.679562 -0.803539 -0.044654 0.049303 -0.134405 -0.002113 0.005516 -0.003924 -0.009933 0.000092 0.000353 0.000639 0.013122 0.002143 0.010552 0.007510 0.000760 -9999.000000 -9999.000000 -9999.000000 -9999.000000 -9999.000000 -9999.000000 -9999.000000 -9999.000000 -9999.000000 -9999.000000 -9999.000000
0.210121 0.000297 0.000263 0.201734 -0.000251 -0.008077 -0.169487 -0.008378 -0.013117 -0.077471 -0.001583 0.000396 -0.001173 -0.002390 -0.010042 -0.001303 -0.009981 -0.124343 -0.048158 -0.029491 0.153499 0.075477 -0.202940 0.000360 0.000360 -0.062432 0.000277 -0.026878 -0.460008 -1.292736 -0.883883 -0.699010 -0.052807 -0.008295 0.009685 -0.017297 0.008514 0.001012 -0.020252 -0.000262 0.000486 0.000766 0.000100 0.001735 0.000569 0.000393 -9999.000000 -9999.000000 -9999.000000 -9999.000000 -9999.000000 -9999.000000 -9999.000000 -9999.000000 -9999.000000 -9999.000000 -9999.000000 -9999.000000
0.410233 -0.000274 -0.000297 0.269886 -0.210633 -0.105249 -0.152896 -0.004366 -0.002864 0.000140 0.000095 -0.000693 -0.001517 -0.049692 -0.071283 -0.023669 -0.043757 -0.075167 -0.046183 -0.005888 0.004248 0.108675 -0.065042 -0.000360 -0.000360 -0.076121 -0.000285 -0.019579 -0.710603 -0.938402 -0.910558 -0.682123 -0.227432 -0.052296 0.047531 -0.000676 0.012966 0.007268 -0.060852 -0.001032 0.000194 0.000051 -0.000346 -0.000242 -0.000247 -0.000331 -9999.000000 -9999.000000 -9999.000000 -9999.000000 -9999.000000 -9999.000000 -9999.000000 -9999.000000 -9999.000000 -9999.000000 -9999.000000 -9999.000000
0.289960 -0.009957 -0.106603 0.112331 -0.252398 -0.002372 0.117770 -0.001715 -0.000566 -0.000172 -0.000411 -0.015484 -0.009548 -0.202257 -0.028374 -0.030837 -0.052830 -0.071579 -0.031112 -0.001354 0.000222 0.000126 -0.035268 -0.041299 -0.198255 -0.656206 -0.114528 -0.473805 -0.751715 -0.953506 -0.874246 -0.645452 -0.141141 -0.049159 0.043728 0.001536 0.013637 0.010622 -0.007186 0.000194 -0.000494 -0.000445 -0.000304 -0.000591 -0.000554 -9999.000000 -9999.000000 -9999.000000 -9999.000000 -9999.000000 -9999.000000 -9999.000000 -9999.000000 -9999.000000 -9999.000000 -9999.000000 -9999.000000 -9999.000000
0.839621 0.141802 0.016352 -0.100208 -0.189500 0.021768 0.414194 0.416281 -0.012776 -0.008486 -0.006489 -0.225634 -0.162585 -0.096849 -0.015940 -0.027528 -0.033512 -0.504394 -0.227327 -0.021666 -0.000222 -0.000104 -0.007549 -0.480900 -0.347650 -0.460637 -0.077489 -0.272915 -1.196625 -1.844283 -0.795487 -0.606122 -0.074325 0.200211 0.147279 -0.002238 0.000001 0.000016 0.000192 0.000071 -0.000517 -0.000386 -0.000530 -0.001308 -0.006225 -9999.000000 -9999.000000 -9999.000000 -9999.000000 -9999.000000 -9999.000000 -9999.000000 -9999.000000 -9999.000000 -9999.000000 -9999.000000 -9999.000000 -9999.000000
0.877354 0.283602 0.032018 -0.180861 -0.212238 0.020581 0.975149 0.734431 -0.125142 -0.093715 -0.117191 -0.145754 -0.087110 -0.000209 -0.008560 -0.342178 -0.553290 -0.269535 0.141470 -0.045361 -0.016472 -0.030373 -0.591500 -0.654069 -0.346863 -0.318311 -0.042887 -0.140700 -1.038425 -1.820376 -0.766371 -0.664403 -0.076652 0.315646 0.325060 0.283075 -0.028845 -0.031960 -0.000521 -0.002208 -0.026792 -0.011463 -0.019740 -0.010871 -0.012124 -9999.000000 -9999.000000 -9999.000000 -9999.000000 -9999.000000 -9999.000000 -9999.000000 -9999.000000 -9999.000000 -9999.000000 -9999.000000 -9999.000000 -9999.000000
0.473217 0.226180 -0.041635 -0.374666 -0.312348 -0.010402 1.599495 1.254387 1.751661 -0.151775 -0.057081 -0.094514 -0.020026 -0.001689 -0.318473 -0.427435 -0.429558 -0.110256 0.345862 0.299623 -1.251913 -0.512950 -0.588824 -0.263507 -0.093958 -0.174896 0.101256 -0.016482 -0.853073 -1.610189 -1.388905 -0.665585 0.025279 0.000580 0.364230 0.264085 -0.215542 0.232928 -0.021674 -0.013326 -0.053302 -0.043929 -0.020187 -0.035623 -0.011153 -9999.000000 -9999.000000 -9999.000000 -9999.000000 -9999.000000 -9999.000000 -9999.000000 -9999.000000 -9999.000000 -9999.000000 -9999.000000 -9999.000000 -9999.000000
0.786963 0.551918 0.174730 -0.329925 -0.149703 -0.008014 0.861674 0.371453 2.272734 1.513560 0.087340 -0.064774 -0.061184 -0.120892 -0.302112 -0.470039 -0.441207 -0.022512 0.420791 0.503784 -1.197958 -1.235298 -0.486839 -0.003015 -0.000901 0.002867 0.183394 0.166657 -0.540706 -1.713367 -1.278069 -1.135501 -0.000000 -0.000002 0.002812 0.270821 0.151230 0.374380 -0.008664 -0.027132 -0.023430 -0.008437 -0.003728 -0.056172 -0.028822 0.000000 -9999.000000 -9999.000000 -9999.000000 -9999.000000 -9999.000000 -9999.000000 -9999.000000 -9999.000000 -9999.000000 -9999.000000 -9999.000000 -9999.000000
1.178849 1.146963 0.319444 -0.051964 0.000300 0.025147 0.019076 0.004336 0.905699 1.779709 1.335676 0.449674 -0.111725 -0.151059 -0.309692 -0.683342 -0.385886 -0.040631 0.385476 0.570922 -0.722333 -0.299151 -0.663593 -0.001690 0.000100 0.028885 0.046555 0.011747 -0.109847 -1.300060 -1.405990 -1.875830 0.010232 0.016125 0.006017 0.012785 0.016664 0.361246 0.123354 0.042997 -0.007415 -0.029906 -0.005891 -0.070408 -0.061170 -0.003663 -9999.000000 -9999.000000 -9999.000000 -9999.000000 -9999.000000 -9999.000000 -9999.000000 -9999.000000 -9999.000000 -9999.000000 -9999.000000 -9999.000000
1.644072 1.563339 1.378789 0.143770 -0.000491 0.000233 0.009733 0.000798 0.007390 0.902304 0.827467 0.757546 0.231223 -0.150154 -0.309387 -0.428060 -0.151658 -0.057364 0.241099 0.695384 -0.343919 -0.027916 -0.426722 -0.000800 -0.000626 0.001336 0.006899 0.014040 -0.010469 -1.351778 -1.530154 -1.372577 0.002933 0.022158 0.008170 0.016643 0.026800 0.037678 0.045703 0.070297 0.014209 -0.113843 -0.096877 -0.021795 -0.022584 -0.032837 0.000000 -9999.000000 -9999.000000 -9999.000000 -9999.000000 -9999.000000 -9999.000000 -9999.000000 -9999.000000 -9999.000000 -9999.000000 -9999.000000
0.539808 1.440958 1.324520 1.125243 1.321866 -0.000109 0.000016 0.000389 0.000550 0.009342 0.070564 0.838249 0.468311 -0.256993 -0.485483 -0.298791 -0.000811 -0.128830 -0.002716 0.541744 -0.180656 0.073688 -0.229578 -0.000172 -0.000260 0.000632 0.000372 0.000342 -0.003057 -1.436969 -1.703565 -1.243719 -0.003776 0.003267 0.005285 0.008938 0.020198 0.038557 0.044834 0.136604 0.115889 0.065627 0.027193 0.008876 -0.139267 -0.005495 -0.003663 -9999.000000 -9999.000000 -9999.000000 -9999.000000 -9999.000000 -9999.000000 -9999.000000 -9999.000000 -9999.000000 -9999.000000 -9999.000000
0.000621 0.385193 1.320851 1.250386 1.750579 0.049185 -0.008728 -0.000826 -0.000544 -0.000020 0.005527 0.015438 0.215561 -0.150475 -0.278150 -0.129782 -0.000501 -0.341119 -0.042557 0.211936 0.045790 0.087365 -0.037051 0.000775 -0.000241 0.000459 0.000206 0.000038 -0.001042 -1.670516 -2.029871 -1.378631 0.000411 -0.000087 -0.002724 0.005337 0.000000 0.031699 0.023516 0.006749 0.009792 0.007269 0.136492 0.019296 -0.169864 -0.002732 -0.006945 -9999.000000 -9999.000000 -9999.000000 -9999.000000 -9999.000000 -9999.000000 -9999.000000 -9999.000000 -9999.000000 -9999.000000 -9999.000000
