use_cases/Flooding_chicago/flooding_data/output/hUy_3240.asc
ncols 337
nrows 393
xllcorner 428428.000000
yllcorner 4602440.000000
cellsize 26.757400
NODATA_value -9999.000000
[rows 208 to 233 of 393, columns 58 to 115 of 337]
-0.226456 -0.087158 -0.099201 -0.104123 -0.116694 -0.203175 -0.084875 -0.063703 0.030535 0.139761 0.292294 0.309287 0.371686 0.121788 -0.088925 -1.684488 0.045399 -0.054357 -0.213141 -0.073372 -0.031368 0.105281 0.012997 0.088074 0.030526 -0.108314 0.126242 -0.211387 0.059506 -0.290946 0.115497 0.208343 0.326632 0.418509 0.297125 0.425032 0.271711 0.260342 0.396466 1.404786 1.809829 2.137783 3.493242 5.355606 4.354231 3.333069 2.164962 0.905535 0.279182 0.607602 0.377858 0.173074 0.005294 0.126781 0.102373 -0.000333 -0.000367 -0.000718
-0.205342 -0.069979 -0.115238 -0.099642 -0.136022 -0.206524 -0.085262 -0.051979 0.022668 0.178774 0.165063 0.306639 0.365828 0.302865 -0.014586 -1.296672 0.209010 0.000483 -0.253000 0.002493 0.024574 0.244214 0.151039 0.101629 0.047188 0.017358 0.137863 -0.218579 0.055975 -0.199771 0.165868 0.265957 0.366723 0.442424 0.349255 0.480987 0.330281 0.352583 0.391931 0.989721 1.472554 2.096227 2.942210 4.745330 4.548446 3.504452 2.463443 0.974686 0.140347 0.447034 0.189093 0.000360 0.000363 0.119917 0.181048 -0.046965 -0.108588 -0.015282
-0.224265 -0.117252 -0.124447 -0.117883 -0.148870 -0.271224 -0.101575 -0.102858 -0.021580 0.178862 0.173972 0.123188 0.182099 0.224021 -0.041687 -0.907316 0.269386 -0.019150 -0.215183 -0.001156 0.039488 0.281486 0.170183 0.079066 0.045069 0.054962 0.107724 -0.179696 0.044025 -0.088507 0.142622 0.216080 0.360449 0.477931 0.479079 0.466399 0.280626 0.267654 0.411130 0.940407 1.395416 2.055185 2.927174 4.816576 4.736755 3.847653 2.357018 0.978274 0.081930 0.544113 0.198911 -0.000359 -0.000413 0.119437 0.116504 -0.124416 -0.145198 -0.466842
-0.199868 -0.133602 -0.134284 -0.137205 -0.170970 -0.291457 -0.149745 -0.171914 -0.076041 0.147208 0.136516 0.061769 0.066339 0.091573 -0.077370 -0.678749 0.422121 -0.030742 -0.143469 -0.008222 0.032229 0.196815 0.131359 0.025938 0.121447 0.085025 0.025580 -0.154746 -0.008734 -0.030577 0.157951 0.226085 0.304520 0.550617 0.555772 0.425519 0.292778 0.240665 0.243807 0.746781 1.237258 2.188831 3.775058 5.534134 5.605575 4.059237 3.384881 0.776366 0.029595 0.616178 0.367473 -0.003249 -0.011855 -0.159180 -0.095070 -0.270303 -0.437751 -0.995024
-0.170651 -0.125640 -0.144700 -0.151790 -0.191823 -0.322961 -0.149537 -0.154118 -0.065844 0.136326 0.109792 0.000134 -0.001834 0.065321 -0.058397 -0.594885 0.414922 0.024514 0.000523 -0.019449 -0.033974 0.263961 0.094965 0.005370 0.073053 0.118772 -0.022506 -0.093395 -0.019690 0.019251 0.156126 0.229701 0.165121 0.363613 0.621771 0.378198 0.309206 0.194943 0.157069 0.424567 1.125380 1.920646 3.412102 5.857725 5.586236 4.594623 2.915978 1.034586 0.213058 0.201401 0.139746 -0.005565 -0.114860 -0.227536 -0.156362 -0.429081 -0.089086 0.042811
-0.153522 -0.118495 -0.137635 -0.128260 -0.171123 -0.273760 -0.148880 -0.151756 -0.054964 0.172744 0.118650 -0.045988 -0.007055 0.004883 0.103484 -0.204635 0.285806 0.121045 0.000582 0.001253 -0.035986 0.307285 0.113247 0.115585 0.000375 0.150592 0.013905 -0.015438 0.035512 0.046150 0.084423 0.219698 0.142910 0.265693 0.517645 0.381878 0.393112 0.160403 -0.000808 0.142934 0.850497 1.807457 3.387257 5.490775 6.090741 4.220536 3.405611 1.108885 0.328895 0.274195 0.000282 0.000417 -0.083405 -0.226630 -0.173490 -0.138649 0.001515 0.013914
-0.165918 -0.132799 -0.102527 -0.084076 -0.136874 -0.277586 -0.108929 -0.109704 -0.032773 0.184477 0.120409 -0.034327 0.009951 0.000000 0.000000 0.007909 0.010925 0.000431 0.000672 0.028881 0.001774 0.010189 0.000706 0.000030 -0.000143 0.055481 0.016323 -0.002807 0.047121 0.030558 0.066541 0.198550 0.044446 0.112785 0.337957 0.260088 0.249818 0.128085 -0.227633 -0.154893 0.475418 1.490696 2.771316 5.491415 6.491258 5.341599 3.904085 1.230635 0.915777 0.820158 0.014768 0.002280 -0.294097 -0.230403 -0.137590 -0.072393 0.000781 0.000222
-0.155997 -0.118313 -0.083152 -0.051001 -0.089037 -0.214697 -0.057076 -0.060546 0.018572 0.197411 0.120670 -0.032590 0.101826 -0.000576 -0.033047 0.050837 -0.009956 -0.000331 -0.000544 0.000584 0.000405 0.000000 -0.000160 -0.024712 0.104029 0.082951 0.028800 -0.051214 0.100872 0.096534 0.101156 0.162570 -0.000247 0.083449 0.243072 0.188014 0.172601 0.167152 -0.375503 -0.433096 0.188823 1.120358 2.569255 5.250577 6.797838 5.071643 4.912403 2.206740 1.341683 1.254913 0.120219 0.121869 -0.303889 -0.227234 -0.090677 0.000958 0.000173 -0.000222
-0.143282 -0.086857 -0.047439 -0.025353 -0.114246 -0.209688 -0.016585 -0.028020 0.019418 0.140842 0.100409 0.015004 -0.000012 -0.000570 -0.010496 0.183744 -0.053107 -0.159145 0.004920 -0.001026 -0.001914 -0.006437 0.036351 0.122276 0.177314 0.099999 0.042977 -0.055764 0.125748 0.129647 0.192782 0.164499 0.000374 0.110469 0.325401 0.280416 0.272363 0.007244 -0.303824 -0.477252 0.033075 0.795193 2.792685 5.918200 6.798498 5.816632 5.125867 2.463802 1.764450 1.750159 0.221934 0.220765 -0.311018 -0.081202 0.003306 0.004117 -0.001821 -0.024961
-0.120633 -0.094198 -0.031963 -0.022025 -0.078722 -0.154416 0.025780 -0.017611 0.047024 0.173215 0.132414 0.051593 -0.139023 -0.123087 0.011040 0.310704 -0.148980 -0.188150 0.044243 -0.000812 -0.003745 -0.121109 0.040065 0.095561 0.257505 0.117442 0.074221 -0.028250 0.202626 0.234569 0.357977 0.164493 0.036693 0.266607 0.012595 0.010098 0.016436 0.000645 -0.030212 -0.223936 0.061915 1.089827 2.961408 5.270230 4.131904 4.448217 5.091422 2.502491 2.230936 2.243318 0.840618 0.349571 0.000285 0.000171 0.002324 -0.002951 -0.046826 -0.123041
-0.125280 -0.149137 -0.036769 0.023977 -0.108579 -0.128586 0.021494 -0.028992 0.034536 0.125443 0.120537 0.083592 -0.065708 -0.041363 0.023286 0.304621 -0.008633 -0.122589 0.057106 -0.005772 0.234246 -0.049965 0.000941 0.000461 0.476288 0.196039 0.124373 0.040784 0.334163 0.344271 0.000471 0.048548 0.033266 0.033189 0.000381 0.000780 0.000847 0.000314 0.092956 0.199855 0.357163 1.404105 3.036528 4.165085 4.298751 4.691233 3.762304 2.489400 2.405011 2.641614 1.167970 0.585687 -0.000695 -0.001409 -0.027060 -0.151695 -0.327987 -0.480063
-0.184890 -0.170319 -0.057254 0.073907 -0.119611 -0.051274 -0.006908 -0.072827 -0.030695 0.102753 0.077001 0.118068 -0.037729 -0.012130 0.057154 0.324295 0.160081 0.020165 0.031795 0.015641 0.296067 0.000007 0.000161 -0.000274 0.152494 0.520906 0.143168 0.090006 0.395229 0.008913 0.000691 0.075949 0.000026 0.000534 -0.000387 -0.000804 -0.000853 -0.000610 0.195308 0.239345 0.247432 0.734537 2.621797 4.949316 4.476286 4.833961 3.948892 1.214560 1.403224 1.729103 1.573414 0.688706 0.331419 0.222601 0.071182 0.016088 -0.228413 -0.360633
-0.187858 -0.179109 -0.056404 0.105422 -0.056978 0.063157 -0.025483 -0.112784 -0.084734 0.113429 0.059288 0.149902 -0.012229 0.020003 0.112984 0.435394 0.396800 0.012362 0.021928 0.051739 0.400297 0.044670 -0.000447 0.112804 0.121343 0.650481 0.116805 0.095535 0.008410 0.000989 0.000652 0.061945 -0.016213 -0.001055 -0.011471 -0.009871 -0.105068 -0.084529 0.079250 0.100017 0.081900 1.052138 3.268521 3.801817 5.230666 5.501473 2.984113 1.381818 1.608651 1.929783 0.841496 0.794828 0.460142 0.320989 0.108876 0.107079 -0.247205 0.009140
-0.166952 -0.158220 -0.035612 0.121873 -0.008719 0.141989 -0.006390 -0.197008 -0.130509 0.142970 0.022533 0.129869 0.014437 0.031343 0.087234 0.337796 0.449335 0.048148 0.000000 -0.004898 0.362556 0.171579 0.094700 0.160943 0.160204 0.682364 0.148996 -0.000000 -0.000003 -0.000071 -0.000351 0.051569 0.002817 -0.000893 -0.107228 -0.198691 0.237627 0.264388 0.895619 0.925023 1.020334 2.012788 3.212722 5.456335 3.789848 3.881782 1.301592 0.640206 0.934432 2.272969 0.869412 1.496470 0.575155 0.422234 0.130227 0.205663 -0.152604 0.001249
-0.149712 -0.120020 -0.007279 0.134262 0.006458 0.182744 0.049752 -0.068428 -0.028277 0.000222 0.041858 0.099190 -0.005801 -0.003196 0.056457 0.274849 0.465209 0.292670 -0.011157 -0.032486 0.171520 0.058307 0.383548 1.026431 0.157768 0.701548 0.192029 0.129462 0.012532 -0.001015 -0.000838 -0.031809 0.021587 -0.000515 -0.009492 0.035451 0.317524 0.381687 1.309580 1.296498 1.539914 2.450082 3.638696 4.482276 3.356927 1.394949 1.283760 0.015703 0.960296 1.113479 1.367488 1.308859 0.960040 0.446160 0.126298 0.254221 0.035716 0.008372
-0.116211 -0.102415 0.018882 0.160169 0.014738 0.244485 0.126304 -0.011540 0.017071 -0.000222 0.020313 -0.254292 -0.280062 -0.377768 -0.093442 0.358024 0.638449 0.386651 0.330489 -0.050284 0.237675 0.100955 0.687556 1.128625 0.122509 0.427954 0.135362 0.194580 0.034230 0.011444 -0.002789 -0.025092 0.000000 0.018584 0.097836 0.123146 0.428475 0.571551 2.341244 1.653088 1.787498 2.895882 3.625828 4.249802 2.508526 1.122367 0.980359 0.424615 0.747602 0.938347 1.105282 1.170609 0.867347 0.470984 0.002921 0.010323 0.149842 0.032868
-0.025854 -0.020859 -0.015808 0.125469 0.024577 0.189051 0.156437 0.080106 -0.010556 -0.140922 -0.198113 -0.510296 -0.409338 -0.340423 -0.026741 0.117042 0.443003 0.270010 0.532411 -0.101775 0.371321 0.401095 1.749875 0.703738 0.000254 0.515493 0.007585 0.020425 0.162070 0.020182 0.000629 -0.005171 0.012284 0.023148 0.103524 0.296597 1.140700 1.528470 2.732878 2.042557 2.170670 3.286567 3.423902 3.453242 1.985917 1.396295 1.063958 0.345232 0.509775 0.755712 1.138809 1.217010 1.028426 0.581337 0.002041 0.000515 0.001015 0.047241
0.008966 -0.052311 -0.083427 0.008290 0.057568 0.109724 0.117217 0.050714 -0.117097 -0.267817 -0.225597 -0.615275 -0.451051 -0.205518 0.029978 0.075209 0.290900 0.211065 0.786874 -0.086610 0.412100 0.717480 1.992165 1.011559 -0.000255 0.468589 0.005126 0.018179 0.191244 0.050524 0.000408 0.002988 0.013059 -0.000720 0.105155 0.339992 1.249815 1.928230 2.507744 2.456376 2.648105 3.230484 3.269529 2.775340 1.864175 1.302555 0.807528 0.285407 0.306189 0.654040 0.602020 0.713642 0.723136 0.707713 0.004492 -0.000234 0.000104 0.003514
0.039373 -0.069379 -0.126337 -0.107953 0.048402 0.038971 0.087814 -0.010874 -0.125635 -0.166668 -0.043581 -0.351847 -0.441428 0.258091 0.011184 0.007320 0.158686 0.174290 1.127264 0.174373 0.474619 0.284855 2.672402 1.315195 0.543045 0.444785 0.000272 0.000326 0.101058 0.093088 -0.000098 0.000649 0.001456 -0.007302 0.100180 0.427978 1.487075 2.254525 2.771252 2.791221 3.019153 3.430613 2.310004 1.849575 1.678200 0.829896 0.612030 0.294387 0.094460 1.119661 0.413901 0.606308 0.679717 0.652014 0.219553 -0.027261 0.082548 0.002337
0.100961 -0.079449 -0.158410 -0.145898 0.018978 0.006039 0.109475 -0.023027 0.005165 0.067079 0.080176 -0.214641 0.183671 0.019260 0.000222 0.000103 0.083250 0.119737 0.566139 0.066179 0.040934 0.035183 1.489947 2.658682 0.618875 0.087713 -0.000003 -0.000208 0.094337 0.074377 0.020310 -0.000407 0.001619 0.001427 0.083931 0.473870 1.815092 2.606956 3.621564 3.040703 3.275510 3.402355 2.368796 1.759827 1.477347 0.680607 0.048859 0.029335 -0.020741 0.823048 0.295189 0.537232 0.637236 0.572465 0.259929 0.439620 0.162286 -0.003948
0.134975 -0.079871 -0.183092 -0.179431 0.002830 -0.025781 0.151309 0.011860 0.046527 0.110632 0.265796 -0.059064 0.005123 0.008505 -0.000222 -0.000103 0.146395 0.221492 0.170796 0.130980 0.000000 0.058305 1.359490 2.380244 0.105262 0.147955 -0.044894 -0.044822 0.076802 0.054283 0.022412 0.008445 0.001304 0.001087 0.000055 0.143761 1.600583 3.442261 4.006754 4.252781 3.977118 3.362750 3.012316 1.664855 0.976499 0.544368 0.048774 0.031551 0.000367 0.150837 0.357456 0.439453 0.578423 0.496765 0.272738 0.167583 0.231726 0.449075
0.154404 -0.076251 -0.205063 -0.319701 -0.007666 -0.014671 0.221622 0.088583 0.131372 0.153939 0.398008 0.193704 0.000000 0.000000 -0.000322 0.000213 0.223560 1.012834 0.173528 0.111134 0.198141 0.311457 1.675519 2.055628 0.111991 0.306518 0.187571 0.215753 0.061812 0.000393 0.000818 0.001034 0.001124 -0.000220 -0.021356 0.793333 1.849420 3.227166 4.083352 4.176421 3.748904 3.422853 2.901944 1.111471 0.130523 0.117692 0.053647 0.000910 -0.000142 0.268076 0.176168 0.324238 0.486316 0.392870 0.022501 0.000043 0.001377 0.464793
0.120533 -0.064104 -0.219144 -0.260494 -0.014223 0.015526 0.370275 0.201166 0.000518 0.007402 0.067177 0.114584 -0.069779 -0.006942 -0.001827 0.000358 0.158977 0.632086 0.179619 0.631745 0.254601 0.195439 1.729894 1.621312 0.473535 0.472977 0.228553 0.375602 0.097838 -0.000397 -0.000837 -0.001112 -0.001599 -0.000696 0.538832 1.466387 2.843065 3.144138 4.133934 4.240923 4.146678 3.472302 2.116625 0.149560 0.129259 0.118796 0.000660 0.001169 0.281603 0.354455 0.218245 0.355831 0.545901 0.269668 -0.060494 -0.003054 0.002635 0.003834
0.226309 -0.070428 -0.275435 -0.306201 -0.070563 0.056774 0.335427 0.491074 0.213852 -0.000201 0.000543 0.347922 -0.011895 -0.058856 -0.001497 -0.000628 -0.000023 0.762676 0.204847 0.193979 0.554283 0.413816 1.291473 1.017541 0.555396 0.856969 0.797931 0.943022 0.648947 0.030346 0.046909 0.091546 -0.001058 -0.001060 0.736429 1.711947 3.133093 2.205282 3.251903 3.319080 3.484199 3.262408 2.379495 0.219276 0.114547 0.081598 -0.000234 0.001795 0.399910 0.428427 0.179401 0.739350 0.418444 0.199208 -0.060101 0.000125 0.003688 0.005202
0.239196 -0.010316 -0.200668 -0.285659 -0.082142 0.150699 0.216602 0.427401 0.359057 0.000639 0.001017 0.268276 -0.026571 0.032359 0.054101 0.063246 0.066015 0.764080 0.490653 0.201337 0.190593 0.178937 0.208700 0.218128 0.192444 0.649155 0.719899 0.882987 0.714753 0.049982 0.067386 0.110198 0.050827 0.000054 1.091587 2.107342 2.564241 2.202688 3.310587 3.347836 3.390774 3.012356 2.152613 0.158723 0.164461 0.050916 -0.000657 0.144677 0.508546 0.552089 0.168346 0.146074 0.246909 0.099305 0.100740 0.003094 0.003643 0.001736
0.467810 0.228679 0.006790 -0.119993 0.082557 0.013914 0.022060 0.522088 0.392109 0.001004 0.001544 0.010377 0.009743 0.001093 0.060267 0.082670 0.085548 0.706721 0.460800 0.188102 0.206008 0.000066 -0.000002 0.228896 0.207178 0.719539 0.780867 0.874577 0.224131 0.088678 0.117480 0.618229 0.346779 0.341233 1.147391 2.350160 2.527407 2.803251 3.203286 4.345870 4.151017 2.731308 1.386292 -0.016792 0.007760 0.001922 -0.138720 0.370650 0.576123 0.663940 0.000178 0.000257 0.070038 0.002332 0.003401 0.003499 0.000000 -0.000937
