use_cases/Flooding_chicago/flooding_data/output/hUy_3480.asc
ncols 337
nrows 393
xllcorner 428428.000000
yllcorner 4602440.000000
cellsize 26.757400
NODATA_value -9999.000000
[rows 182 to 207 of 393, columns 177 to 235 of 337]
-0.000004 -0.000002 0.000323 -0.004992 0.243443 0.502105 0.990317 0.117592 -0.317666 -0.084895 1.794873 0.044524 -0.000156 -0.000159 -0.000956 -0.001490 -0.276594 0.357048 -0.362877 0.755893 0.016925 1.357415 0.027467 0.033556 0.983319 0.002851 0.002022 0.000011 -0.000048 -0.002277 -0.000030 -0.000020 -0.000041 0.365463 -0.099301 -0.021902 0.449239 0.001067 -0.000438 -0.001839 -0.000837 -0.000409 -0.000176 -0.007470 -0.002454 -0.003257 -0.000058 0.000053 0.000000 1.459517 4.597504 4.401521 3.992350 2.535239 0.011695 0.006788 1.361493 -0.391486 -0.255888
-0.000019 -0.000025 0.002325 0.000120 0.212888 0.616804 1.193055 0.264134 -0.251177 -0.105075 1.824380 0.137757 0.022115 -0.022655 -0.023742 0.001056 -0.403304 0.658360 -0.095726 1.233510 0.006056 0.001748 0.000531 0.043025 0.094388 0.000392 0.000940 0.000003 -0.000815 -0.001502 -0.000313 -0.000067 -0.000065 0.063811 -0.033869 0.001290 0.000137 0.000005 -0.000052 -0.004516 -0.000608 -0.000369 -0.000128 -0.008258 -0.021213 -0.049030 0.447091 0.193751 0.495310 3.031173 5.325771 2.864489 2.622260 1.209117 0.007607 0.003080 0.002981 0.010487 0.012250
0.002348 0.018734 0.026453 0.002816 0.090593 0.640279 1.319397 0.224308 0.027993 0.000792 0.000232 0.000255 0.000549 0.007478 -0.000991 0.099970 0.188086 1.234118 0.636780 0.002693 0.001442 0.000872 0.000615 0.000515 0.047009 0.000009 0.000014 -0.000000 -0.000100 -0.006678 -0.000148 -0.006604 -0.000403 0.006521 0.000000 0.000003 0.000003 -0.000000 -0.000015 -0.005783 -0.004679 -0.015273 -0.014526 -0.052449 1.000846 1.300888 1.403830 0.326970 0.442826 1.830213 2.845982 1.645288 1.991467 1.733175 0.020451 0.000008 0.000874 0.000533 0.003029
0.000150 0.008000 0.006945 0.008510 0.000436 0.590959 1.569569 0.601517 0.000000 0.000000 0.000003 0.000091 0.000397 0.000788 0.011349 0.039336 0.042191 0.006758 0.010327 0.003415 0.000166 0.000261 0.000093 0.000001 0.072613 0.000001 0.000010 -0.000005 0.000058 0.026990 -0.020369 0.148811 -0.082712 -0.076254 -0.000997 -0.000003 -0.000003 -0.000005 -0.000006 -0.000180 -0.011956 -0.040457 0.960555 1.142347 1.288959 1.781259 1.552968 0.000446 0.000364 0.671938 0.928791 1.745207 3.711719 1.963586 0.063209 0.000001 0.000073 0.000241 0.001139
-0.000000 0.008448 0.007210 0.001365 0.000054 0.076175 0.957683 1.226606 0.377977 -0.000095 -0.000000 0.000000 0.000164 0.000687 0.004669 0.011537 0.020239 0.001592 0.009145 0.002905 0.000513 0.000575 0.000157 -0.000004 0.073118 -0.000008 0.000013 -0.000003 0.003963 0.002347 -0.033445 0.437984 -0.084870 -0.110282 -0.225865 -0.000201 -0.000337 -0.000032 -0.000006 -0.003448 0.632594 0.902010 1.182090 1.429352 1.344735 0.300464 0.000618 0.000205 0.000160 0.000004 0.076489 1.629998 3.247963 3.336149 0.197954 0.000000 0.000001 0.000000 0.000003
0.000042 0.006966 0.003181 0.000099 0.000006 0.000385 0.002548 0.763352 1.919145 -0.001551 -0.000303 -0.000134 0.000005 0.000432 0.000446 0.005872 0.011180 0.008478 0.003788 0.000505 0.001113 0.000824 0.000107 -0.000018 0.063752 -0.000428 0.000001 0.000008 0.000305 0.000482 0.020399 0.001694 0.008250 0.002977 -0.212465 -0.143298 -0.114950 -0.026770 -0.011858 0.223903 0.661861 0.893119 1.610884 1.475308 0.000001 0.000001 0.000000 0.000001 0.000000 0.000003 0.029342 1.264172 2.687003 3.920103 1.744919 -0.000784 -0.000001 -0.000000 0.000007
0.000124 0.000067 0.000013 -0.000003 -0.000001 0.001000 0.001750 0.702149 0.627098 0.476554 -0.001268 -0.000414 -0.000002 0.000018 0.000051 0.000651 0.003488 0.006366 0.001880 0.003539 0.005163 0.004149 0.000155 -0.000028 0.038942 -0.004284 -0.000001 0.000000 0.000001 0.000033 0.005078 0.002418 0.001140 0.000047 0.000016 -0.039046 -0.141983 -0.102903 -0.128313 0.293270 0.684694 1.125409 1.538893 1.551875 -0.000002 0.000000 -0.000000 -0.000001 -0.000000 0.000000 0.006392 0.222960 2.599615 3.879776 2.551567 0.445063 -0.000402 -0.000051 0.000041
-0.000046 -0.000021 -0.000006 -0.000003 -0.000004 0.003148 0.002512 0.473619 0.504540 0.536529 0.060022 -0.000814 -0.000008 -0.000004 0.000079 0.000004 0.005630 0.000211 0.000235 0.001270 0.001935 0.000276 0.000004 -0.051682 0.014847 0.021214 -0.000001 -0.000001 -0.000001 0.000325 0.003396 0.000019 0.000011 0.000005 0.000035 0.000022 -0.105974 -0.059338 -0.274534 0.519028 0.482205 1.192659 1.338367 1.102234 0.174897 -0.000016 -0.000485 -0.000762 -0.000277 -0.000001 0.035709 0.471121 1.992623 3.462663 2.456852 0.409604 0.000010 0.000063 0.000098
-0.000120 -0.000059 -0.001008 -0.000381 0.001055 0.009186 0.004038 0.279976 0.568150 0.534758 0.180892 -0.003602 -0.000006 -0.000000 0.000000 0.000005 0.002310 0.000001 0.000003 0.000108 0.000655 0.000320 0.000004 -0.025369 -0.044614 0.028732 -0.014072 0.000004 0.000001 0.000032 0.000744 0.000360 0.000027 0.000007 0.000055 0.000034 -0.033857 -0.036878 0.005723 0.534435 0.424618 1.264890 1.080216 0.818449 0.171349 -0.001914 -0.502574 -0.277981 0.900965 0.578449 0.462852 0.573475 2.390198 2.574359 1.784300 0.001404 0.000573 0.000095 0.000112
-0.000815 -0.002620 -0.003889 -0.005377 0.000522 0.008394 0.001022 0.197699 0.445769 0.442896 0.293885 0.006594 0.000231 0.000036 -0.000004 -0.000003 -0.000000 -0.000000 -0.000000 0.000000 0.000001 0.000000 0.000000 -0.010995 -0.083652 -0.021609 0.060147 0.000008 0.000004 0.000005 0.000164 0.000143 0.001165 0.000673 0.002270 0.001637 -0.007925 0.021380 0.124158 0.756129 0.554067 1.573824 0.804705 0.715469 0.315974 0.228954 0.690422 1.191111 1.435418 0.705398 0.625989 1.508756 2.597787 1.088846 0.012954 0.000071 0.000000 0.000001 0.000000
-0.000312 -0.000035 0.000230 0.001895 -0.000887 0.137490 -0.224004 0.264165 0.449608 0.309241 0.002707 0.003538 0.000515 0.000309 -0.000030 -0.000061 -0.000358 -0.000686 -0.000003 -0.000177 -0.000002 -0.000000 -0.000000 -0.018569 -0.090616 0.077343 0.000674 0.000025 0.000004 0.000000 0.000000 0.000002 0.000202 0.000102 0.000240 0.000127 -0.001172 0.169184 0.258262 0.785364 0.323389 0.939274 0.788461 0.640238 0.447414 0.530545 1.141641 1.314135 1.333571 0.450976 0.445033 1.318503 1.372807 0.008274 0.000417 0.000651 -0.000000 -0.000001 -0.000000
-0.000555 0.002485 0.004092 0.000268 0.000737 0.939673 -0.203168 0.179018 0.239371 0.182947 0.000017 0.000698 0.003931 0.001877 0.001571 -0.000025 -0.011880 -0.000681 -0.000005 -0.000484 -0.000390 -0.000230 -0.000227 -0.020170 -0.079754 0.000001 0.000264 -0.000008 -0.000032 -0.000759 -0.000204 -0.000002 -0.000000 -0.000000 0.000000 0.000000 -0.000182 0.368584 0.262988 0.654790 0.306621 1.114920 0.533689 0.572931 0.479774 0.622326 0.902598 1.150178 1.371525 0.491151 0.592361 0.643358 0.653100 0.000490 0.000362 0.004233 -0.016081 -0.000518 -0.002997
-0.001016 0.000000 0.000148 0.000078 0.020906 0.991863 0.156367 0.062598 0.205753 0.225479 -0.000133 0.000244 0.001060 0.003152 0.003197 0.000094 -0.002242 -0.016807 -0.000398 -0.000492 -0.000510 -0.000755 -0.000315 -0.147622 -0.020129 -0.000000 0.000000 -0.000003 -0.002232 -0.004156 -0.000495 -0.000132 -0.000120 -0.000245 -0.000000 -0.000176 -0.000022 0.443543 0.116470 0.696798 0.594490 1.231666 0.229056 0.177892 0.393900 0.571051 1.052580 1.223367 1.365654 1.059339 1.446977 1.224262 0.653061 0.001232 0.000115 0.584002 0.438444 0.614325 0.714108
-0.000548 -0.000021 0.001432 0.000636 0.006869 0.002688 0.011101 0.000056 0.105247 0.338747 -0.000131 0.000045 0.001156 0.003997 0.003768 0.000015 0.000012 -0.025020 -0.039600 -0.021363 -0.007827 -0.013722 -0.004388 -0.263091 -0.002970 -0.000294 -0.000045 -0.000320 -0.004923 -0.005713 -0.002503 -0.000333 -0.000328 -0.001017 -0.000313 -0.000677 -0.000021 0.444751 0.113472 0.409657 0.657034 1.297002 0.000205 0.000457 0.000612 0.194611 0.668559 1.202324 1.515350 1.301501 1.581697 1.856564 1.106864 0.144530 0.102544 1.213836 1.338793 1.135093 1.105839
-0.000128 0.000008 0.006335 0.001571 0.002555 0.000762 0.000010 0.000072 0.105794 0.250567 -0.000043 -0.000028 0.000003 0.004191 0.003461 0.000031 0.000016 -0.014214 -0.015262 -0.005806 -0.024973 -0.001310 0.000041 -0.355070 -0.004259 -0.000710 -0.000249 -0.000449 -0.007214 -0.010062 -0.005865 -0.000271 -0.001509 -0.001209 -0.001735 -0.000011 -0.000018 0.446969 0.000012 0.428865 0.407137 1.282870 0.000263 0.000249 -0.000377 0.000278 0.299699 1.016048 0.974329 1.178772 1.687780 1.968817 1.664260 0.477691 0.364294 2.397183 1.874065 1.234492 1.071223
0.000000 0.000017 0.000818 0.006633 0.000033 0.000000 0.000010 0.000636 0.260628 0.378310 0.000424 -0.000010 -0.000000 0.000005 0.000012 0.000007 -0.000005 0.000001 -0.005646 -0.003856 -0.004233 -0.000467 -0.000243 -0.223057 -0.185319 -0.001344 -0.001048 -0.001695 -0.001007 -0.021676 -0.000738 -0.001231 -0.003470 -0.001549 -0.002564 -0.000448 0.121839 0.352932 0.000048 0.405605 0.657266 1.510473 0.235877 0.037367 -0.178507 0.000756 0.241650 0.346577 0.774763 1.159209 1.753209 2.465705 1.763328 0.942603 0.700897 2.300673 1.432510 0.609055 0.002179
-9999.000000 0.000036 0.000551 0.000447 0.000012 0.000001 0.000009 0.002152 0.031711 0.976467 0.011254 -0.000004 -0.000525 -0.000009 -0.000019 -0.000033 -0.000015 -0.000001 -0.001522 -0.002056 -0.001877 -0.000372 -0.000357 -0.152521 -0.124720 -0.001472 -0.002073 -0.000128 -0.000139 -0.026644 -0.009645 -0.000684 -0.003831 -0.001610 -0.002539 -0.003938 0.163023 0.235148 0.116493 0.699897 0.567428 1.353930 0.536509 0.220193 -0.237998 -0.080355 0.289006 0.477418 0.778175 1.254739 1.934774 2.316567 1.878783 1.026191 0.730615 1.903537 0.708711 0.000008 0.000002
-9999.000000 0.000028 0.000007 0.000139 0.000006 0.000003 -0.000000 0.011530 0.032784 0.028057 0.010500 -0.000008 -0.001270 -0.000307 -0.000552 -0.000407 -0.002239 -0.001708 -0.000807 -0.011851 -0.001633 -0.000352 -0.000165 -0.052289 -0.317638 -0.001613 -0.002896 -0.000540 -0.000156 -0.008116 -0.005935 -0.006945 -0.008067 -0.003513 -0.015064 0.000319 0.265465 0.333824 0.424551 0.862709 0.982831 1.693523 0.915075 0.343304 -0.030155 -0.147859 0.163579 0.385966 0.895656 1.358055 1.393968 2.353846 1.671705 0.912482 0.520243 0.809558 0.170247 0.000005 -0.000003
-9999.000000 -0.000000 -0.000003 0.000000 0.000000 0.000002 0.000002 0.018598 0.053272 0.000016 0.000152 -0.000003 -0.004272 -0.000696 -0.001240 -0.000784 -0.005926 -0.001057 -0.006601 -0.014660 -0.004064 -0.005207 -0.002566 -0.101404 -0.207471 -0.103472 -0.002996 -0.004268 -0.006542 -0.015851 -0.013706 -0.009548 -0.011908 -0.007664 -0.082563 0.056804 0.298078 0.422041 0.606613 0.990030 1.068439 1.857558 0.980914 0.515686 0.077348 0.072911 -0.029246 0.392469 0.885112 1.332462 1.307628 1.608209 1.165809 0.810470 0.362238 0.520776 -0.031473 -0.000008 -0.000173
-9999.000000 -9999.000000 -0.000395 -0.000062 -0.000000 0.000004 0.000005 0.008313 0.016446 0.000002 0.000005 0.000001 -0.013151 -0.034434 -0.017762 -0.041717 -0.023669 -0.002117 -0.007948 -0.009348 -0.007368 -0.008174 -0.009362 -0.261428 -0.353632 -0.031392 -0.020776 -0.010494 -0.006842 -0.039792 -0.023547 -0.866223 -0.809461 0.357102 0.490520 0.386020 0.556080 0.965821 0.963316 0.991647 1.226935 1.808034 1.106035 0.549313 0.128199 0.098529 0.171806 0.354567 0.605996 0.966418 1.216733 1.559265 0.712254 0.324238 0.001779 0.608271 0.183569 0.123923 -0.177736
-9999.000000 0.000056 -0.000563 -0.000114 -0.000192 0.000006 0.000006 0.013602 0.032426 0.000002 0.000009 0.000000 0.000000 -0.000121 -0.001219 -0.004821 -0.017006 -0.054140 -0.034350 -0.003750 -0.006387 -0.036859 -0.000487 -0.184389 -0.269556 -0.098354 -0.130778 0.050783 -0.982695 -0.221646 0.080094 -0.191184 -0.177472 0.726649 0.701561 0.483462 0.583996 1.246076 1.307218 1.013884 1.469395 1.856266 0.994905 0.737842 0.135846 0.097053 0.141210 0.215212 0.254670 0.559149 1.135410 0.796317 0.002148 0.000012 0.000022 0.000908 0.000688 0.001112 -0.065659
-9999.000000 -0.000444 -0.013315 -0.000747 -0.000200 -0.000051 -0.000008 0.012494 0.022842 -0.000000 0.000000 -0.000000 -0.000000 0.004908 0.000001 0.000028 -0.001738 -0.024139 -0.015258 -0.312791 -0.138107 -0.018776 -0.005675 -0.154309 -0.185224 -0.065145 0.121309 0.433785 -0.237328 0.084470 0.312024 0.103702 0.071542 0.655347 0.593658 0.638821 0.847022 1.304079 1.113321 1.251442 1.277057 1.466365 0.822197 0.501582 0.111165 0.008765 0.015029 0.136794 0.184911 0.421252 0.543285 0.231920 0.000001 0.000002 0.000022 0.000018 0.000238 0.000562 0.000209
-9999.000000 0.000007 -0.001199 -0.022967 -0.000093 -0.000048 -0.000009 0.009826 -0.011814 0.009386 -0.000045 -0.000124 -0.022673 -0.002695 -0.000001 0.000197 -0.000208 0.147837 0.045348 -0.097789 -0.041401 -0.035875 -0.085342 -0.111851 0.172412 -0.062463 0.527815 0.471465 0.558537 0.433341 0.450002 0.257638 0.203914 0.674801 0.701829 0.544283 0.839026 1.043835 0.968740 0.827474 1.226659 0.746025 0.376018 0.200084 0.197901 -0.025287 0.097457 0.048075 0.073006 0.166316 0.394741 0.000002 -0.000001 -0.000012 -0.000028 -0.000023 0.000000 0.000000 0.000000
0.000000 0.000005 0.000002 -0.009251 -0.000031 -0.000023 0.001078 0.050923 -0.023105 0.062774 -0.023534 -0.042794 -0.069012 -0.008638 -0.004093 -0.000270 0.015161 0.277956 0.037098 0.000007 0.000004 -0.031335 -0.040639 0.163158 0.345546 0.935751 0.750889 0.556128 0.477250 0.603362 0.464021 0.305977 0.263325 0.593667 0.684959 0.654347 0.582426 0.865189 0.536672 0.410076 0.895248 0.601801 0.233316 0.087694 0.037086 -0.157441 -0.086404 -0.005511 0.000422 0.000575 0.000009 -0.004250 -0.000559 -0.001470 -0.001664 -0.000346 -0.000094 -0.000004 -0.000000
-0.000249 -0.000008 -0.000004 -0.004726 -0.003990 -0.001182 0.003200 0.041503 0.065137 0.000045 -0.003202 -0.006545 -0.007989 -0.122697 -0.004519 -0.013121 0.033115 0.094419 0.000000 -0.000003 -0.000002 -0.007435 -0.067969 0.350086 0.807022 0.891194 0.907530 0.473203 0.435119 0.738845 0.527121 0.294025 0.357067 0.665647 0.776151 0.620122 0.535397 0.214225 0.245353 0.067349 0.998380 0.583356 0.155817 -0.028694 -0.062222 -0.207226 -0.206697 -0.000002 0.000001 0.000000 -0.000000 -0.000866 -0.878125 -1.185517 0.250602 -0.003153 -0.000675 -0.000085 0.000001
-0.001542 -0.000006 0.000146 0.186954 -0.160657 -0.118572 0.007149 0.000000 0.000000 0.000000 0.000000 0.000000 -0.002445 -0.003332 -0.001201 -0.056860 0.004223 0.003547 0.001349 -0.009189 -0.102509 0.198635 0.491906 0.622959 0.760642 0.776437 0.458863 0.015885 0.006597 0.284759 0.241195 0.366857 0.391269 0.831590 0.950399 0.985534 0.251733 0.001686 0.001572 0.037237 0.865327 0.788648 0.128680 -0.031398 -0.058183 -0.233344 -0.252042 -0.311377 -0.000002 -0.000116 -0.002472 -0.145759 -0.310807 -0.614188 0.375914 0.000441 -0.000066 -0.001442 -0.000043
