use_cases/Flooding_chicago/flooding_data/output/hUy_900.asc
ncols 337
nrows 393
xllcorner 428428.000000
yllcorner 4602440.000000
cellsize 26.757400
NODATA_value -9999.000000
[rows 182 to 207 of 393, columns 58 to 115 of 337]
0.000222 0.000103 0.000365 0.000302 -0.001815 -0.002295 -0.002079 -0.000974 -0.011714 -0.000376 0.056604 0.001074 0.002202 0.012822 0.023535 0.002946 0.000323 -0.693227 -0.815118 -0.695199 0.035855 -0.221073 0.050217 0.004222 -0.000081 0.000000 0.000000 0.005734 0.038635 0.051429 0.004300 -0.074383 -1.473983 -0.915334 -0.084097 -0.031535 -0.001215 0.000247 0.000331 0.000131 -0.000583 -0.028751 -0.023010 -0.209328 -0.278295 -0.322965 -0.126489 -0.240183 -0.249558 0.069527 0.054441 0.413123 2.077716 -0.001169 -0.015492 -0.024532 -0.033338 -0.005963
-0.000222 -0.000103 -0.000822 -0.003161 -0.002654 -0.035349 -0.025618 -0.013572 -0.035075 -0.003082 0.016993 0.000961 0.002795 0.001042 0.000589 -0.000114 -0.000814 -0.684183 -0.816463 -0.728289 0.000370 0.013713 0.032819 0.012753 -0.000284 -0.011737 -0.005347 -0.000139 -0.000003 -0.000000 -0.000000 -0.000000 -0.558525 -0.958858 0.000106 0.000095 -0.000659 -0.000569 -0.000393 -0.000136 -0.000349 -0.055368 -0.005686 -0.000656 -0.206235 -0.176758 -0.361368 -0.219616 -0.019847 0.008548 0.004980 0.097040 0.859956 0.253780 0.249211 0.231230 0.247704 -0.011127
-0.011536 -0.009321 -0.024378 -0.015498 -0.029982 -0.057083 -0.043402 -0.023060 -0.006866 -0.073698 -0.005078 0.000871 0.002299 0.000107 -0.000124 -0.000211 -0.000473 -0.519975 -1.696415 -0.548139 -0.001076 0.000513 0.001212 0.011419 0.003901 -0.682125 -0.028925 -0.010430 -0.021729 -0.011860 -0.019428 -0.005560 -0.531027 -0.626973 -0.000174 -0.000275 -0.001553 -0.010255 -0.007440 -0.010601 -0.000474 0.000109 0.000008 -0.001646 -0.068229 -0.256809 -0.315062 -0.201112 0.000199 0.000841 0.001120 0.000628 0.026811 0.609280 0.584311 0.861903 0.586971 0.009165
-0.037624 -0.027124 -0.067334 -0.036615 -0.093177 -0.102584 -0.063430 -0.030115 -0.060967 -0.088855 -0.000032 -0.000577 0.000000 -0.000305 -0.000292 -0.002202 -0.001493 -0.365158 -1.649389 -0.299435 -0.000674 -0.000217 0.000880 0.001182 0.003814 -0.015021 -0.066438 -0.041811 -0.058491 -0.025408 -0.057222 -0.893970 -0.883029 -0.364743 -0.135332 -0.008792 -0.011382 -0.040836 -0.034196 -0.036389 -0.000863 -0.000452 -0.004989 -0.008447 -0.066361 -0.180905 -0.565207 -0.449002 -0.000114 0.000403 0.001702 0.000660 0.106914 0.187768 0.540060 0.207052 0.047938 0.046878
-0.006194 -0.059918 -0.031703 -0.011153 -0.022745 -0.210820 -0.193263 -0.154788 -0.067063 -0.077525 -0.036800 -0.001586 -0.000981 -0.012403 -0.007649 -0.001257 -0.013560 -0.178125 -1.547315 -0.895852 -0.016302 -0.009393 -0.000812 0.000284 0.000310 -0.003983 -0.009864 -0.073064 -0.059588 -0.504899 -0.452516 0.015822 -1.068773 -1.340346 -0.246646 -0.116969 -0.186084 -0.009564 0.195700 -0.254042 -0.088907 -0.153718 0.134063 -0.114401 -0.047756 -0.123469 -0.412544 -0.325434 -0.012686 -0.000517 -0.000020 0.000346 0.007762 0.000996 0.771823 0.000418 0.000006 0.000203
-0.001424 -0.016661 -0.021101 -0.009893 -0.000361 0.001924 -0.092607 -0.079835 -0.347314 -0.316031 -0.018450 -0.001232 -0.001112 -0.023128 -0.026334 -0.008206 -0.014902 -0.497217 -1.233147 -0.795867 -0.308985 -0.011739 -0.000999 -0.001377 -0.000495 -0.001432 -0.001824 -0.766732 -1.436680 -0.637651 -0.679120 0.635828 -0.354375 -0.662709 -0.098072 -0.068844 -0.147709 0.574670 0.316692 -0.038019 -0.204556 0.022436 0.037955 -0.023618 -0.030068 -0.078891 -0.386971 -0.262410 -0.140728 -0.008677 -0.000521 -0.000180 0.000180 0.003709 0.730756 0.055079 -0.007526 -0.000462
-0.002139 -0.006730 -0.112146 -0.006736 -0.001404 0.003866 0.002049 -0.037209 -0.243369 -0.452215 -0.250353 -0.001012 -0.000988 -0.002325 -0.090930 -0.005886 -0.006934 -0.469039 -0.887245 -0.664272 -0.334822 -0.003438 -0.020539 -0.006588 -0.021725 -0.014930 -0.018044 0.025929 0.028170 0.279282 -0.502461 1.287475 0.920157 0.634812 0.274582 -0.031717 0.169861 0.323415 0.002347 0.000771 -0.109952 0.247431 -0.100278 -0.071767 -0.022206 -0.047272 -0.331569 -0.266074 -0.001301 -0.062051 -0.000218 -0.000304 -0.000346 0.009051 1.495204 0.321766 -0.441953 -0.152809
-0.001117 -0.001868 -0.118948 -0.002596 -0.001504 -0.000419 0.001427 -0.009406 -0.126849 -0.523824 -0.362737 -0.007794 -0.014174 -0.001612 -0.041173 -0.112883 -0.128016 -0.271233 -1.273530 -1.307672 -0.989151 -0.011956 -0.032134 -0.009059 -0.041378 -0.023578 -0.052970 -0.002947 0.001414 0.000425 0.000660 0.032999 0.005663 0.000000 0.004867 -0.023583 0.063378 0.008714 0.001436 -0.000060 -0.025636 0.271833 -0.106878 0.052326 -0.056903 -0.070822 -0.252674 -0.179362 0.096939 -0.012017 0.000547 0.001340 0.021609 0.052414 0.964338 0.421845 0.105834 -0.183880
-0.035905 -0.121990 -0.067289 -0.025097 -0.000878 -0.004869 -0.001473 0.000199 0.000364 -0.366743 -0.458740 -0.003258 -0.029748 -0.007130 -0.013561 -0.256140 -0.449206 -0.737404 -0.821619 -1.105605 -0.716936 -0.509822 -0.064362 -0.046255 -0.057398 -0.032108 -0.117700 -0.001658 -0.001392 -0.000305 -0.000353 -0.000020 -0.000121 -0.005027 -0.000142 0.000038 0.000001 -0.001682 -0.001655 -0.018018 0.013389 0.220992 -0.074898 0.559543 -0.054730 -0.055686 -0.231941 -0.160976 0.168302 -0.005196 0.000019 0.000664 0.006957 0.028423 0.020053 0.094429 0.092760 0.087932
-0.069640 -0.095286 -0.164970 -0.012835 -0.017272 -0.006131 -0.003257 -0.000833 -0.000039 -0.283992 -0.298375 -0.150380 -0.075467 -0.069353 -0.131579 0.036551 -0.123714 -0.286268 -0.762674 -0.714643 -0.499235 -0.246050 -0.265188 0.082678 -0.272917 -0.294679 -0.057494 -0.046320 -0.229655 -0.015182 -0.009163 -0.016778 -0.345218 -0.017996 -0.007583 -0.000584 -0.003137 -0.002213 -0.015930 0.613959 0.016665 0.002890 -0.163956 0.561707 -0.002507 0.000222 -0.122629 -0.033825 0.223920 -0.000747 -0.006916 -0.000043 0.000746 0.010016 0.009448 0.049479 0.028360 0.029374
-0.012423 -0.215457 -0.374704 -0.023937 -0.038062 -0.002559 -0.032415 -0.006290 -0.001250 -0.126128 -0.294967 -0.300646 -0.222897 -0.071878 0.151764 0.121836 0.000645 -0.010785 -0.431730 -0.361496 -0.333250 -0.098667 -0.054828 0.278996 0.314258 0.311446 0.127798 -0.056912 -0.168432 -0.150367 -0.182355 -0.481584 0.031791 -0.655657 -0.021566 -0.007877 -0.000687 0.010801 -0.032387 0.576112 -0.107238 -0.188055 -0.172452 0.790047 0.028673 -0.000222 -0.142547 -0.038052 0.232531 0.380505 -0.013271 -0.005945 -0.000084 0.000066 0.001415 0.016860 0.001506 0.001120
0.000010 -0.185736 -0.243342 -0.204617 -0.009482 -0.009879 -0.078541 -0.002792 -0.001854 -0.047157 -0.111260 -0.187226 -0.521628 0.025521 0.194168 0.120047 0.073706 0.200657 -0.171798 -0.232464 -0.200224 0.030615 -0.002926 0.009799 0.030626 0.027010 0.059855 -0.066619 0.010819 -0.089653 -0.056068 -0.051317 -0.090007 -0.075036 -0.116616 -0.106614 -0.015016 0.051392 0.073961 0.536274 -0.147457 -0.280113 -0.080966 1.145380 0.085314 0.092482 -0.179480 -0.052147 0.257294 0.476363 0.031403 0.022834 0.008162 -0.004361 -0.000178 0.000493 0.001622 0.001188
-0.006804 -0.072161 -0.273053 -0.255683 -0.106268 -0.082441 -0.112684 -0.008211 -0.002264 -0.015992 -0.031066 -0.041531 -0.210249 -0.150856 0.145694 0.102814 0.053377 0.254575 -0.057224 -0.214469 -0.064096 0.033943 0.006319 0.014884 0.006105 0.014461 0.017512 0.013188 0.003899 0.000674 0.180573 0.147393 -0.284694 -0.013214 -0.030744 -0.032323 0.131904 0.124982 0.272060 0.978583 -0.125971 -0.250722 -0.050351 1.824893 0.175524 0.182982 0.185195 0.170398 0.209245 0.048521 0.091095 0.090613 0.061790 -0.000871 -0.010619 -0.000424 -0.000966 0.000919
-0.019106 -0.017568 -0.146480 -0.127038 -0.172038 -0.179091 -0.303469 -0.179067 -0.009700 -0.006853 -0.010955 0.038615 0.042859 -0.003675 0.081601 0.055512 0.037426 0.322442 0.054507 -0.211642 0.007156 0.035758 0.165998 0.054243 0.015331 0.043199 0.049842 0.040205 0.007761 0.000281 0.245744 0.302731 -0.328545 0.052763 0.007039 0.046250 0.407992 0.024229 0.025521 0.017184 0.210837 0.236730 0.227788 1.107644 0.195201 0.196851 0.023498 0.038359 0.045038 0.022400 0.014125 0.015693 0.010568 0.149578 -0.061522 -0.006323 -0.000486 0.000000
-0.002545 -0.006332 -0.187119 -0.176962 -0.067922 -0.084882 -0.437959 -0.764249 -0.496174 -0.028845 -0.006320 0.118864 0.041116 0.156300 0.064711 0.069096 0.060249 0.460387 0.197944 -0.149935 0.104404 0.146781 0.055640 0.022055 0.050112 0.030465 0.029142 0.029538 0.023085 0.063480 0.350204 0.458269 -0.194223 0.044024 0.019578 0.053659 0.020811 0.025098 0.012783 0.006818 0.010593 0.005150 0.009155 1.096814 0.345226 0.123138 0.015304 0.019790 0.011350 0.008988 0.005981 0.000326 0.000153 0.006132 0.033788 -0.018181 -0.010672 -0.005350
-0.013863 0.006211 -0.084673 -0.091607 -0.040906 -0.085406 -0.290786 -0.425753 -0.296222 -0.426893 -0.031284 0.102809 0.011685 0.451893 0.047985 0.079099 0.094757 0.462281 0.340004 -0.055556 0.310718 0.038485 0.015018 0.017486 0.017955 0.021345 0.016836 0.022540 0.019380 0.056278 0.054046 0.011275 0.019739 1.276791 0.048623 0.017251 0.011097 0.006337 0.006034 0.000175 0.000098 0.000002 0.000912 0.691607 0.628552 0.000035 0.000000 -0.000000 -0.000000 -0.000000 -0.000003 -0.000208 -0.000106 -0.000001 -0.000000 -0.057864 0.023871 -0.066840
-0.058332 0.002948 0.003058 0.001578 0.000870 -0.076814 -0.179238 -0.447692 -0.180799 -0.398578 0.052912 0.076970 0.279478 0.698916 -0.165176 0.082595 0.108701 0.640878 0.352204 0.015427 0.101567 0.015428 0.000381 0.008894 0.000326 0.000853 0.017020 0.006075 0.006421 0.025448 0.015671 0.001304 0.014315 0.076937 0.023767 0.006383 0.000000 0.000000 0.000000 -0.007828 -0.000205 -0.012336 0.369675 1.307631 0.833623 -0.151813 -0.013612 -0.019632 -0.006223 -0.011908 -0.007326 -0.007686 -0.013439 -0.006861 -0.022598 -0.224803 0.070385 0.554768
-0.017443 -0.001622 -0.005604 -0.002363 -0.000804 0.000110 0.016581 -0.124467 -0.098392 -0.241811 -0.061772 0.000308 0.581311 1.442935 -0.345338 0.310652 0.453322 0.062465 0.037958 0.075110 0.101097 0.001933 0.000418 -0.000003 -0.000208 0.000724 0.001544 0.000000 0.000000 0.000178 0.000005 -0.000065 0.001935 0.009031 0.013133 0.000512 -0.009776 -0.007076 -0.007448 -0.017629 -0.018732 0.082332 0.789017 1.520282 0.601947 -0.337729 0.123289 -0.031694 -0.018567 -0.027479 -0.013603 -0.013809 -0.029665 -0.047194 -0.222974 -0.312232 0.152575 0.551375
-0.000028 -0.001045 -0.001688 -0.030527 -0.037133 -0.000624 -0.000014 -0.000091 0.368106 -0.201167 -0.154977 0.033812 0.276054 0.453952 0.008697 0.115557 0.099474 0.030020 0.027561 0.040977 0.075886 0.006062 0.000009 -0.008750 -0.014182 -0.002829 -0.002467 -0.012736 -0.006438 -0.000347 -0.006002 -0.042527 -0.000401 0.000000 0.000000 -0.000137 -0.023628 -0.043681 -0.024570 -0.040053 -0.376951 0.476597 1.056126 1.421200 0.233928 -0.311407 0.163983 -0.511415 -0.055625 -0.026062 -0.020871 -0.022512 -0.180245 -0.460417 -0.134330 -0.173652 0.130999 0.281225
-0.001327 0.016455 0.003204 -0.120761 -0.192120 -0.078674 -0.009635 0.024107 0.026640 -0.039900 -0.065871 0.145704 0.699457 0.009643 0.005763 0.043166 0.048183 0.014475 0.012191 0.011482 0.020124 0.003920 -0.000626 -0.030843 -0.038250 -0.029792 -0.025327 -0.027949 -0.024458 -0.016213 -0.015533 -0.075367 -0.034727 -0.005460 -0.011833 -0.031118 -0.011279 -0.017170 -0.007227 -0.003931 -0.279272 0.698856 1.252053 1.435447 0.091247 -0.121057 0.166359 -0.420612 -0.312719 -0.213614 -0.117961 -0.020993 0.096760 -0.303557 0.048361 0.010401 0.001358 0.335831
0.000201 0.022156 0.008398 -0.054397 -0.136821 -0.093815 -0.171325 0.007063 0.007866 0.028633 -0.004668 0.073818 0.175177 0.000730 0.001651 0.004787 0.001738 0.029971 0.014311 0.012943 0.000222 0.001333 -0.001861 -0.111160 -0.200530 -0.215392 0.091913 -0.006188 -0.024320 -0.055566 -0.029026 -0.053779 -0.115890 -0.024048 -0.050681 -0.074202 -0.006566 -0.010596 -0.004470 -0.000063 0.201545 1.177531 1.561229 1.545101 -0.129032 -0.103884 0.131233 -0.344105 -0.224287 -0.211677 -0.125357 0.013413 0.708246 0.112283 0.055893 0.000010 0.000245 0.186734
0.000300 0.000916 0.000784 0.000384 -0.158400 -0.129098 -0.105238 0.000569 0.000393 0.000181 0.000079 -0.062450 0.197414 0.000845 0.002523 0.018175 0.002609 0.061723 0.003192 -0.001121 -0.000222 -0.002658 -0.001694 -0.051333 -0.220665 -0.108342 0.091668 -0.001590 -0.003394 -0.074301 -0.137461 -0.014034 -0.086374 -0.211625 -0.116641 -0.011137 -0.017444 -0.004392 -0.002400 -0.000308 0.751263 1.715901 1.785993 1.552677 -0.262025 -0.037478 0.001825 -0.355522 -0.223875 -0.007269 -0.036010 0.046503 0.233639 0.289179 0.089372 0.045563 0.049388 0.156879
-0.001527 -0.001081 -0.000835 -0.000394 -0.181412 -0.164245 -0.083767 -0.000247 -0.000331 -0.000176 -0.000085 -0.056457 0.201896 0.000380 0.001211 0.005450 0.000743 0.007089 -0.000055 -0.009269 -0.028512 -0.003811 -0.061774 -0.045324 -0.204035 -0.052290 0.000071 0.000000 -0.000711 -0.231321 -0.081355 -0.234906 -0.051707 -0.129221 -0.011705 -0.008401 -0.045571 -0.012021 -0.011017 -0.036441 1.020127 0.874745 0.893025 0.832138 0.004024 0.010576 -0.081973 -0.220779 0.203263 0.180007 0.000017 0.000983 0.003663 0.166523 0.084732 0.077346 0.091322 0.271064
-0.034588 -0.047548 -0.031391 -0.074964 -0.145902 -0.121304 -0.000013 -0.000554 -0.010213 -0.005632 -0.021309 0.001553 0.016495 0.000065 0.000065 0.000000 -0.000250 -0.000010 -0.000000 -0.002634 -0.063296 -0.020471 -0.217307 -0.143212 -0.047422 0.077536 -0.000494 -0.006244 -0.000602 -0.090321 -0.161549 -0.221958 -0.025598 -0.101123 0.000904 -0.005939 -0.015031 -0.033822 -0.023132 0.243279 0.905551 0.863283 0.891144 0.911697 0.008943 0.000376 0.000723 0.000376 0.024281 0.021111 0.002733 0.002692 0.000000 0.007810 0.006592 0.016795 0.030087 0.020101
-0.175659 -0.170801 -0.054398 -0.141162 -0.052724 -0.212300 -0.006666 -0.004162 -0.019351 -0.149665 0.002018 -0.000116 -0.000003 -0.000124 -0.000556 -0.005378 -0.019972 -0.009265 -0.012940 -0.008104 -0.117615 -0.139877 -0.126636 -0.101389 -0.015645 0.000222 -0.004409 -0.019736 -0.022459 -0.018874 -0.180927 -0.238699 -0.000042 0.000914 -0.000473 -0.003475 -0.083624 -0.125868 0.092829 0.422802 0.773924 0.750586 0.821268 1.012284 0.031349 -0.000376 -0.000723 -0.000376 0.008552 0.018069 0.001529 0.009387 0.003275 0.009455 0.004505 0.001421 0.013132 0.010445
0.041223 -0.015860 -1.061711 -0.309923 -0.120975 -0.326199 -0.241571 -0.115419 -0.179548 -0.059600 0.030530 0.016048 -0.021201 -0.014352 -0.010853 -0.020488 -0.023930 -0.034800 -0.024814 -0.457738 -0.546134 -0.205743 -0.270093 -0.031957 -0.003840 -0.000222 -0.001296 -0.021900 -0.182191 0.086019 -0.132862 -0.234883 -0.210207 -0.001385 -0.001579 0.095644 0.189868 0.228173 0.207554 0.478548 0.585076 0.651140 0.636921 1.547783 0.636530 -0.058666 -0.075335 -0.076348 0.004822 0.323896 0.003334 0.041666 0.004709 0.008082 -0.000268 0.000110 0.000391 0.000793
