use_cases/Flooding_chicago/flooding_data/output/hUy_1740.asc
ncols 337
nrows 393
xllcorner 428428.000000
yllcorner 4602440.000000
cellsize 26.757400
NODATA_value -9999.000000
[rows 156 to 181 of 393, columns 232 to 289 of 337]
0.031468 0.000536 0.005633 -0.000413 -0.019781 -0.015645 -0.012611 -0.004791 0.000222 0.000164 -0.209595 -0.284974 -0.068571 -0.032394 -0.023732 0.000000 0.138567 0.205986 0.146783 0.108219 0.089961 0.640308 0.931306 1.292542 0.749418 0.322879 0.399963 0.024525 0.069382 0.000631 -0.002739 0.007960 0.078366 0.017257 0.007860 0.006604 0.009661 0.000387 0.000921 -0.384755 0.108437 0.006784 0.001218 0.000306 -0.000189 -9999.000000 -9999.000000 -9999.000000 -9999.000000 -9999.000000 -9999.000000 -9999.000000 -9999.000000 -9999.000000 -9999.000000 -9999.000000 -9999.000000 -9999.000000
0.127210 0.007749 0.000000 -0.005342 -0.009446 -0.071379 -0.053972 -0.001970 -0.000222 0.000118 -0.056830 -0.243940 -0.105533 -0.204168 -0.204847 0.071135 0.120268 0.205062 0.001475 0.001050 0.000412 0.073807 0.685396 1.393489 1.089629 0.587564 0.395410 0.003178 0.000380 0.000221 -0.001911 0.000604 0.000820 0.000846 0.000329 0.000000 0.000000 -0.007341 0.173339 -0.621440 -0.060833 0.008806 0.002303 0.001656 0.001459 -9999.000000 -9999.000000 -9999.000000 -9999.000000 -9999.000000 -9999.000000 -9999.000000 -9999.000000 -9999.000000 -9999.000000 -9999.000000 -9999.000000 -9999.000000
0.064018 0.006400 -0.001240 -0.003436 -0.019341 -0.098591 -0.158322 -0.020076 -0.001357 0.000326 0.013433 0.036316 0.018584 -0.117475 -0.256596 0.097649 0.000824 0.001679 0.002492 -0.000045 -0.000334 0.121512 0.525388 1.388594 1.012678 0.598048 0.412389 0.009793 0.000004 -0.000016 -0.000869 -0.000334 -0.000915 -0.001002 -0.000955 -0.030775 -0.025700 -0.134789 0.397741 -0.631709 -0.233704 0.002332 0.006196 0.000681 0.000681 -9999.000000 -9999.000000 -9999.000000 -9999.000000 -9999.000000 -9999.000000 -9999.000000 -9999.000000 -9999.000000 -9999.000000 -9999.000000 -9999.000000 -9999.000000
0.018292 -0.000030 -0.001053 -0.011927 -0.067023 -0.036626 -0.641052 -0.007549 -0.001113 -0.001023 0.000210 -0.000651 -0.000537 -0.149458 -0.142751 0.000555 0.000995 0.087218 0.091912 0.068534 0.010875 0.126443 1.143990 1.219857 1.057814 0.824849 0.426686 0.029259 -0.000380 -0.000240 -0.000827 -0.000655 -0.016695 -0.010376 -0.079016 -0.288329 -0.219423 -0.205456 0.392311 -0.496880 0.026021 0.000864 0.000872 0.000000 -0.000000 -9999.000000 -9999.000000 -9999.000000 -9999.000000 -9999.000000 -9999.000000 -9999.000000 -9999.000000 -9999.000000 -9999.000000 -9999.000000 -9999.000000 -9999.000000
-0.000420 -0.010216 -0.008296 -0.036109 -0.428687 -0.520446 -0.318045 0.018680 -0.024280 -0.001242 -0.000516 -0.000845 0.032244 -0.130460 -0.332687 0.000618 0.153456 0.462537 0.534369 0.353852 0.207545 0.396279 0.673013 0.968189 0.704906 0.532599 0.509235 0.036641 -0.005623 -0.000490 -0.001441 -0.006351 -0.109163 -0.123700 -0.063545 -0.190566 -0.159664 -0.213411 0.195473 -0.313536 0.023365 0.001278 0.000736 -0.000681 -0.000681 -0.000071 -9999.000000 -9999.000000 -9999.000000 -9999.000000 -9999.000000 -9999.000000 -9999.000000 -9999.000000 -9999.000000 -9999.000000 -9999.000000 -9999.000000
-0.027043 -0.046767 -0.997332 -0.202502 -0.110155 -0.393980 -0.164021 0.571700 0.144463 -0.016733 -0.016164 -0.002636 0.063645 -0.222502 -0.183507 0.188269 0.419222 0.893488 0.826753 0.460091 0.269140 0.340217 0.059569 0.727142 0.365607 0.288939 0.424479 -0.020253 -0.001270 -0.002001 -0.008741 -0.075676 0.079846 -0.055320 -0.048918 -0.187621 -0.199571 -0.322999 -0.002617 0.000388 0.000278 -0.000136 -0.002656 -0.009341 -0.006617 -0.003097 -9999.000000 -9999.000000 -9999.000000 -9999.000000 -9999.000000 -9999.000000 -9999.000000 -9999.000000 -9999.000000 -9999.000000 -9999.000000 -9999.000000
-0.450013 -0.427270 -0.699505 -0.029692 -0.021784 -0.245814 -0.044524 0.638446 0.612708 -0.353057 -0.635311 -0.002094 0.323944 -0.101782 -0.010242 0.608962 0.774763 1.079000 0.735114 0.478847 0.108571 -0.049158 -0.002191 0.067917 0.341412 0.280084 0.433771 0.115912 0.001984 0.002652 0.009711 0.048893 0.007513 0.000619 0.072514 -0.184785 -0.241366 -0.467676 -0.001410 -0.000081 -0.000581 -0.001857 -0.002387 -0.052615 -0.007662 -0.003189 -9999.000000 -9999.000000 -9999.000000 -9999.000000 -9999.000000 -9999.000000 -9999.000000 -9999.000000 -9999.000000 -9999.000000 -9999.000000 -9999.000000
-0.162504 -0.192005 -0.472815 0.082285 0.127740 -0.086967 0.095752 0.737404 0.583202 -0.062013 -0.719655 -0.185645 0.434508 -0.027528 0.144799 0.797270 0.701883 0.748300 0.691257 0.115516 0.129095 0.113159 -0.149810 0.253246 0.270613 0.215282 0.299026 0.024973 0.000001 0.000066 0.001755 0.016031 0.001168 0.000442 0.000303 0.032230 -0.262107 -0.669688 -0.016589 -0.002064 -0.021481 -0.007224 -0.001090 -0.017778 -0.004220 -0.004513 -9999.000000 -9999.000000 -9999.000000 -9999.000000 -9999.000000 -9999.000000 -9999.000000 -9999.000000 -9999.000000 -9999.000000 -9999.000000 -9999.000000
-0.022758 -0.087401 -0.199387 0.188167 0.242566 0.042040 0.229200 1.173654 0.546489 0.066727 -0.585136 -0.259622 0.361085 0.204007 0.292847 0.581811 0.472820 0.335154 0.332087 0.121502 0.159132 0.334089 0.126990 0.329330 0.103239 -0.005009 0.076018 -0.138995 0.007358 0.000998 0.000626 0.000717 0.000661 -0.000448 -0.000666 0.000040 -0.025597 -0.591188 -0.674541 -0.223395 0.706098 -0.003260 0.000155 -0.007681 0.000903 0.003370 -9999.000000 -9999.000000 -9999.000000 -9999.000000 -9999.000000 -9999.000000 -9999.000000 -9999.000000 -9999.000000 -9999.000000 -9999.000000 -9999.000000
0.125748 0.168035 -0.088979 0.306594 0.299752 0.136613 0.475272 1.241462 0.412997 0.219252 -0.258012 -0.136041 0.197999 0.248200 0.541052 0.172690 -0.033452 0.137793 0.062108 0.116815 0.191571 0.875966 0.262566 0.539716 0.002165 -0.141376 -0.038062 -0.419110 0.066135 0.019324 0.000622 0.000174 -0.000911 -0.000799 -0.020657 -0.000498 -0.007693 -0.387688 -0.910065 -0.937108 0.053063 0.000556 0.003025 -0.000380 0.003580 0.002794 0.026052 -9999.000000 -9999.000000 -9999.000000 -9999.000000 -9999.000000 -9999.000000 -9999.000000 -9999.000000 -9999.000000 -9999.000000 -9999.000000
0.267539 0.065561 0.039348 0.368988 0.282566 0.222638 0.526491 1.021742 0.247330 0.370525 0.250197 0.064888 0.067475 0.272025 0.460920 -0.024210 -0.230519 -0.034900 0.120810 0.205820 0.425125 0.179551 0.308462 0.892840 0.050010 -0.077288 0.009656 -0.146692 0.006946 0.006769 0.000220 -0.000919 -0.000916 -0.000620 -0.017804 -0.020167 0.000000 -0.013561 -0.387232 -0.892614 0.000143 0.000392 0.000796 0.000630 0.003138 0.002663 0.020020 -9999.000000 -9999.000000 -9999.000000 -9999.000000 -9999.000000 -9999.000000 -9999.000000 -9999.000000 -9999.000000 -9999.000000 -9999.000000
0.568167 0.147787 0.287507 0.552738 0.416006 0.370983 0.744024 1.036268 0.440847 0.519972 0.384801 0.156323 0.116716 0.510233 0.596839 -0.062842 -0.239447 -0.057915 0.137124 0.167741 0.128533 0.000405 0.000586 0.021674 0.003926 0.107107 0.078930 -0.040445 0.000068 -0.000009 -0.000462 -0.022330 -0.015100 -0.001830 -0.102188 -0.012747 -0.005710 -0.009623 -0.005875 -1.108783 -0.000141 -0.000366 -0.000717 -0.000437 -0.000016 0.000148 0.000405 -9999.000000 -9999.000000 -9999.000000 -9999.000000 -9999.000000 -9999.000000 -9999.000000 -9999.000000 -9999.000000 -9999.000000 -9999.000000
1.150116 0.746133 0.781738 0.896713 0.745781 0.403647 0.571950 0.679888 0.577323 0.639480 0.456347 0.016440 0.038360 0.033287 0.012305 0.052569 -0.162294 -0.054994 0.184136 0.159804 0.134033 -0.000323 -0.000418 0.000121 0.005129 0.003871 0.112825 0.000573 -0.000520 -0.005785 -0.026429 -0.047487 -0.034759 -0.001043 -0.097803 -0.063879 -0.004577 -0.006841 -0.003178 -0.968806 -0.009078 -0.020330 -0.027515 -0.027277 -0.006791 -0.000371 -0.000544 -9999.000000 -9999.000000 -9999.000000 -9999.000000 -9999.000000 -9999.000000 -9999.000000 -9999.000000 -9999.000000 -9999.000000 -9999.000000
0.011681 0.189782 0.485161 0.463401 0.258655 0.512442 0.661108 0.774060 0.543481 0.594073 0.015645 0.005442 0.017278 0.016454 0.003203 0.000858 -0.065486 -0.028930 0.198172 0.088199 0.137871 0.024290 -0.064313 -0.000391 0.002522 0.004247 0.002713 0.000322 -0.009290 -0.203710 -0.539811 -0.224170 -0.008534 -0.009865 -0.067006 -0.053196 -0.002215 -0.003164 -0.022424 -0.937154 -0.558293 -0.037769 -0.050079 -0.064697 -0.018602 -0.009756 -0.008559 -0.000874 -9999.000000 -9999.000000 -9999.000000 -9999.000000 -9999.000000 -9999.000000 -9999.000000 -9999.000000 -9999.000000 -9999.000000
0.000208 0.000106 0.725250 0.642382 0.384886 0.489394 0.634184 1.306442 0.546310 0.610465 0.055837 0.021254 0.001669 0.001261 0.004006 0.000875 -0.076034 -0.002861 0.212422 -0.017055 0.323782 0.049153 -0.047189 -0.024347 0.000384 0.000559 -0.000825 -0.001424 -0.095771 -0.065679 -0.189909 -0.114893 -0.012264 -0.017137 -0.143624 -0.159836 -0.069986 -0.030189 -1.024214 -1.618860 -1.583766 0.750778 -1.884355 -0.085657 -0.642933 -0.021328 -0.010200 0.007515 -9999.000000 -9999.000000 -9999.000000 -9999.000000 -9999.000000 -9999.000000 -9999.000000 -9999.000000 -9999.000000 -9999.000000
-0.000326 -0.000120 1.972586 0.757502 0.469034 0.516929 1.119093 1.216742 0.066966 0.029363 0.083014 0.014065 0.003625 0.001799 0.024986 0.002306 -0.051868 -0.009902 0.263694 -0.077106 0.419336 0.081235 -0.045902 -0.108956 0.000000 -0.000720 -0.002176 0.011609 -0.005303 -0.006215 -0.180938 -0.126281 -0.167873 -0.090488 -0.750300 -0.614305 -0.342479 -0.284757 -0.546556 -1.673124 -0.882946 1.230414 -0.598305 0.634077 0.129049 -0.118038 -0.014059 0.033478 0.020168 -9999.000000 -9999.000000 -9999.000000 -9999.000000 -9999.000000 -9999.000000 -9999.000000 -9999.000000 -9999.000000
-0.004612 -0.003084 2.431615 0.921799 0.505310 0.888972 1.666583 0.039479 0.007831 0.006542 0.055522 0.004336 0.006327 0.001772 0.012402 0.001306 0.359777 0.143540 0.679076 -0.142190 0.532553 0.153401 0.076388 0.052373 0.008777 0.002762 0.053417 0.018878 -0.002664 0.115910 -0.102203 -0.126433 0.000000 -0.025962 -0.539846 -0.198412 0.125470 -0.037780 -0.620304 -1.581276 -0.918977 1.519937 -0.068131 0.736571 0.250784 0.002327 -0.226681 0.007016 0.008521 0.011975 -9999.000000 -9999.000000 -9999.000000 -9999.000000 -9999.000000 -9999.000000 -9999.000000 -9999.000000
-0.192098 1.017120 1.797055 1.199848 0.616393 0.465284 0.400809 0.004611 0.000000 0.000027 0.000778 0.004549 0.004732 0.000222 0.000005 0.006277 0.041427 0.563035 0.590983 -0.083400 0.017539 0.395370 0.050532 0.061877 0.009029 0.003911 0.016117 0.000003 0.000208 0.000005 -0.088793 -0.109808 -0.078673 -0.016594 -0.272900 -0.041966 0.262744 0.066033 -0.637446 -1.748754 -0.688375 1.391291 0.321940 0.587193 0.172956 0.002502 -0.201569 0.000132 0.000326 0.007574 -9999.000000 -9999.000000 -9999.000000 -9999.000000 -9999.000000 -9999.000000 -9999.000000 -9999.000000
0.277448 1.078647 2.089804 0.716818 0.223733 0.018543 0.015173 -0.000653 -0.015993 -0.000402 -0.002205 -0.003663 -0.002325 -0.000222 0.000134 0.020634 0.039292 0.037249 0.027859 0.020420 0.015938 0.022429 0.027325 0.030581 0.025925 0.008554 0.016174 -0.035224 -0.000326 0.000038 0.058451 -0.179251 -0.029135 0.650898 0.106642 0.121836 0.138278 -0.133821 -0.562189 -1.599453 -0.588156 1.045534 0.305045 0.307041 0.074160 -0.159430 -0.630885 -0.000108 -0.000208 -0.000003 -0.000000 0.054297 -9999.000000 -9999.000000 -9999.000000 -9999.000000 -9999.000000 -9999.000000
0.741148 1.133033 0.988805 1.126150 0.001012 0.009847 0.000837 -0.083816 -0.801854 0.365342 -0.073354 -0.003775 -0.003845 0.000182 -0.000132 0.035197 0.048813 0.001773 0.001435 0.032188 0.021035 0.000663 0.000754 0.060349 0.045855 0.010499 0.001603 -0.114591 -0.004012 0.001786 0.301223 0.324173 0.255079 0.448330 0.236453 0.269468 0.050376 -0.252776 -0.494697 -1.481091 -0.353038 0.783903 0.401197 0.289984 0.050855 -0.426078 -1.298962 -0.469591 -0.006648 -0.006051 -0.014007 0.169871 -9999.000000 -9999.000000 -9999.000000 -9999.000000 -9999.000000 -9999.000000
0.147183 0.068643 1.071887 1.267796 0.000192 0.000000 -0.000084 0.087156 -0.541298 0.451081 0.007549 0.010673 -0.000031 0.000751 -0.000460 0.035296 0.000634 0.002329 0.001986 0.028475 0.000587 -0.000385 0.000266 0.080644 0.059465 0.000222 0.000672 -0.039670 -0.071038 -0.006968 0.511554 0.414033 0.393852 0.606675 0.001696 0.039616 0.033965 0.042388 -0.581105 -1.181718 0.072174 0.952308 0.615709 0.394106 0.123403 -0.133680 -1.493480 -0.444265 -0.716115 -0.613045 0.507451 1.698587 0.969103 -9999.000000 -9999.000000 -9999.000000 -9999.000000 -9999.000000
0.228520 0.101799 1.207399 1.795566 0.053965 -0.165907 -0.105376 0.122452 -0.415404 0.341677 -0.038905 0.023029 0.001103 0.001125 -0.000213 0.017956 -0.000388 -0.000763 0.000360 0.000360 -0.000064 -0.048008 -0.076718 0.167861 0.049003 -0.000222 0.003954 -0.015519 -0.028933 -0.010826 0.535268 0.406684 0.917571 0.475092 0.002562 0.002289 0.001505 0.016509 0.001995 -1.101288 0.671831 1.495343 1.098579 0.859341 0.497764 0.112631 -1.170421 -1.530356 -0.648296 0.480793 1.672973 1.735995 0.874886 0.358825 -9999.000000 -9999.000000 -9999.000000 -9999.000000
0.308648 0.012236 0.765565 1.583045 -0.047438 -0.557905 -0.390449 0.178375 0.009201 0.219289 -0.073092 0.000987 0.001504 0.001056 -0.000370 -0.000808 -0.095924 -0.000706 -0.000360 -0.000360 0.084749 0.139575 0.047606 0.198712 0.054672 -0.002505 0.003473 -0.007596 -0.028937 0.077577 0.467134 0.467554 1.013601 0.350729 -0.001591 0.000499 0.000219 0.000063 0.053650 -0.615609 1.527052 2.539802 1.952098 1.451568 1.011231 0.477345 -0.466111 -0.939685 -0.079784 1.617503 1.879455 1.254203 0.406872 0.406041 0.658500 -9999.000000 -9999.000000 -9999.000000
0.360949 -0.473603 0.344167 0.879530 -0.478959 -0.781729 -0.629515 0.165015 0.130306 0.160599 0.091846 0.001492 0.002478 0.001431 -0.117233 -0.262840 0.268094 0.058214 -0.007443 -0.010456 0.159100 0.201936 0.080426 0.184236 -0.017654 -0.006074 -0.005343 -0.092525 -0.036345 0.160032 0.912102 0.633053 0.953871 0.361979 -0.037494 -0.113315 -0.159595 -0.000554 0.139022 0.064461 2.882190 2.888295 2.788930 1.947205 2.288599 1.391462 0.542007 0.268585 1.002137 2.776985 1.944007 0.998919 0.574576 0.130168 0.239064 -9999.000000 -9999.000000 -9999.000000
0.748793 0.337641 -0.359590 0.268369 -1.034384 -1.247882 -0.915251 0.000897 0.012021 0.005678 0.004156 0.000916 0.003439 0.001883 -0.173653 -0.713632 0.492014 0.094912 -0.116380 -0.132958 0.285321 0.205475 0.156904 0.219944 -0.010271 0.000340 -0.003954 0.002123 -0.052773 0.286431 0.911354 0.490468 0.387990 0.326923 0.034922 0.063730 -0.105374 0.103773 0.142075 0.475480 3.376873 3.567165 1.279051 1.318822 1.129957 0.798169 0.306509 1.069990 1.778004 1.546982 0.316085 0.160102 0.051249 -0.164737 -0.021153 0.000000 -9999.000000 -9999.000000
0.946639 0.826991 -0.716303 0.148647 -1.380284 -2.416502 -1.225225 -0.000100 0.000000 0.000365 -0.000076 0.000010 0.000569 0.000393 0.006098 -0.438792 0.406674 0.106991 -0.023407 -0.039853 0.287739 0.189430 0.120567 0.251433 -0.010845 -0.000000 -0.000990 0.010430 0.015098 0.521503 0.900902 0.539786 0.470770 0.463465 0.160354 0.049375 -0.118033 0.022179 0.000042 1.363547 4.017408 2.902913 1.515696 1.549106 2.151567 0.958495 1.058369 1.622368 1.443617 0.866451 0.299974 0.116571 -0.001400 -0.071344 -0.059696 -9999.000000 -9999.000000 -9999.000000
