use_cases/Flooding_chicago/flooding_data/output/hUy_2280.asc
ncols 337
nrows 393
xllcorner 428428.000000
yllcorner 4602440.000000
cellsize 26.757400
NODATA_value -9999.000000
[rows 156 to 181 of 393, columns 174 to 231 of 337]
1.271958 0.788701 0.341787 0.210491 0.474550 0.817136 0.330152 0.356603 0.208165 0.148640 0.625353 0.864331 0.481514 0.009267 0.015385 0.000886 0.040215 0.068979 0.020618 0.000372 0.000222 0.000103 0.929052 3.573050 4.424553 1.202798 0.020150 0.037251 0.045265 0.010605 0.001028 0.001447 0.014818 0.005878 0.005878 0.000199 0.000063 0.096628 0.359704 0.235805 0.221661 0.322768 1.009734 1.388206 1.693155 1.232574 0.095142 0.000051 0.001960 0.015203 0.016840 0.004840 0.007960 0.038299 0.068485 0.036688 0.223999 0.589209
1.625422 0.831699 0.303142 0.161864 0.229843 1.109462 0.591577 0.295909 -0.015908 0.148023 0.683838 0.914168 -0.181040 0.627319 0.017136 0.000558 0.007407 0.030773 0.006665 0.000296 -0.000222 -0.000103 1.460061 4.439022 4.892598 0.007381 0.009283 0.015794 0.016200 0.001347 -0.000293 -0.000214 0.000000 0.000000 0.000000 -0.000070 -0.000064 0.190797 0.222481 0.132017 0.121322 2.810222 1.315962 1.441370 2.174296 2.769454 1.566892 0.006660 0.001073 0.003328 0.004978 0.019428 0.042211 0.023609 0.017920 0.008661 0.134796 0.843227
2.521294 0.130220 0.102172 0.113958 1.183483 0.491791 0.892550 0.582883 0.063570 0.035369 0.897571 1.488690 -0.186145 0.193202 0.076921 0.031553 0.016029 0.005230 0.000236 -0.001021 -0.001488 -0.001142 1.609534 4.161055 4.143847 0.000000 0.000000 0.000000 0.000067 -0.000082 -0.018995 -0.017889 -0.000912 -0.007126 -0.007164 -0.006508 0.093574 0.706513 0.274222 0.207607 0.205355 0.665365 0.233469 0.263847 0.880299 3.038262 2.242027 0.030022 0.002125 0.014819 0.021715 0.023318 0.031189 0.002722 0.000112 0.000193 0.133890 0.384411
1.301070 0.145605 0.274350 0.192704 0.129400 0.187055 0.272167 1.166490 0.068522 0.010865 0.030784 2.967123 0.830929 0.160188 0.142620 0.141509 0.029307 0.033126 -0.000554 -0.001791 -0.001276 -0.001061 1.916793 4.351820 2.899710 -0.007509 -0.009243 -0.005350 -0.000464 -0.000305 -0.014467 -0.025448 -0.001630 -0.018882 -0.014489 -0.016955 0.254176 0.672423 0.448266 0.247505 0.134592 0.297073 0.110554 0.064904 0.112117 2.760377 1.750162 0.109077 0.012705 0.008546 0.011871 0.013661 0.017313 0.001373 -0.015566 -0.001882 0.178856 0.188896
0.750718 0.039678 0.059260 0.068656 0.040064 0.298741 0.245460 0.112158 0.040071 0.008786 0.026281 0.293920 0.537959 0.172203 0.150678 0.141018 0.021159 0.022380 0.177900 0.010273 -0.055327 -0.008660 1.834827 4.107784 3.305491 -0.144121 -0.021609 -0.017251 -0.006827 -0.009953 -0.021189 -0.084876 -0.042761 -0.037632 -0.021670 -0.032892 0.561740 0.801418 0.393929 0.659311 0.154364 0.040961 0.010090 0.137841 0.295012 3.877873 1.776774 0.027861 0.005265 0.000172 0.000396 0.000555 0.008192 0.000291 -0.240180 0.023854 0.202148 0.231739
0.636274 0.042521 0.048436 0.035974 0.069888 0.251661 0.161623 0.162751 0.034161 0.004268 0.017790 0.097490 0.624096 0.207184 0.152781 0.110216 0.019347 0.023187 0.034743 0.032587 0.613318 0.506711 2.346234 5.110638 3.726347 0.198210 -1.691543 -0.443676 -0.018022 -0.026818 -0.011961 -0.131949 -0.075265 -0.040989 -0.034241 0.011953 2.626336 1.122668 0.514968 0.378898 0.271173 0.034873 0.001562 0.405619 0.838364 3.491233 0.262958 0.007330 -0.000002 -0.000132 -0.000330 -0.000401 -0.000013 -0.000105 1.009632 0.193688 -0.109292 0.079208
0.611521 0.040984 0.040198 0.029671 0.093362 0.104662 0.191069 0.179117 0.041215 0.000726 0.006453 0.095779 0.225445 0.229275 0.080818 0.036310 0.015362 0.016372 0.019080 0.036346 0.029361 0.056107 2.963294 5.096076 3.188919 -0.621513 -1.203583 -0.047508 -0.444921 -0.351061 0.044062 -0.188827 -0.146364 -0.088485 -0.231046 0.880590 1.441499 0.046158 0.044068 0.034395 0.005907 -0.002223 0.071821 0.902081 1.152678 2.190779 0.012549 -0.000307 -0.008844 -0.023905 -0.007649 -0.010911 -0.007095 -0.005456 1.829460 -0.204996 -0.815904 -0.004241
0.790959 0.010119 0.037760 0.007246 0.098439 0.073954 0.174434 0.149544 0.049876 0.001264 0.000046 0.000001 0.565263 0.613608 0.000009 0.000257 0.000450 0.000310 0.014646 0.008770 0.010130 0.013997 1.458392 4.738696 3.364292 0.069102 -0.743928 0.231737 -0.051717 -0.198583 0.048820 -0.064352 -0.035457 -0.009884 0.494063 1.096226 1.539527 0.014773 0.027004 0.009723 0.000668 0.000112 0.276939 1.578789 1.780667 0.569692 0.020284 0.001980 -0.042438 -0.076419 -0.018349 -0.024270 -0.015831 -0.032783 2.325920 0.125390 -0.770995 -0.198372
0.502448 0.004499 0.022564 0.006153 0.082855 0.093888 0.077416 0.116096 0.047247 0.002570 0.000575 -0.003436 0.484831 0.584677 0.253086 -0.000616 -0.064229 -0.000421 0.000012 0.000843 0.000528 0.000189 1.064863 4.534837 3.846290 0.418176 -0.421830 0.421670 0.201696 -0.078199 0.052293 -0.024121 0.009608 0.024629 0.737297 0.610077 0.436989 0.000473 0.007272 0.000326 0.000114 -0.000053 0.641616 2.235124 0.929011 0.146943 0.064955 0.011222 -0.125645 0.095675 -0.759949 -0.027727 -0.034732 -0.004055 3.594575 0.116696 -0.825136 -0.279216
0.653978 0.038065 0.007134 0.020878 0.048600 0.063847 0.064246 0.077477 0.008754 0.003490 0.001914 0.003478 0.066882 0.441890 0.479269 0.167382 0.000747 0.055296 -0.114344 0.000044 0.000647 -0.000079 0.624634 3.716921 3.536203 0.490823 0.042089 0.727131 0.435796 0.078299 0.005394 -0.001819 0.103331 0.106367 0.088354 0.899376 0.443688 0.001726 -0.000003 -0.000208 -0.000181 0.614278 1.143919 1.274726 0.641209 0.342022 0.007386 0.035189 -0.057903 0.357383 -1.015698 -0.109735 -0.037939 0.194643 3.696723 0.246770 -0.866176 -0.311926
0.324630 0.019788 0.025215 0.061444 0.016732 0.015885 0.144625 0.025172 0.024197 0.006319 0.002153 0.007428 0.024106 0.291158 0.681140 0.407812 0.124145 0.206113 -0.121176 -0.000854 0.001361 -0.000653 0.108744 4.116026 2.867937 0.336662 0.219232 0.463046 0.596964 0.119490 -0.008789 0.007037 0.008096 0.013675 0.021776 0.383556 0.841513 0.004350 -0.007001 -0.006542 -0.006639 0.796677 1.870299 1.461371 0.038812 0.025871 0.006288 0.042366 0.017082 0.478686 -0.220010 0.019478 0.095258 0.400907 3.724093 0.071531 -0.611534 -0.283043
0.002012 0.002421 0.016458 0.035794 0.013253 0.018731 0.078390 0.086198 0.066760 0.011987 0.003358 0.046466 0.321679 0.462940 0.015413 0.014686 0.032872 0.542284 -0.093512 -0.000690 0.006677 -0.000293 -0.278763 4.613075 3.175598 0.496037 0.483369 0.329280 0.726239 0.282504 0.109150 0.038143 0.002000 0.006824 0.010627 0.012638 0.904335 0.452998 -0.035113 0.209751 0.096033 0.990212 1.893532 1.403585 0.002454 0.000000 0.017800 0.024512 0.011362 0.011147 -0.012905 0.085152 0.199890 1.082054 3.737210 0.176270 -0.005288 -0.099020
0.007159 0.020203 0.020820 0.032762 0.009693 0.016881 0.102635 0.049941 0.022400 0.038177 0.021118 0.078516 0.079107 0.024605 0.008878 0.007729 0.012141 0.024138 0.013642 0.005958 0.038100 1.026448 0.583318 5.465989 4.132751 0.308040 0.013506 0.351707 0.038641 0.101332 0.105392 0.033960 0.002369 0.000000 0.000000 0.068668 0.844721 0.983833 0.989968 0.312699 0.210667 0.461120 0.638395 0.567255 0.004947 0.006157 0.021174 0.001200 0.000980 0.000522 0.020798 0.214613 0.373211 0.639757 1.403648 0.042659 0.021919 0.314302
0.014625 0.011594 0.017908 0.026554 0.007651 0.015531 0.097113 0.010667 0.008727 0.016963 0.008739 0.027622 0.024392 0.013006 0.001269 0.000581 0.000369 0.000369 0.012637 0.000664 0.006518 0.626610 1.086669 4.688140 1.441450 0.030734 0.012073 0.100644 0.021003 0.035806 0.087517 0.053838 0.006455 -0.021397 0.289402 2.401660 2.502869 1.335364 0.592688 0.023674 0.014608 0.913597 0.689521 0.500309 0.005408 0.008595 0.018874 0.001948 0.000935 0.000138 0.000445 0.040913 0.058412 0.080961 1.684837 0.100092 0.000435 0.014749
0.036427 0.000560 0.006399 0.010089 0.000791 0.008770 0.040187 0.000289 0.000000 0.000000 0.000144 0.000145 0.000010 0.000000 -0.000189 -0.000271 -0.000029 -0.000006 -0.000001 -0.000031 -0.000001 0.807379 1.424241 2.666559 1.908769 0.011488 0.010291 0.059478 0.016903 0.014875 0.068298 0.131439 0.343015 0.263152 0.335430 0.891070 1.237865 1.171482 0.101593 0.007820 0.000342 0.551015 1.191216 0.445219 0.009139 0.002846 0.004367 0.001065 -0.000126 -0.000477 0.000167 0.000029 0.000412 0.127770 1.451167 0.669272 -0.000025 0.000003
0.010524 0.000294 0.000100 0.000015 0.000365 0.000514 0.002417 0.000426 -0.024035 -0.008488 -0.000455 -0.000138 -0.005514 -0.014544 -0.042810 -0.006047 -0.000575 -0.000373 -0.040991 -0.051463 -0.019987 1.207331 1.513217 1.546912 1.467078 0.020009 0.001389 0.011628 0.011893 0.008449 0.079488 0.366361 0.581573 1.495577 0.555829 0.528436 0.316452 0.128524 0.050987 0.027390 0.040521 0.303556 0.933035 0.450361 0.026436 0.006508 0.006978 -0.001100 -0.000924 -0.017608 -0.119313 -0.001508 -0.000534 0.158115 1.151473 0.670477 0.132762 -0.016410
0.040157 0.001030 -0.000201 -0.008620 -0.000832 -0.000372 -0.000644 -0.000695 -0.042915 -0.017376 -0.019042 -0.018343 -0.042393 -0.434924 -0.047757 -0.008978 -0.001770 -0.012993 0.133807 0.119041 1.116398 2.046125 2.291286 2.370517 1.062916 0.012904 0.000334 0.000063 0.000000 0.000000 0.242050 0.756803 1.088557 1.347643 0.024664 0.018277 0.011700 0.000822 0.000804 0.064976 0.106709 0.555953 0.858781 0.462124 0.090567 0.023760 0.021940 -0.028530 -0.015031 -0.589751 0.042571 0.316102 -0.000783 0.189149 1.128815 0.773061 0.637226 0.640935
0.101352 0.013290 -0.011509 -0.023651 -0.007252 -0.000594 -0.000839 -0.005702 -0.046293 -0.040063 -0.105000 -0.399092 0.612791 -0.284061 -0.708086 -0.013083 -0.001995 0.242029 0.316486 0.386734 1.713129 2.298820 2.021065 1.105023 0.611290 0.009985 0.000591 -0.000558 -0.031633 -0.018150 0.584158 0.986540 0.766208 0.023880 0.019645 0.002332 0.000086 -0.000048 0.001384 0.222758 0.294797 0.872567 0.862947 0.793142 0.101877 0.034982 0.017302 -0.081170 -0.112050 -0.195611 0.282391 0.417393 0.111369 0.160942 0.370080 0.397833 0.336907 1.052136
0.065052 0.006789 -0.157398 -0.025033 -0.017110 -0.005813 -0.017237 -0.016187 -0.045510 -0.049131 1.234673 0.941608 1.342477 -0.310673 -0.573693 -0.327447 -0.258885 0.120935 0.899955 1.185649 2.160045 1.734295 1.398024 0.224131 0.005547 0.004789 0.000877 0.388228 0.195918 0.354006 0.703929 0.702130 0.064305 0.017078 0.014908 0.009977 0.018447 0.012638 0.001640 0.544754 0.355619 0.255097 0.173660 0.055112 0.124450 0.035770 0.012817 0.116113 0.686653 0.831272 0.933395 0.775216 0.380020 0.011617 0.009713 0.011948 0.003724 1.609037
0.017284 0.001968 -0.086766 -0.005459 -0.026339 -0.016095 -0.036151 -0.035840 -0.159741 1.114385 2.083356 0.946652 1.589857 -0.320310 -0.411831 -0.293009 -0.638221 -0.112915 1.121713 1.246571 1.895933 0.029576 0.020674 0.005441 0.012517 0.004459 0.224066 0.732176 0.445401 0.429634 0.752354 0.522803 0.022127 0.016629 0.005486 0.006024 0.006720 0.057713 0.860693 0.954523 0.071497 0.041746 0.045762 0.018811 0.076207 0.035340 0.048726 0.060479 0.102693 0.017499 0.019934 0.022885 0.018455 0.001738 0.001264 0.000493 0.008402 2.227403
0.000235 -0.000108 -0.050104 -0.056568 -0.050083 -0.042424 -1.947178 0.517325 0.980192 2.285316 1.417746 0.003929 0.010100 0.149956 0.025494 0.157822 0.175961 -0.120570 1.035817 0.889361 1.128829 0.000000 0.000000 0.002368 0.227885 0.157259 0.513958 1.112232 0.553729 0.450639 0.264109 0.024698 0.012762 0.006076 0.000000 0.000090 0.003794 0.084444 0.517237 0.174482 0.099702 0.016031 0.003525 0.054585 0.039725 0.058387 0.016445 0.033950 0.033472 0.007670 0.000662 0.000192 0.000098 -0.000194 -0.000501 -0.000334 0.540976 2.715342
-0.000069 -0.009312 -0.005598 -0.048462 -0.076115 -0.397412 -1.307568 0.806446 1.341320 2.012174 0.134238 0.000000 0.000000 0.000000 1.273053 0.742883 0.638213 0.861458 1.017422 0.530705 0.307810 -0.019777 -0.036107 -0.066607 0.506530 0.226321 0.493990 1.144110 0.384304 0.367083 0.108871 0.004218 0.007568 -0.000170 -0.005912 -0.000274 -0.000006 0.000146 0.602026 0.001169 0.010831 0.009657 0.015477 0.105574 0.069022 0.000568 0.015915 0.006387 0.000592 0.000164 -0.000036 -0.000094 -0.000069 -0.069581 -0.067979 -0.052982 2.087919 2.341473
0.029828 -0.034773 0.033386 0.040297 -0.080678 -0.640204 -1.088468 0.634712 1.446672 2.200578 0.417816 -0.266541 -0.244049 -0.009184 1.823128 0.929969 0.103409 0.014791 0.010779 0.000881 0.002652 -0.115924 0.145228 -0.152626 0.740634 0.247285 0.419485 0.780892 0.209634 0.054922 0.017664 0.000091 -0.000330 -0.010632 -0.013850 -0.008869 -0.008589 -0.000302 0.698531 -0.000046 0.000607 0.001496 0.008820 0.016121 0.136387 0.000852 0.000360 0.000360 -0.000058 -0.000101 -0.008177 -0.007255 -0.007955 0.224393 1.300853 1.336682 2.022848 2.543697
0.008418 0.003565 0.047796 0.015015 0.043129 -0.574865 -0.604512 0.606353 1.297624 2.198901 0.415654 0.012489 0.147775 0.629082 0.898999 0.090307 0.049360 0.006975 0.000577 -0.000065 0.002189 -0.171411 0.215244 -0.080711 0.838059 0.308340 0.288334 0.655396 0.026415 0.117578 0.000965 -0.000145 -0.000483 -0.022394 -0.010919 -0.014880 -0.019322 0.146050 0.913583 -0.190664 -0.000189 0.000445 0.000222 0.008416 0.036908 0.000322 -0.000360 -0.000360 -0.007280 -0.006327 -0.027459 -0.019334 -0.021414 0.866134 2.538853 2.031050 2.179286 2.527825
0.000671 0.028119 0.034140 0.003875 0.013497 -0.368519 -0.514694 0.540231 1.300652 1.893123 0.526910 -0.064011 0.163457 0.726178 0.000134 0.000330 0.000401 0.000013 -0.000072 -0.030407 0.007836 -0.200266 0.331102 -0.113955 0.922031 0.287777 0.237796 0.545990 -0.069983 0.372036 0.002125 -0.001868 -0.004128 -0.019082 -0.022900 -0.054383 -0.006264 0.138836 0.554967 -0.090851 0.000008 -0.000439 -0.000222 0.000066 0.000128 -0.000424 -0.014314 -0.009512 -0.021978 -0.013748 -0.003989 0.001878 0.057448 1.683697 2.775285 3.608695 4.895127 3.111183
0.001379 0.018213 0.003863 0.000839 0.000889 0.001986 -0.086766 0.421025 1.391809 1.945347 0.610925 -0.183231 0.064812 1.219604 -0.000229 -0.000396 -0.000555 -0.010358 -0.006468 -0.293412 0.135549 -0.332272 0.603182 -0.084945 1.255240 0.304376 0.281043 0.762354 -0.106088 0.051370 0.000831 -0.002623 -0.003894 -0.004978 -0.003347 -0.007152 -0.096337 0.042940 0.336740 0.054322 0.002940 -0.008589 -0.006627 -0.000539 -0.000303 -0.002919 -0.051288 -0.023544 -0.029631 -0.002145 0.010357 0.002567 0.065807 1.701500 3.634703 3.539622 4.201149 2.368198
