use_cases/Flooding_chicago/flooding_data/output/hUy_1620.asc
ncols 337
nrows 393
xllcorner 428428.000000
yllcorner 4602440.000000
cellsize 26.757400
NODATA_value -9999.000000
[rows 78 to 103 of 393, columns 232 to 289 of 337]
-0.014066 -0.021292 -0.048536 -0.015594 -0.016257 -0.034178 -0.038215 -0.033560 0.000684 0.008067 0.091091 0.099158 0.029921 0.060146 0.043521 0.033533 0.026629 0.050616 0.188357 0.201655 0.002546 0.006813 0.044794 0.201498 -0.354869 0.158159 0.278088 -0.228437 0.060679 0.211710 0.581532 0.098903 -0.571156 0.242614 0.897142 1.427361 0.983805 0.455547 0.624196 0.474399 -0.000384 -0.000461 -0.000658 0.981449 1.412153 1.056892 0.564811 0.070111 0.635990 0.053221 0.001406 -0.000337 -0.000379 -0.000491 0.000113 -0.002426 -0.086704 -0.156278
-1.455849 -0.910236 -0.215317 -0.178606 -1.538578 -1.497257 -0.175314 -0.040797 0.000651 0.001800 0.028244 0.050621 0.053291 0.055922 0.028863 0.016706 0.023940 0.265959 0.332667 0.223460 0.006573 0.009711 0.024519 0.025448 -0.150016 0.384453 0.440095 -0.233758 0.166814 0.312239 0.569708 0.308232 -0.188680 0.801756 0.079240 0.815134 1.313355 1.237701 1.018685 0.875835 -0.001026 -0.006714 0.018614 1.442459 0.815930 0.440316 0.031981 0.072483 0.110747 0.030869 0.006770 -0.003551 -0.001596 -0.001934 -0.000099 -0.001631 0.040515 -0.178762
-1.028601 -0.694864 -0.093554 0.184720 -0.499476 -0.513791 -0.115898 -0.142222 -0.000339 0.000956 0.000810 0.038497 0.039844 0.049304 0.007211 0.006951 0.023466 0.025787 0.074458 0.471710 0.048260 0.009854 0.015946 0.021778 0.083198 0.113468 0.025529 0.014587 0.044914 0.057592 0.043327 0.059461 0.073166 0.007922 0.023959 0.017134 0.880420 1.073690 1.312818 1.146903 -0.017411 -0.257710 0.525649 2.468856 0.170278 0.002062 0.017467 0.026564 0.069920 0.006141 0.008820 -0.003179 -0.001270 -0.001568 -0.011855 -0.000656 0.180279 0.162273
-0.914736 -0.706845 -0.076186 0.217275 -0.344506 -0.409644 -0.130434 -0.167589 -0.005500 -0.000469 0.000893 0.014443 0.018240 0.022719 0.000968 0.000473 0.014675 0.007634 0.067675 0.064246 0.058406 0.007533 0.006274 0.011486 0.015809 0.020312 0.024149 0.006075 0.006427 0.025222 0.020320 0.041163 0.025938 0.004581 0.011334 0.000533 0.026714 1.094077 1.396711 1.135686 0.507120 0.322380 1.093507 1.923537 0.521694 0.000390 0.000089 0.001758 0.023198 0.008023 0.011360 -0.000921 -0.006116 -0.017387 -0.031689 0.105043 0.256040 0.268343
-0.601212 -0.442886 -0.089872 0.102699 -0.224591 -0.277970 -0.163824 -0.053186 -0.011940 -0.001118 -0.000177 0.000000 0.000000 0.000001 0.000026 -0.000269 0.001066 0.000909 0.021034 0.022930 0.019560 0.000411 0.000008 0.000000 0.000000 0.000000 0.000000 0.000000 0.000000 0.000000 0.000000 0.025187 0.000352 0.000007 0.000191 0.000880 0.043701 0.167020 1.231745 1.383826 0.715905 0.465612 1.270246 2.403383 0.820501 -0.096061 -0.005478 -0.000251 0.000017 0.000721 0.011354 0.002787 -0.005113 -0.039585 -0.291291 0.334540 0.396994 0.250354
-0.475605 -0.307064 -0.060877 0.018128 -0.079046 -0.091424 -0.076700 -0.033983 -0.001039 -0.000683 -0.010766 -0.008136 -0.015920 -0.021588 -0.000774 -0.000700 0.000406 0.000877 0.000071 0.000004 0.000000 -0.000293 -0.009839 -0.004715 -0.063949 -0.116999 0.025359 -0.001685 -0.013198 -0.016672 -0.004897 -0.000007 -0.000352 -0.003595 -0.000470 0.001762 0.020091 0.432176 1.319142 1.255218 0.694626 0.553273 1.354069 2.384437 1.069632 0.032707 0.257238 -0.000169 -0.008817 0.000134 0.000723 0.000368 -0.002123 -0.004899 0.262946 0.417306 0.264098 0.140648
-0.290207 -0.190412 0.094912 0.097631 -0.052946 -0.049393 -0.186035 -0.140831 -0.345559 -0.022985 -0.036635 -0.020471 -0.024412 -0.042149 -0.000582 0.000161 -0.000927 -0.000747 -0.004350 -0.037963 -0.015745 -0.028800 -0.021234 -0.280500 0.096190 0.076438 0.054313 -0.000932 -0.115795 -0.128092 -0.004071 -0.014800 -0.014552 -0.002977 -0.006871 -0.000273 0.000217 0.097131 1.048175 1.362796 0.635210 0.583233 1.402547 2.053797 1.005027 -0.041697 0.263256 -0.003503 -0.041561 -0.000651 -0.000788 -0.000389 -0.000965 -0.001202 0.427561 0.398488 0.184234 0.057249
-0.077012 -0.112080 0.000003 0.000208 -0.021372 -0.033085 -0.028274 0.096939 0.210796 -1.719133 -0.294552 -0.033389 -0.032355 -0.054546 -0.006735 -0.000357 -0.000622 -0.000387 -0.002209 -0.056392 -0.020602 -0.245436 -0.385037 -0.030257 0.135512 0.182202 0.175434 0.000556 -0.034596 -0.086346 -0.001533 -0.038787 -0.034352 -0.017412 -0.005534 -0.001224 -0.000333 0.751562 1.278975 1.270024 0.721869 0.753428 1.585049 2.264414 1.105919 -0.106890 0.084514 -0.005585 -0.015314 -0.023019 -0.019841 -0.016468 -0.012662 0.200561 0.501089 0.471544 0.260328 -0.003044
-0.055945 -0.077335 -0.051634 -0.000326 0.069953 0.177310 0.155992 0.206543 0.394554 -1.393494 0.151590 -0.051951 -0.070439 -0.075539 -0.019900 -0.010721 -0.012160 -0.001407 -0.001262 -0.069180 -0.009363 -0.039198 -0.065322 0.099213 0.177849 0.179373 0.149123 0.000326 0.000291 -0.036231 -0.014577 -0.117291 -0.088232 -0.119053 -0.113539 -0.352656 0.317171 1.114904 1.162605 1.023585 0.830019 0.744175 1.335223 2.141993 1.124344 -0.013766 0.124069 -0.002922 -0.006187 -0.451443 -0.435162 -0.441604 -0.406051 0.240283 0.807468 0.294941 0.136015 0.027771
-0.031317 -0.138626 -0.038048 0.038159 0.098128 0.173466 0.068246 0.194650 0.398393 -0.896029 0.402125 0.171114 -0.081135 -0.736185 -0.032200 -0.021032 -0.024605 -0.012866 -0.013238 -0.114113 -0.146394 0.044686 0.072545 0.152871 0.182850 0.184364 -0.000003 -0.000208 -0.000059 -0.006859 -0.005564 -0.036764 -0.023335 -0.014785 0.092942 0.146260 0.503324 1.005698 1.287926 0.983410 0.967496 0.728498 1.454066 2.017489 1.463245 0.340756 0.122681 0.011162 0.012727 -0.164258 -0.020367 -0.027201 -0.060010 0.293446 0.510870 0.257353 0.088735 0.008183
-0.007243 -0.009769 0.022125 0.212429 0.077967 0.066768 0.058152 0.058028 0.354313 -0.591948 0.434975 0.238916 0.180555 -0.366902 -0.260717 -0.203048 -0.272862 -0.456903 -0.400161 0.026874 -0.068809 0.182363 0.161702 0.270934 0.181763 0.187454 -0.006904 -0.010805 -0.001188 -0.004779 -0.000327 -0.000015 -0.000000 0.113891 0.220686 0.283308 0.711586 0.935803 0.693468 0.246990 0.540258 0.849678 0.973180 1.366329 1.037643 0.566759 0.239315 0.136563 0.203620 -0.106056 0.238939 0.242272 0.192248 0.496860 0.739540 0.274670 0.003263 0.013161
-0.001344 0.117715 0.103950 0.353779 -0.083741 -0.033301 0.026606 0.044776 0.360045 -0.425691 0.595801 0.394528 0.454133 -0.124450 0.066810 0.039644 -0.087418 -0.375421 -0.142470 0.044558 -0.011086 0.181888 0.254880 0.316414 0.231111 0.283200 -0.008799 -0.240901 -0.002474 0.048127 -0.051831 -0.047602 0.034184 0.250673 0.309684 0.410510 0.593776 0.844384 0.636745 0.113883 0.407726 0.602046 0.934397 1.431670 1.580346 0.635402 0.091673 0.058233 0.213536 -0.091241 0.370867 0.447658 0.350057 0.739564 0.681803 0.330839 -0.000804 0.001018
0.022065 0.365903 0.363675 0.544994 0.156289 -0.177066 -0.356686 0.004047 0.217733 -0.237986 0.606018 0.409954 0.584508 -0.004735 0.206737 0.118184 -0.051337 -0.310476 0.035314 0.059993 0.064621 0.282680 0.348959 0.444895 0.410256 0.245544 0.009370 -0.255618 0.091901 0.143971 0.007724 0.260087 0.112203 0.173149 0.084023 0.521645 0.467739 0.803653 1.025924 -0.009407 0.248809 0.483874 1.103202 1.985957 2.197414 0.393863 0.000332 0.002311 0.027213 -0.092326 0.602739 0.609736 0.404535 0.725457 0.854183 0.341664 -0.000905 0.001447
0.104162 0.436493 0.489833 0.788740 0.321903 -0.157299 -0.438840 -0.010029 0.065307 -0.126887 0.492995 0.411711 0.549621 0.094232 0.310492 0.184147 0.007196 -0.137862 0.203451 0.092437 0.359344 0.364381 0.469893 0.426521 0.289447 0.164078 0.062737 0.036322 0.066983 0.073651 0.057197 0.305643 0.280193 0.029600 0.031412 0.026998 0.406679 0.494377 1.273550 -0.093427 0.007755 0.305352 0.636383 2.210113 3.754364 1.779216 -0.000418 0.167778 -0.026356 -0.120972 0.751221 0.793854 0.383175 0.648318 0.581852 0.322803 0.160101 -0.000217
0.058379 0.653088 0.415392 0.572537 0.642401 0.008429 -0.749126 -0.016258 0.140179 0.072170 0.555958 0.313329 0.383878 0.201081 0.357542 0.192703 0.080715 -0.049538 0.387490 0.329081 0.663839 0.336836 0.347155 0.474048 0.143635 0.020648 0.164782 0.034847 0.060890 0.100034 0.020985 0.015958 0.051987 0.034446 0.019642 0.027014 0.034103 0.350249 1.677643 0.030699 0.096860 0.081168 0.404231 1.300208 4.071153 1.908292 0.916558 0.617144 0.235768 -0.103161 0.886232 0.803018 0.316110 0.419195 0.247678 0.101883 0.194543 -0.070099
0.105882 0.271534 0.574607 0.752655 0.693122 0.182370 -0.608583 -0.012549 0.170422 0.113100 0.343179 0.099499 0.467469 0.326036 0.454374 0.217307 0.195823 0.022012 0.844895 0.356827 0.371022 0.271289 0.290186 0.276186 0.046856 -0.032347 0.028937 0.028867 0.032367 0.095671 0.010231 0.004823 0.022725 0.015551 0.009540 0.015157 0.016861 0.035650 0.024796 0.381111 0.310468 0.124214 0.453753 1.459788 2.739560 2.291043 1.149994 0.740409 0.405991 -0.089174 1.014894 0.905460 0.243113 0.382142 0.140301 0.099973 0.192655 -0.125675
0.245325 0.484623 0.368761 0.875203 0.124867 0.113086 -0.292880 0.051392 0.068592 -0.001338 0.201748 0.097617 0.564008 0.532783 0.646444 0.249480 0.198780 0.059427 0.954213 0.438016 0.370226 0.244768 0.270762 0.207246 -0.073915 0.067190 0.011161 0.011312 0.008895 0.075988 0.051847 0.000917 0.000441 0.000552 0.000031 0.000000 0.000122 0.004010 0.005888 0.033618 0.051610 0.033450 0.118338 1.732827 3.136974 2.625859 1.582007 0.961576 0.590700 0.078717 1.041502 0.886160 0.204205 0.457969 0.138356 0.359516 0.651095 -0.211566
0.379952 0.330155 0.261717 0.200597 0.123410 0.177480 0.076026 0.153508 -0.015570 -0.125493 0.206912 0.248204 0.595004 0.541427 0.620008 0.334231 0.208012 0.218061 1.501954 0.518709 0.369263 0.087310 0.177512 0.190556 -0.097868 0.024200 0.000125 0.000584 0.006260 0.045073 0.025395 0.001053 -0.000263 -0.000283 -0.025460 -0.005752 -0.000660 -0.000024 0.000259 0.020347 0.013982 0.026610 0.000772 0.922545 3.519909 2.935100 1.911904 1.166672 0.981059 0.323662 1.402816 0.772341 0.017488 0.601250 0.403299 0.430054 0.014241 -0.170781
0.168604 0.270925 0.241602 0.204911 0.147052 0.086561 0.088868 0.243357 -0.021591 -0.116810 0.158132 0.283497 0.884061 0.585182 0.644812 0.344077 0.134862 0.239250 1.718101 0.763888 0.060500 0.084680 0.014658 0.050359 0.048645 0.009699 -0.000066 -0.000069 0.000000 0.015452 0.001079 0.000000 -0.005016 -0.011552 -0.065698 -0.055316 -0.013930 -0.007178 0.000079 0.003663 0.004845 0.005758 0.000102 2.405061 5.188266 2.954723 1.973015 1.288244 0.588589 0.015459 0.011103 0.037020 0.016539 0.027840 0.068935 0.075117 0.017559 0.011006
-0.202448 -0.046298 0.069444 0.095604 0.066128 0.069894 0.038742 0.363035 -0.031013 -0.057999 0.118216 0.481115 1.145440 0.769356 0.702412 0.368024 0.191159 0.188506 1.898304 0.420991 0.046742 0.002035 0.021838 0.013867 0.023548 -0.000411 -0.008178 -0.006206 -0.007879 0.000000 -0.000305 -0.006851 -0.017624 -0.012602 -0.169515 -0.959032 -0.026139 -0.020627 -0.000602 0.000000 0.000000 0.000000 -0.000087 3.309461 6.140662 4.218329 1.769220 0.028328 0.000000 0.000000 0.000000 0.028808 0.005462 0.012942 0.033746 0.042193 0.009839 0.009952
-0.404922 -0.230554 -0.044055 0.020972 -0.031209 0.015448 0.026200 0.529261 -0.029867 -0.041552 0.146432 0.434233 1.784859 0.654444 0.871638 0.419385 0.217554 0.482525 1.648440 0.130584 0.155398 0.016374 0.006283 0.018055 0.049441 0.007611 -0.019044 -0.024777 -0.014790 -0.006795 -0.013423 -0.017951 -0.033646 -0.017676 0.223182 -0.783970 -0.500260 -0.039834 -0.000362 -0.004212 -0.006134 -0.004388 -0.220384 4.260204 7.222061 2.905498 0.467018 0.098036 -0.000338 -0.000302 -0.000113 0.000085 0.000129 0.000556 0.005378 0.006953 0.000569 0.000409
-0.480411 -0.274688 -0.000075 0.001660 -0.077917 0.077732 0.083971 0.513851 0.055200 0.051616 0.001752 0.588186 0.546046 0.633562 0.682179 0.359578 0.144676 0.820323 2.038911 0.123115 0.036033 0.004635 0.010320 0.000000 0.038093 0.019519 -0.022532 -0.034018 -0.016374 -0.013687 -0.029094 -0.020834 -0.076992 0.002481 0.253103 -0.582193 -0.266779 0.003696 -0.000582 -0.007710 -0.015619 -0.007973 -0.168426 5.276266 8.033583 1.493917 0.281401 0.252240 -0.000301 -0.000388 -0.000177 -0.000069 -0.000085 -0.000065 0.000000 0.000000 -0.000292 -0.000494
-0.121094 -0.383938 -0.000650 0.001575 0.002152 0.011477 0.009939 0.007559 0.000606 0.000239 0.004036 0.707029 0.691384 0.579424 0.616843 0.278798 0.095707 1.323259 2.419104 0.108294 0.051241 0.039779 0.048894 0.031301 0.033209 0.100285 -0.185195 -0.161899 -0.009573 -0.018647 -0.044664 -0.834623 -0.473340 -0.000131 0.172339 -0.494778 -0.178002 0.028997 -0.000817 -0.017478 -0.016727 -0.000185 0.208234 3.970768 4.513488 1.719712 0.367628 0.367143 0.001110 -0.000895 -0.002447 -0.019051 -0.010439 -0.007592 -0.012089 -0.006604 -0.031634 -0.015531
-0.000656 -0.391091 -0.194117 -0.000793 -0.000034 0.000000 0.000000 0.000067 -0.000018 -0.000199 0.327125 1.124206 0.993496 0.007221 0.010414 0.278836 0.481576 2.501589 2.863834 0.140998 0.137140 0.013945 0.006127 0.089332 0.040689 0.133426 -0.123824 -0.220224 -0.059958 -0.093032 -0.252673 -0.545412 -0.037501 0.288381 0.107964 -0.401615 -0.203007 -0.131058 -0.006054 -0.025634 -0.026309 0.267870 0.397943 3.754646 4.188777 1.746730 0.400335 0.415740 0.225802 -0.020774 -0.013248 -0.045390 -0.018564 -0.018212 -0.017597 -0.215527 -0.121995 -0.194692
-0.000406 -0.303093 -0.231078 -0.001517 -0.002143 -0.014781 -0.005350 -0.000464 -0.000241 0.647080 0.750270 0.975518 0.365616 0.000360 0.000360 0.000168 0.206755 0.714486 3.102363 0.166833 0.006923 0.007152 0.003663 0.008348 0.102923 0.156476 -0.101301 0.081642 -0.002354 0.067875 0.003459 -0.358170 0.128457 0.354525 -0.055545 -0.485615 -0.121028 -0.185910 -0.492944 -0.271631 0.200964 0.852868 1.243547 3.677960 4.056549 1.632491 1.003944 0.981458 0.922195 -0.509918 -0.473226 -0.074147 -0.069807 -0.070135 -0.285947 0.264173 0.120548 0.056488
-0.101452 -0.209072 -0.180718 -0.068099 -0.143566 -0.294038 -0.016389 -0.008101 0.021709 0.887614 0.842118 0.824930 -0.079046 -0.000360 -0.000360 -0.000131 0.000958 0.853834 3.063932 0.256213 0.000424 0.000153 0.000000 0.000584 0.005102 0.109598 -0.070873 0.000015 0.000658 0.007471 0.409885 -0.036431 0.502725 0.553990 -0.180164 -0.402893 -0.061747 0.000326 -0.298361 -0.482429 0.581099 1.082632 1.503148 2.220229 2.174005 0.558606 0.867104 1.211006 1.291537 -0.477739 -0.376698 0.062857 0.074086 0.018954 0.028543 0.613015 0.166120 0.136321
