use_cases/Flooding_chicago/flooding_data/output/hUy_2580.asc
ncols 337
nrows 393
xllcorner 428428.000000
yllcorner 4602440.000000
cellsize 26.757400
NODATA_value -9999.000000
[rows 104 to 129 of 393, columns 116 to 173 of 337]
-9999.000000 -9999.000000 -9999.000000 -9999.000000 -9999.000000 -9999.000000 -9999.000000 -9999.000000 -9999.000000 -9999.000000 -9999.000000 -9999.000000 -9999.000000 -9999.000000 0.000000 0.000000 0.007987 0.004335 0.015074 0.001404 0.002569 0.268361 0.393343 0.028381 0.034832 0.007438 0.002699 0.014424 0.002350 0.021517 0.053815 -0.091990 0.046628 0.334653 0.052075 -0.479591 0.000321 0.000003 0.000208 0.000424 0.000269 0.000025 0.000001 0.000000 0.000000 0.000000 0.008731 0.463480 0.364370 0.493498 0.427545 -0.086348 -0.252189 0.278772 0.023110 0.012970 0.351858 0.580739
-9999.000000 -9999.000000 -9999.000000 -9999.000000 -9999.000000 -9999.000000 -9999.000000 -9999.000000 -9999.000000 -9999.000000 -9999.000000 -9999.000000 -9999.000000 -9999.000000 -9999.000000 -0.008006 0.000000 0.000000 0.000000 -0.000111 0.005185 0.026348 0.092737 0.026421 0.001875 0.006894 0.001071 0.000609 0.000478 0.068756 -0.055959 0.034802 0.031561 0.062543 -0.037031 -0.034486 -0.000138 -0.008851 -0.000326 -0.000007 -0.000305 -0.002781 -0.018529 -0.015312 -0.005934 0.040391 0.069622 0.954186 0.540947 0.576412 0.339547 -0.019466 0.105477 0.012612 0.002507 0.001617 0.292449 0.487899
-9999.000000 -9999.000000 -9999.000000 -9999.000000 -9999.000000 -9999.000000 -9999.000000 -9999.000000 -9999.000000 -9999.000000 -9999.000000 -9999.000000 -9999.000000 -9999.000000 -0.001339 -0.013672 -0.007894 -0.013541 -0.004290 -0.001560 0.000836 0.001951 0.002017 0.000965 0.002273 0.000135 -0.002617 -0.000825 0.000089 0.010406 -0.020467 0.070129 0.120181 -0.047150 -0.081491 -0.039108 -0.005541 -0.022523 -0.004608 -0.000902 -0.000173 -0.001187 -0.024833 -0.067753 -0.063250 0.067245 0.077662 0.058991 0.079666 0.122731 0.470407 0.425535 0.822032 0.053197 0.006884 0.002786 0.193041 0.541460
-9999.000000 -9999.000000 -9999.000000 -9999.000000 -9999.000000 -9999.000000 -9999.000000 -9999.000000 -9999.000000 -9999.000000 -9999.000000 -9999.000000 -9999.000000 -0.000070 -0.000689 -0.024491 -0.019055 -0.067493 -0.040044 -0.005527 -0.003210 -0.001968 -0.000546 -0.000111 -0.000400 -0.000466 -0.044363 -0.000932 -0.000453 0.000066 0.108291 0.143897 0.000438 -0.067814 -0.070522 -0.045379 -0.070824 -0.025671 -0.011498 -0.001555 -0.000491 -0.001794 -0.001278 -0.008193 -0.015597 0.035376 0.027946 0.009634 0.012858 0.131585 0.105243 0.112959 0.213638 0.034528 0.025944 0.004922 -0.042322 0.832942
-9999.000000 -9999.000000 -9999.000000 -9999.000000 -9999.000000 -9999.000000 -9999.000000 -9999.000000 -9999.000000 -9999.000000 -9999.000000 -9999.000000 0.000326 -0.022480 -0.001964 -0.006497 -0.061269 -0.027505 -0.016150 -0.005556 -0.045220 -0.002465 -0.002304 -0.001053 -0.000765 -0.000378 -0.112868 -0.007474 -0.001291 -0.000233 -0.000011 0.000015 -0.000097 -0.025274 -0.166188 -0.016523 -0.106385 -0.079279 -0.011608 -0.010994 -0.026786 -0.004726 -0.000124 0.000484 -0.021309 0.000000 0.000205 0.000107 0.002423 0.057258 0.196231 0.241608 0.023003 0.035911 0.022142 0.007489 -0.107431 0.882282
-9999.000000 -9999.000000 -9999.000000 -9999.000000 -9999.000000 -9999.000000 -9999.000000 -9999.000000 -9999.000000 0.000421 0.001034 -0.000003 -0.000208 -0.021258 -0.001455 -0.002394 -0.024480 -0.016400 -0.010457 -0.003845 -0.020889 -0.075755 -0.006647 -0.022476 -0.014354 -0.036064 -0.045864 -0.037397 -0.017406 -0.052073 -0.049961 -0.000707 -0.007078 -0.040439 -0.367562 -0.031715 -0.048157 -0.035513 -0.029530 -0.065645 -0.064293 -0.002771 -0.000844 0.000858 -0.013917 -0.026076 -0.001980 -0.000202 0.013914 0.081373 0.127195 0.094550 0.015584 0.030743 0.018617 0.039662 0.054989 0.635442
-9999.000000 -9999.000000 -9999.000000 -9999.000000 -9999.000000 -9999.000000 -9999.000000 -9999.000000 0.001049 -0.000424 -0.001201 -0.008204 -0.012743 -0.103158 -0.013160 -0.005777 -0.060339 -0.036023 -0.056335 -0.032452 -0.070451 -0.115893 -0.045829 -0.040837 -0.023137 -0.044642 -0.090293 -0.069531 -0.048785 -1.135914 -0.078339 0.542752 0.014677 0.033631 -0.295940 -0.262004 -0.019172 -0.019863 -0.008588 -0.065699 -0.137776 -0.015927 -0.008337 0.011954 0.717785 0.396270 0.158540 0.155771 0.058299 0.287172 0.010723 0.006779 0.004571 0.016509 0.010245 0.027593 0.023191 0.050374
-9999.000000 -9999.000000 -9999.000000 -9999.000000 0.000378 0.000352 0.000004 0.000119 -0.000576 -0.005358 -0.001070 -0.017280 -0.020274 -0.180816 -0.027812 -0.020989 -0.066160 -0.040971 -0.065944 -0.088309 -0.068345 -0.143655 -0.111688 -0.036092 -0.023449 0.008653 -0.230476 -0.108960 -0.288209 -0.991634 0.005862 0.840843 0.003946 0.007246 -0.215104 -0.183062 -0.155579 -0.006228 -0.017087 -0.088368 -0.220121 -0.093794 -0.009997 0.005906 0.009188 0.012943 0.004345 0.006675 0.015319 0.022309 0.001372 0.003021 0.000852 0.000129 0.000606 0.007903 0.016047 0.010936
-9999.000000 -9999.000000 0.001830 0.000600 -0.000246 -0.000160 -0.000246 -0.000303 -0.001380 -0.003355 -0.017259 -0.018650 -0.026452 -0.275876 -0.034084 -0.032078 -0.036084 -0.045776 -0.047611 -0.131496 -0.100070 -0.173149 -0.153986 -0.034259 -0.002838 0.000000 0.000000 -0.023046 -0.762414 -0.881432 -0.104880 0.678818 0.000222 0.000103 -0.075745 -0.269652 -0.399106 -0.008306 -0.020568 0.024791 -1.394313 -0.089605 -0.000419 0.000000 0.000000 0.000000 0.000000 0.000000 0.000000 0.000067 -0.000077 -0.002912 -0.001718 -0.000065 -0.000064 0.000000 0.000000 0.000000
0.000948 0.002218 0.005498 -0.003571 -0.022668 -0.010128 -0.000197 -0.008262 -0.011091 -0.016281 -0.043123 -0.032968 -0.020990 -0.123229 -0.155903 -0.035487 -0.021836 -0.045218 -0.063353 -0.145364 -0.096300 -0.371819 -0.312064 -0.034119 -0.010277 -0.004212 -0.007697 -0.048620 -0.105919 -0.533942 -0.177021 0.201211 -0.000222 -0.000103 -0.051686 -0.403335 -0.473103 -0.017134 -0.005338 0.011100 -0.306455 -0.220658 -0.004725 -0.007161 -0.005094 -0.003990 -0.018961 -0.028111 -0.005350 -0.000464 -0.009830 -0.033694 -0.046038 -0.009047 -0.021587 -0.008066 -0.008066 -0.012367
0.000000 -0.000385 -0.001878 -0.054248 -0.121065 -0.025751 -0.009001 -0.015780 -0.016051 -0.025811 -0.063972 -0.075237 -0.003991 -0.100715 -0.311203 -0.026405 -0.023010 -0.039814 -0.156135 -0.173428 -0.297539 -0.448015 -0.229534 -0.059214 -0.013937 -0.007710 -0.067646 -0.044785 -0.087554 -0.112927 -0.068684 -0.053372 -0.003946 -0.007246 -0.083150 -0.945919 -1.049194 -0.040622 -0.002260 0.000408 0.019987 -0.383489 -0.377007 -0.017395 -0.026476 -0.008280 -0.031216 -0.082758 -0.008811 -0.011114 -0.019112 -0.343013 -0.343551 -0.570724 -0.606517 -0.015257 -0.017358 -1.651291
-0.002260 -0.002689 -0.001834 -0.060456 -0.068249 -0.099569 -0.014994 -0.030848 -0.012645 -0.034553 -0.047621 -0.143365 -0.008345 -0.085344 -0.309178 -0.122598 -0.119033 -0.169102 -0.222154 -0.079604 -0.359320 -0.314167 -0.093287 -0.007271 -0.023501 -0.006645 -0.138057 -0.095747 -0.041599 -0.060272 -0.037754 -0.117576 -0.057560 -0.030855 -0.045220 -0.600720 -0.776090 -0.356745 -0.001206 -0.000538 -0.000019 -0.000000 -0.224632 -0.510945 -0.837381 -0.009306 -0.034582 -0.784148 -0.022663 -0.017553 -0.032868 0.476712 0.256203 0.102282 -0.264892 -0.548201 -0.351268 -1.338235
-0.001427 -0.042435 -0.001042 -0.055326 -0.055573 -0.044201 -0.386057 -0.029962 -0.015935 -0.027923 -0.121465 -0.156730 -0.102130 -0.084197 -0.364835 -0.261299 -0.260695 -0.072271 -0.123105 -0.048498 -0.345184 -0.334896 0.104686 0.000490 -0.005052 -0.047248 -0.061407 -0.049729 -0.122805 -0.104681 -0.057372 -0.198669 -0.122100 -0.057649 0.093630 -0.467395 -0.516025 -0.358531 -0.005858 -0.011849 -0.014634 -0.026677 -0.086649 -0.342065 -0.000320 -0.011131 -1.341412 0.008433 0.407322 -0.714871 -0.427418 1.191806 0.623286 0.301335 -0.098463 -0.877525 -0.279880 -1.052724
0.000339 -0.034937 -0.037733 -0.046001 -0.041870 -0.022633 -0.149511 -0.087425 -0.312039 -0.168131 -0.051247 -0.080160 -0.039587 -0.237433 -0.243814 -0.190577 -0.199351 -0.235385 -0.239486 -0.098761 -0.087494 -0.100325 -0.000076 -0.001352 0.000222 -0.009833 -0.043808 -0.108512 -0.217133 -0.146482 -0.069790 -0.469357 -0.208133 -0.017680 0.004052 -0.297716 -0.474304 -0.524244 -0.004077 -0.018314 -0.030519 -0.708482 -0.471683 -0.280440 -0.100698 -1.077398 -0.701645 0.309575 0.729503 -0.125317 0.299844 1.733655 0.719485 0.421757 0.092381 -0.609393 -0.366490 -1.085595
0.000222 0.000103 -0.028982 -0.043960 -0.035455 -0.013266 -0.070524 -0.016532 -0.182803 -0.147468 0.000222 -0.037406 -0.103659 -0.179447 -0.197258 -0.161055 -0.122938 -0.584229 -0.473549 -0.072573 -0.113995 -0.045563 -0.028336 -0.000641 -0.000222 -0.002365 -0.056342 -0.319179 -0.369397 -0.320856 -0.325725 -0.470368 -0.063374 -0.002514 0.009218 -0.143712 0.086439 -0.468819 -0.183039 -0.107609 -0.990719 -1.089953 -0.064232 -0.939808 -0.500619 -0.372299 -0.173565 0.476680 1.057774 0.139745 0.687279 1.238375 0.000352 0.000000 0.000106 0.044769 0.079905 -0.833583
-0.000222 -0.000103 -0.018301 -0.042336 -0.295532 -0.013139 -0.000846 -0.000060 -0.180308 -0.163791 -0.000222 -0.008885 -0.071423 -0.130721 -0.128973 -0.088141 -0.369095 -0.516486 -0.424981 -0.033183 -0.172250 -0.037093 -0.038135 -0.009146 -0.012161 -0.011091 -0.279119 -0.374532 -0.528964 -0.728736 -0.339859 -0.165681 0.037957 0.009282 0.017586 0.040441 0.022011 -0.402510 -0.175661 -0.050949 -0.132017 -1.082376 -0.183770 -0.594725 -0.269933 -0.392311 -0.278460 0.475335 1.051159 0.134460 0.510629 0.378302 -0.000723 -0.013040 -0.115949 0.469566 0.384177 -0.403989
-0.012187 -0.028881 -0.016902 -0.028974 -0.027377 -0.014067 -0.003241 -0.046831 -0.083599 -0.229419 -0.108581 -0.033999 -0.215222 -0.248832 -0.207496 0.251945 -1.103535 -1.548063 -1.422930 -0.036172 -0.194941 -0.016941 -0.050531 -0.032634 -0.012298 -0.184814 -0.291395 -0.339887 -0.500163 -0.733791 0.092698 0.339290 0.179535 0.020642 0.021106 0.004235 0.002410 0.002633 -0.258254 -0.051974 -0.003764 -0.884086 -0.346479 -0.240699 -0.061375 -0.236153 -0.224386 0.321026 0.890799 0.106558 0.331857 0.172807 0.063420 -0.501686 -0.205025 0.628808 0.612458 -0.187435
-0.029500 -0.146844 -0.090564 -0.073108 -0.013309 -0.008649 -0.004394 -0.076977 -0.080630 -0.284920 -0.682999 -0.027680 -0.490143 -0.654484 -0.345376 0.530167 -0.752285 -1.227646 -1.009110 -0.014074 -0.095783 -0.081249 -0.193881 -0.201538 -0.066372 -0.434226 -0.264377 -0.256747 -0.402612 -0.747525 0.003812 0.041769 0.077838 0.034517 0.010258 0.009536 0.004460 0.007416 0.001547 -0.015154 -0.002275 -1.069322 -0.366114 0.013399 0.049797 -0.307872 -0.359967 0.320643 0.680193 0.182942 0.314162 0.050688 0.069030 -0.397466 -0.301758 0.568379 0.634541 -0.051336
-0.086156 -0.080606 -0.085660 -0.000332 -0.006003 -0.003678 -0.002303 -0.012416 -0.157162 -0.166562 -0.006986 0.036036 -0.429206 -0.579894 -0.251056 0.382050 -0.551753 -0.913104 -0.679912 0.135616 -0.079687 -0.072683 -0.112169 -0.001933 -0.036489 -0.593757 -0.227027 -0.110580 -0.100442 -0.619995 0.001093 0.012602 0.023964 0.020324 0.023331 0.011832 0.006722 0.035916 0.005167 0.000951 0.009366 -1.042724 -0.442135 0.471562 0.300050 -0.184246 -0.523923 0.247738 0.746028 0.140595 0.177921 0.071872 0.058149 -0.140801 -0.383005 0.566511 0.684565 -0.019699
-0.030606 -0.348750 -0.039723 -0.012352 -0.002154 -0.002126 -0.001170 -0.031930 -0.082893 -0.109485 -0.017372 -0.004919 -0.392283 -0.625101 -0.249563 0.253745 -0.507905 -0.828665 -0.555498 0.141876 -0.135179 -0.069607 -0.086940 -0.012417 -0.060142 -1.036094 -0.203529 -0.012042 -0.031576 -0.187638 0.000171 0.000933 0.001099 0.032611 0.053938 0.012274 0.008118 0.015926 0.035419 0.033959 0.086931 -0.775992 -0.261522 0.746857 0.300065 -0.013765 -0.573547 0.140043 0.666952 -0.013340 -0.230385 -0.096332 0.014099 0.038909 -0.501969 0.523241 0.650747 -0.004865
-0.055051 -0.320823 -0.265973 -0.008795 -0.005022 -0.002504 -0.000901 -0.012109 0.019498 -0.425505 -0.040513 -0.007910 -0.225415 -0.584174 -0.382841 0.120840 -0.477128 -0.767109 -0.526281 0.118205 -0.097069 -0.060256 -0.067618 -0.009707 -0.027535 -1.400141 -0.046156 0.000839 0.153721 0.110192 0.000949 0.000808 0.001577 0.033552 0.006518 0.002085 0.001122 0.000456 0.020798 0.068238 0.064971 0.093617 0.764988 1.337444 0.530766 0.476070 -0.141209 0.294448 0.646346 -0.118029 -0.361578 -0.017794 0.168010 0.031393 -0.257238 0.951191 0.658734 0.119292
-0.033135 -0.343249 -0.305063 -0.003809 -0.003516 -0.001506 -0.001180 0.010095 0.084484 -0.381226 -0.031688 -0.018343 -0.194142 -0.424669 -0.414923 0.013291 -0.485561 -0.716637 -0.329622 0.001008 -0.028435 -0.062553 -0.086702 -0.241247 -0.414781 -1.072586 -0.017242 0.000617 0.002366 0.000907 0.000134 -0.000297 0.000134 0.001065 0.000000 0.000046 -0.000560 -0.000348 0.010046 0.065725 0.050287 0.056380 0.061867 0.090589 0.077445 0.034031 0.004597 0.390208 0.454004 0.095774 -0.086150 0.620817 0.444366 -0.032159 0.569460 2.211654 1.556534 0.017347
0.000254 -0.440202 -0.461926 -0.188718 -0.004198 -0.001606 -0.001467 0.155866 0.165601 -0.392740 -0.063414 -0.029013 -0.293224 -0.389544 -0.319184 -0.037816 -0.266420 -0.634671 -0.298764 -0.120857 -0.028366 -0.051549 -0.489230 -0.928384 -1.105537 -0.593668 -0.005920 -0.000703 -0.000925 -0.000267 -0.000234 -0.000973 -0.001781 -0.001438 -0.010397 -0.001835 -0.005309 -0.006676 0.023246 0.023169 0.023893 0.014005 0.047961 0.044990 0.030294 0.005000 0.003967 0.490657 0.439587 0.000938 0.004079 0.034041 0.030123 0.041764 0.045223 0.026031 0.060323 0.000000
-0.039871 -0.322092 -0.401974 -0.296578 -0.004899 -0.001791 -0.053633 0.204712 0.207547 -0.316150 -0.036847 -0.012048 -0.246111 -0.454152 -0.406585 -0.046544 -0.342836 -0.765916 -0.646663 -0.276003 -0.236918 -0.238742 -0.391467 -0.728655 -0.626291 -0.365526 -0.004728 -0.026420 -0.002523 -0.003081 -0.017821 -0.005240 -0.048480 -0.016477 -0.030576 -0.001032 -0.002163 -0.012728 0.017392 0.025328 0.040120 0.044539 0.030683 0.033105 0.001391 0.001619 0.001950 0.602778 0.474309 0.000207 0.003418 0.002059 0.025220 0.021000 0.011531 0.022553 0.052928 -0.012647
0.035555 -0.108389 -0.184155 -0.330087 -0.180677 -0.107469 -0.016193 0.172255 0.214759 -0.267449 0.000998 0.023313 -0.167205 -0.357260 -0.377500 -0.077000 -0.316131 -0.678587 -0.710446 -0.360005 -0.200708 -0.386149 -0.535557 -0.459910 0.004301 0.000000 -0.059100 -0.112888 -0.058067 -0.062626 -0.107534 -0.023188 -0.077716 -0.026932 -0.004695 -0.000645 0.000158 -0.024030 0.012571 0.019373 0.083794 0.013318 0.007955 0.008527 0.001930 0.001011 0.001073 0.353848 0.294996 -0.000441 0.003301 0.004543 0.002589 0.003289 0.002391 0.018193 0.033786 0.018195
0.002127 -0.096598 -0.000488 -0.266700 -0.195713 -0.098322 0.090240 0.237508 0.155163 -0.264233 -0.088987 0.002377 -0.137856 -0.277131 -0.391976 -0.087264 -0.314394 -0.540896 -0.648243 -0.345378 -0.247076 -0.316783 -0.466687 -0.429211 -0.184689 -0.084213 -0.064382 -0.069897 0.014935 0.025969 0.004929 -0.139650 -0.103107 -0.031665 -0.008891 -0.008100 -0.000359 -0.031965 0.000729 0.001802 0.015071 0.006355 0.000588 0.000125 0.000316 0.000044 0.000992 0.249199 0.247651 0.601987 0.025745 0.049861 0.023485 0.023966 0.008300 0.006611 0.034454 0.039912
