use_cases/Flooding_chicago/flooding_data/output/hUy_1680.asc
ncols 337
nrows 393
xllcorner 428428.000000
yllcorner 4602440.000000
cellsize 26.757400
NODATA_value -9999.000000
[rows 78 to 103 of 393, columns 232 to 289 of 337]
-0.014201 -0.021365 -0.048596 -0.015594 -0.016257 -0.034178 -0.038212 -0.033560 0.000684 0.008067 0.091091 0.099159 0.029921 0.060146 0.043521 0.033533 0.026633 0.050307 0.187233 0.200454 0.002553 0.006813 0.045201 0.204558 -0.371896 0.163261 0.195575 -0.235961 0.089112 0.254174 0.538883 0.089281 -0.570121 0.296307 0.992151 1.728961 1.186031 0.520841 0.714163 0.575646 -0.000384 -0.000461 -0.000655 1.101631 1.665592 1.229934 0.597305 0.103322 0.657237 0.067059 0.001406 -0.000337 -0.000379 -0.000491 0.000113 -0.002410 -0.084755 -0.174081
-1.491587 -0.697543 -0.318793 -0.269367 -1.706155 -1.571089 -0.229522 -0.040151 0.000651 0.001800 0.028244 0.050621 0.053289 0.055922 0.028863 0.016706 0.023940 0.266561 0.331486 0.223695 0.006573 0.009711 0.024510 0.025820 -0.157316 0.399782 0.328030 -0.243951 0.186518 0.351528 0.508103 0.302941 -0.166068 0.844190 0.084356 0.864209 1.544672 1.454239 1.165074 1.016499 -0.001027 -0.006758 0.102954 1.614828 1.015209 0.555850 0.033121 0.075472 0.112152 0.031168 0.006770 -0.003550 -0.001596 -0.001934 -0.000099 -0.001496 0.067128 -0.145144
-1.108516 -0.556513 -0.143147 0.178343 -0.642348 -0.512620 -0.108796 -0.171451 -0.000339 0.000956 0.000810 0.038498 0.039845 0.049304 0.007211 0.006951 0.023466 0.025786 0.074472 0.472695 0.048280 0.009854 0.015946 0.021774 0.082991 0.113465 0.025529 0.014587 0.044695 0.057321 0.043568 0.059575 0.072968 0.007923 0.023890 0.019817 1.117856 1.268497 1.486012 1.301123 0.033535 -0.302027 0.644422 2.763666 0.269247 0.002080 0.017502 0.026521 0.069898 0.006140 0.008820 -0.003179 -0.001270 -0.001568 -0.011941 -0.000392 0.239899 0.212483
-1.037996 -0.606937 -0.115351 0.231825 -0.478036 -0.433243 -0.138834 -0.220584 -0.005500 -0.000468 0.000893 0.014443 0.018240 0.022719 0.000968 0.000473 0.014675 0.007634 0.067675 0.064247 0.058406 0.007533 0.006274 0.011486 0.015809 0.020312 0.024149 0.006075 0.006427 0.025227 0.020320 0.041163 0.025938 0.004581 0.011334 0.000533 0.062026 1.305369 1.572751 1.284922 0.595687 0.359911 1.251739 2.167728 0.652398 0.000405 0.000089 0.001758 0.023198 0.008023 0.011360 -0.000921 -0.006116 -0.017387 -0.035071 0.175745 0.325223 0.339180
-0.747874 -0.410213 -0.127815 0.111335 -0.331392 -0.335231 -0.215658 -0.101981 -0.011940 -0.001118 -0.000177 0.000000 0.000000 0.000001 0.000026 -0.000269 0.001066 0.000908 0.021034 0.022929 0.019560 0.000411 0.000008 0.000000 0.000000 0.000000 0.000000 0.000000 0.000000 0.000000 0.000000 0.025187 0.000352 0.000007 0.000192 0.000885 0.086910 0.263986 1.394427 1.558131 0.811799 0.515345 1.421536 2.679603 0.970334 -0.092561 -0.005452 -0.000251 0.000017 0.000721 0.011355 0.002787 -0.005113 -0.039763 -0.305606 0.408035 0.475186 0.313814
-0.687877 -0.309529 -0.099102 0.008560 -0.129831 -0.151913 -0.144578 -0.084266 -0.001039 -0.000682 -0.010766 -0.008136 -0.015920 -0.021588 -0.000774 -0.000700 0.000406 0.000877 0.000071 0.000004 0.000000 -0.000293 -0.009839 -0.004715 0.008758 -0.018572 0.022045 -0.001685 -0.013198 -0.016672 -0.004897 -0.000007 -0.000352 -0.003595 -0.000469 0.001771 0.036915 0.647620 1.505533 1.440085 0.774886 0.607296 1.495112 2.665804 1.251458 0.034981 0.160627 -0.000316 -0.008804 0.000134 0.000723 0.000368 -0.002123 -0.004934 0.300004 0.500808 0.321159 0.185794
-0.441088 -0.248730 0.065501 0.089775 -0.096905 -0.093557 -0.325581 -0.216403 -0.480338 -0.023197 -0.036799 -0.020471 -0.024412 -0.042148 -0.000582 0.000161 -0.000927 -0.000747 -0.004350 -0.037963 -0.015745 -0.028800 -0.021235 -0.389139 0.125651 0.141549 0.055780 -0.000930 -0.115800 -0.128095 -0.004071 -0.014800 -0.014551 -0.002977 -0.006871 -0.000273 0.000476 0.179994 1.193604 1.569721 0.692182 0.616065 1.540976 2.320117 1.175549 -0.030223 0.182983 -0.004082 -0.041156 -0.000651 -0.000788 -0.000389 -0.000964 -0.001210 0.465839 0.467879 0.217535 0.150360
-0.140631 -0.176514 0.000003 0.000208 -0.048291 0.013252 -0.186357 -0.048329 -0.002462 -1.683985 -0.396891 -0.033389 -0.032356 -0.054545 -0.006735 -0.000357 -0.000622 -0.000387 -0.002209 -0.056391 -0.020601 -0.344505 -0.537696 -0.108044 0.167507 0.276388 0.182096 0.000565 -0.034592 -0.086340 -0.001533 -0.038786 -0.034352 -0.017413 -0.005534 -0.001224 0.000350 0.767270 1.430401 1.471762 0.769855 0.782553 1.706919 2.483099 1.292806 -0.055032 0.103732 -0.005161 -0.015150 -0.023784 -0.020335 -0.016846 -0.012892 0.237232 0.535939 0.537006 0.267375 0.088357
-0.105677 -0.127386 -0.085202 -0.000326 0.005936 0.297402 0.069453 0.111517 0.220857 -1.495680 0.065633 -0.058592 -0.071999 -0.080395 -0.019878 -0.010727 -0.012160 -0.001407 -0.001263 -0.069187 -0.009564 -0.060913 -0.218240 0.048713 0.222290 0.279086 0.163616 0.000326 0.000291 -0.036230 -0.014474 -0.117293 -0.087621 -0.038324 0.013520 -0.410529 0.240528 1.092873 1.311485 1.207301 0.872247 0.744181 1.393975 2.315942 1.276663 0.075739 0.145697 -0.002605 -0.006499 -0.498671 -0.470110 -0.462782 -0.412435 0.283413 0.862099 0.345948 0.159585 0.158080
-0.061980 -0.242461 -0.289033 0.118054 0.074004 0.282347 0.048764 0.133738 0.258514 -1.081596 0.269805 -0.079132 -0.185100 -0.445147 -0.049619 -0.024424 -0.029448 -0.015468 -0.013810 -0.037260 -0.052017 0.034791 -0.038959 0.118839 0.220148 0.278018 -0.000003 -0.000208 -0.000059 -0.006858 -0.005451 -0.036637 -0.021538 0.016235 0.181780 0.201627 0.511730 1.013715 1.437835 1.151902 0.962960 0.704344 1.469341 2.120312 1.583971 0.430888 0.139886 -0.016470 -0.027701 -0.190840 -0.035840 -0.009212 -0.042274 0.344218 0.560958 0.315502 0.146878 0.010376
-0.016140 -0.045058 -0.067809 0.230808 0.046574 0.095966 0.043193 0.050333 0.250454 -0.836878 0.297211 0.105700 0.074101 -0.228926 -0.080923 -0.019722 -0.102161 -0.280600 -0.488825 0.022237 -0.026858 0.155482 0.061440 0.217703 0.191887 0.255270 -0.007477 -0.010895 -0.001191 -0.004778 -0.000327 -0.000015 -0.000000 0.166105 0.392166 0.385164 0.711722 0.938215 0.768897 0.309709 0.533523 0.801514 0.982729 1.445630 1.155307 0.642065 0.241518 0.124674 0.161483 -0.141267 0.206800 0.262551 0.193677 0.546071 0.783869 0.364760 0.002517 0.015271
-0.002738 0.113541 0.083311 0.341840 -0.160121 0.017340 0.013013 0.035293 0.265268 -0.711134 0.395722 0.239248 0.297731 -0.103556 0.105807 0.108090 0.001936 -0.273464 -0.208814 0.045676 0.025496 0.164122 0.177092 0.273269 0.224549 0.328878 0.018570 -0.304090 -0.017467 0.043790 -0.049582 0.004960 0.048124 0.347946 0.482964 0.560268 0.585159 0.838425 0.679066 0.164218 0.392631 0.557283 0.927603 1.487967 1.718074 0.727250 0.086416 0.088225 0.163218 -0.125347 0.328485 0.474775 0.351685 0.775501 0.705037 0.439084 -0.002029 0.001018
0.024865 0.315605 0.321209 0.523797 0.148069 -0.081672 -0.319563 0.000101 0.164365 -0.447731 0.415505 0.270365 0.438332 -0.038910 0.216422 0.173007 0.027249 -0.214076 -0.000400 0.074414 0.087580 0.285207 0.304551 0.419228 0.440032 0.231536 0.058376 -0.200967 0.101612 0.111503 -0.306242 0.224041 0.127044 0.218859 0.107348 0.679810 0.513216 0.820825 1.021872 0.040188 0.225317 0.432264 1.063037 2.008841 2.293434 0.472719 0.000105 0.003712 0.010149 -0.116735 0.537299 0.653196 0.418204 0.752345 0.854520 0.422982 -0.001381 0.001447
0.103445 0.388210 0.440406 0.766813 0.329823 -0.036257 -0.402763 -0.011574 0.069158 -0.325890 0.357087 0.299035 0.462119 0.044074 0.294129 0.212277 0.047728 -0.077394 0.195726 0.118854 0.368586 0.385469 0.445223 0.424858 0.296343 0.115761 0.091068 0.037864 0.067059 0.073654 0.063655 0.378249 0.345972 0.029577 0.031358 0.026994 0.510156 0.580921 1.230714 -0.030310 -0.006758 0.247084 0.602178 2.209262 3.772077 1.841685 -0.000860 0.154077 -0.040273 -0.133913 0.670472 0.859397 0.397573 0.676235 0.573702 0.385746 0.193134 -0.000216
0.059630 0.616309 0.402286 0.605125 0.622683 0.105912 -0.696962 -0.024843 0.131967 -0.053301 0.410481 0.249760 0.368763 0.166804 0.327234 0.189960 0.086645 0.001253 0.414199 0.359068 0.663758 0.364436 0.350409 0.476424 0.146781 -0.054459 0.114082 0.034846 0.060889 0.100036 0.020985 0.015958 0.051987 0.034445 0.019642 0.027015 0.034613 0.518427 1.629079 0.133143 0.080043 0.050220 0.378506 1.331340 4.096547 1.971315 0.904792 0.598847 0.162594 -0.109763 0.785297 0.887447 0.331127 0.453165 0.244440 0.119922 0.225050 -0.087415
0.107772 0.283312 0.612330 0.796838 0.819631 0.346241 -0.596066 -0.011689 0.177212 0.000460 0.284296 0.120146 0.474463 0.294090 0.410352 0.201929 0.184471 0.088081 0.915136 0.382806 0.384749 0.304370 0.294741 0.293910 0.050584 -0.091586 0.029283 0.028867 0.032367 0.095669 0.010231 0.004823 0.022725 0.015550 0.009540 0.015157 0.016861 0.035650 0.024796 0.522250 0.298134 0.093178 0.412535 1.497207 2.825616 2.347210 1.134503 0.717276 0.345086 -0.085382 0.900000 1.018466 0.258439 0.423167 0.128282 0.104540 0.226357 -0.157393
0.248487 0.493748 0.379044 0.917779 0.130673 0.127812 -0.211303 0.042007 0.102134 -0.062790 0.181005 0.132069 0.590073 0.491277 0.564628 0.225045 0.181005 0.134148 1.048312 0.456846 0.377065 0.279489 0.258035 0.221463 -0.058456 0.027587 0.011161 0.011312 0.008896 0.075989 0.051847 0.000917 0.000441 0.000552 0.000031 0.000000 0.000122 0.004010 0.005888 0.033617 0.052113 0.033569 0.138097 1.800968 3.221011 2.679810 1.572278 0.933978 0.550162 0.096527 0.932040 1.010513 0.218864 0.515827 0.117618 0.317656 0.702023 -0.269368
0.383877 0.334101 0.265156 0.203480 0.125396 0.186909 0.096286 0.175787 -0.003527 -0.218264 0.182894 0.335291 0.641087 0.505387 0.526872 0.288641 0.184344 0.315878 1.636376 0.529167 0.371822 0.117328 0.121713 0.232817 -0.069397 0.024439 0.000125 0.000584 0.006260 0.045074 0.025395 0.001053 -0.000263 -0.000283 -0.025460 -0.005752 -0.000660 -0.000024 0.000259 0.020348 0.013982 0.026610 0.000773 1.021393 3.609696 2.993516 1.912356 1.139753 0.928086 0.350614 1.278699 0.916834 0.017479 0.702177 0.430217 0.464876 0.014190 -0.272772
0.172581 0.274236 0.244633 0.207610 0.149116 0.087870 0.099805 0.366329 -0.071184 -0.246040 0.129569 0.367962 0.954643 0.554425 0.535024 0.301163 0.117178 0.359160 1.873905 0.749534 0.093503 0.112703 0.015623 0.053067 0.049840 0.009705 -0.000066 -0.000069 0.000000 0.015452 0.001079 0.000000 -0.005016 -0.011551 -0.065697 -0.055316 -0.013929 -0.007178 0.000079 0.003663 0.004845 0.005758 0.000102 2.481079 5.260354 3.020864 1.986359 1.268196 0.639840 0.016043 0.011103 0.037022 0.016538 0.027840 0.069041 0.075218 0.017556 0.011006
-0.201029 -0.044274 0.070616 0.096903 0.066982 0.070664 0.039295 0.531349 -0.127975 -0.197416 0.089131 0.598071 1.227364 0.748882 0.574340 0.338970 0.188381 0.329378 2.070867 0.432330 0.073216 0.002239 0.022004 0.013887 0.023588 -0.000411 -0.008178 -0.006206 -0.007879 0.000000 -0.000305 -0.006851 -0.017624 -0.012602 -0.166272 -0.969920 -0.026739 -0.020631 -0.000602 0.000000 0.000000 0.000000 -0.000088 3.356194 6.200118 4.271033 1.786792 0.033332 0.000000 0.000000 0.000000 0.028808 0.005462 0.012942 0.033746 0.042194 0.009840 0.009952
-0.405391 -0.231757 -0.044211 0.021314 -0.031647 0.015093 0.026324 0.723153 -0.139798 -0.162885 0.141152 0.528575 1.864001 0.662754 0.703093 0.397922 0.231169 0.635765 1.797964 0.173123 0.171505 0.032980 0.006295 0.018081 0.049508 0.007639 -0.019045 -0.024777 -0.014790 -0.006795 -0.013423 -0.017952 -0.033646 -0.017681 0.229177 -0.792127 -0.500874 -0.039802 -0.000362 -0.004212 -0.006134 -0.004387 -0.221301 4.276406 7.261902 2.973997 0.554929 0.113794 -0.000337 -0.000302 -0.000113 0.000085 0.000129 0.000556 0.005378 0.006953 0.000569 0.000409
-0.482510 -0.276849 -0.000087 0.001659 -0.079130 0.076707 0.084246 0.692531 -0.100506 -0.059113 0.001990 0.705984 0.664905 0.651499 0.507673 0.348976 0.161435 0.942150 2.182842 0.174797 0.035419 0.005250 0.010340 0.000000 0.038148 0.019565 -0.022532 -0.034018 -0.016373 -0.013687 -0.029094 -0.020834 -0.077107 0.002466 0.257517 -0.587836 -0.266010 0.000777 -0.000582 -0.007710 -0.015619 -0.008220 -0.151238 5.279188 8.088892 1.576439 0.310466 0.279809 -0.000297 -0.000388 -0.000177 -0.000069 -0.000085 -0.000065 0.000000 0.000000 -0.000292 -0.000494
-0.122321 -0.387905 -0.000653 0.001574 0.002152 0.011478 0.009939 0.007559 0.000607 -0.000680 0.004608 0.848092 0.836129 0.715167 0.346285 0.287187 0.105631 1.387515 2.558408 0.156256 0.013870 0.043811 0.048935 0.031333 0.033226 0.100424 -0.185329 -0.162022 -0.009573 -0.018647 -0.044806 -0.842217 -0.470187 -0.000572 0.175825 -0.499151 -0.177983 0.025964 -0.000817 -0.017478 -0.016728 0.000831 0.231682 3.985023 4.549951 1.799819 0.397240 0.395844 0.001135 -0.000895 -0.002447 -0.019051 -0.010439 -0.007593 -0.012089 -0.006604 -0.031634 -0.015531
-0.000659 -0.396339 -0.196102 -0.000793 -0.000034 0.000000 0.000000 0.000067 -0.000016 -0.000360 0.373300 1.355877 1.181193 0.013129 0.011857 0.366938 0.446150 2.513953 3.003967 0.170971 0.028832 0.013945 0.006127 0.089401 0.040702 0.133596 -0.123948 -0.220392 -0.060004 -0.093106 -0.253065 -0.550201 -0.035833 0.287042 0.112227 -0.405383 -0.203610 -0.134897 -0.006054 -0.025615 -0.026825 0.275043 0.429164 3.771691 4.225511 1.808314 0.428880 0.440558 0.235511 -0.020909 -0.013248 -0.045390 -0.018564 -0.018212 -0.017597 -0.215525 -0.122002 -0.194699
-0.000406 -0.308835 -0.233932 -0.001516 -0.002143 -0.014781 -0.005350 -0.000464 -0.000242 0.725585 0.734816 1.237937 0.473061 0.000360 0.000360 0.000162 0.316672 0.836196 3.229481 0.203598 0.007038 0.007152 0.003663 0.008348 0.103000 0.156628 -0.101424 0.081665 -0.002356 0.067870 0.004688 -0.360706 0.127130 0.351963 -0.052333 -0.489754 -0.121488 -0.189499 -0.499147 -0.277830 0.227139 0.876274 1.278644 3.708290 4.093929 1.688028 1.032299 1.008586 0.924488 -0.510450 -0.488201 -0.077756 -0.069816 -0.070134 -0.285948 0.264160 0.120557 0.056489
-0.106689 -0.216402 -0.187077 -0.071597 -0.160940 -0.363440 -0.016338 -0.008109 0.035431 0.946653 0.882002 1.091003 -0.048907 -0.000360 -0.000360 -0.000131 0.010140 0.980716 3.187945 0.326807 0.000422 0.000153 0.000000 0.000584 0.005102 0.109724 -0.070970 0.000015 0.000658 0.007471 0.412259 -0.036894 0.499897 0.552104 -0.176809 -0.407606 -0.061116 0.000326 -0.302765 -0.449619 0.635837 1.096521 1.531050 2.252542 2.208227 0.593158 0.890542 1.239628 1.280306 -0.476411 -0.397911 0.066267 0.073992 0.018955 0.028545 0.613020 0.166124 0.136320
