use_cases/Flooding_chicago/flooding_data/output/hUy_2520.asc
ncols 337
nrows 393
xllcorner 428428.000000
yllcorner 4602440.000000
cellsize 26.757400
NODATA_value -9999.000000
[rows 130 to 155 of 393, columns 58 to 115 of 337]
-9999.000000 -9999.000000 -9999.000000 -9999.000000 -9999.000000 -9999.000000 -9999.000000 -9999.000000 -9999.000000 -9999.000000 -9999.000000 -9999.000000 -9999.000000 -9999.000000 -9999.000000 -9999.000000 -9999.000000 -9999.000000 -9999.000000 -9999.000000 -9999.000000 -9999.000000 0.207623 0.395610 0.802150 0.437059 0.228562 0.776795 0.001945 0.000000 0.000000 0.000000 -9999.000000 -9999.000000 -9999.000000 -9999.000000 -9999.000000 -9999.000000 -9999.000000 -9999.000000 -9999.000000 -9999.000000 -9999.000000 -9999.000000 0.019246 0.009098 0.041061 0.013951 0.013255 0.002495 0.035626 0.074281 0.076896 -0.121610 -0.628987 -0.180280 -0.102171 -0.031822
-9999.000000 -9999.000000 -9999.000000 -9999.000000 -9999.000000 -9999.000000 -9999.000000 -9999.000000 -9999.000000 -9999.000000 -9999.000000 -9999.000000 -9999.000000 -9999.000000 -9999.000000 -9999.000000 -9999.000000 -9999.000000 -9999.000000 -9999.000000 -9999.000000 0.352677 0.157230 0.252711 0.768727 0.756916 0.000945 0.886419 0.283813 0.339761 -0.014439 -0.005284 -0.000082 -0.000002 0.001420 0.000533 0.392624 0.394419 0.002961 0.004938 0.058590 0.009836 0.000494 0.000648 0.035842 0.004433 0.017905 0.000346 0.000248 0.002872 0.059309 0.004167 0.001187 0.002854 -0.321086 -0.054859 -0.310348 -0.193597
-9999.000000 -9999.000000 -9999.000000 -9999.000000 -9999.000000 -9999.000000 -9999.000000 -9999.000000 -9999.000000 -9999.000000 -9999.000000 -9999.000000 -9999.000000 -9999.000000 -9999.000000 -9999.000000 -9999.000000 -9999.000000 -9999.000000 0.000000 0.685764 0.644220 0.000877 0.000372 0.896668 0.769167 0.328312 0.662927 0.396060 0.411799 -0.111693 -0.017989 -0.027537 -0.003037 -0.000795 -0.000361 0.512454 0.455440 0.005124 0.008904 0.024557 0.009223 0.000670 0.000684 0.005653 0.005189 0.000180 -0.000180 -0.000037 0.012381 0.013205 0.006295 0.000337 0.007057 -0.203974 0.076668 -0.284144 -0.328841
-9999.000000 -9999.000000 -9999.000000 -9999.000000 -9999.000000 -9999.000000 -9999.000000 -9999.000000 -9999.000000 -9999.000000 -9999.000000 -9999.000000 -9999.000000 -9999.000000 -9999.000000 -9999.000000 -9999.000000 -9999.000000 0.230327 0.554469 0.797657 0.732220 0.000110 -0.138946 0.858430 0.826308 0.492680 1.042145 0.557546 0.487838 -0.027921 -0.002243 -0.081316 -0.001244 0.138524 0.228296 0.487585 0.388641 0.003765 0.002821 0.002611 0.000259 -0.000053 -0.000320 -0.001738 -0.004661 -0.000346 -0.014754 -0.001295 0.027154 0.015957 0.004672 0.000316 0.016276 0.048666 0.251743 -0.310773 -0.529447
-9999.000000 -9999.000000 -9999.000000 -9999.000000 -9999.000000 -9999.000000 -9999.000000 -9999.000000 -9999.000000 -9999.000000 -9999.000000 -9999.000000 -9999.000000 -9999.000000 -9999.000000 -9999.000000 -9999.000000 0.003531 0.025759 0.610136 1.148373 1.138851 -0.073978 -0.092398 0.522826 0.503181 0.402051 0.921559 1.284110 0.647384 0.003355 -0.001492 0.003574 0.002598 0.150221 0.295761 0.418823 0.000130 0.000360 0.000360 0.003986 -0.000156 -0.000703 -0.000758 -0.005401 -0.004682 -0.002340 -0.154871 -0.033713 0.103248 0.012943 0.004292 0.007767 0.088227 0.130259 0.561304 -0.345836 -0.634347
-9999.000000 -9999.000000 -9999.000000 -9999.000000 -9999.000000 -9999.000000 -9999.000000 -9999.000000 -9999.000000 -9999.000000 -9999.000000 -9999.000000 -9999.000000 -9999.000000 -9999.000000 -9999.000000 0.008615 0.009807 0.008590 0.072845 1.036128 0.912110 0.050159 0.036626 0.239457 0.423299 0.449068 0.999468 1.404211 1.421667 0.241569 -0.002912 0.011822 0.008701 0.208227 0.413048 0.383924 -0.000130 -0.000360 -0.000360 -0.011690 -0.001253 -0.012512 -0.009140 -0.039008 -0.028892 -0.002529 -0.235338 -0.048596 0.046480 0.006987 0.002489 0.016305 0.040992 0.020124 0.046515 -0.157637 -0.419792
-9999.000000 -9999.000000 -9999.000000 -9999.000000 -9999.000000 -9999.000000 -9999.000000 -9999.000000 -9999.000000 -9999.000000 -9999.000000 -9999.000000 -9999.000000 -9999.000000 -9999.000000 0.001804 0.014916 0.011655 0.031708 0.024446 0.033774 0.949234 0.309382 0.156855 0.010324 0.196749 0.277722 0.619650 1.489223 1.926105 0.467234 -0.217316 0.037732 0.030851 0.025839 0.489143 0.117754 0.093308 -0.010244 -0.022169 -0.011526 -0.022704 -0.043187 -0.063189 -0.034425 -0.029300 -0.001046 0.087307 -0.038512 -0.003214 0.002795 -0.003510 -0.000588 -0.000043 0.000882 0.022168 0.000065 -0.461786
-9999.000000 -9999.000000 -9999.000000 -9999.000000 -9999.000000 -9999.000000 -9999.000000 -9999.000000 -9999.000000 -9999.000000 -9999.000000 -9999.000000 -9999.000000 -9999.000000 0.001980 0.003723 0.002602 0.001856 0.010974 0.008504 0.001081 0.669505 0.733642 0.544223 -0.040391 0.132513 0.243821 0.645688 2.216526 1.937517 0.592618 -0.318697 0.008060 0.010049 0.009514 0.068028 0.477060 0.105844 -0.129099 -0.107250 0.068363 -0.328578 -0.321824 -0.337772 -0.018888 -0.023989 0.000993 0.000881 -0.019696 -0.020026 0.000340 -0.003027 0.045077 -0.131307 0.000982 0.007562 0.232207 -0.305870
0.001102 -9999.000000 -9999.000000 -9999.000000 -9999.000000 -9999.000000 -9999.000000 -9999.000000 -9999.000000 -9999.000000 -9999.000000 -9999.000000 0.003408 0.006547 0.003155 0.002631 -0.000361 -0.001061 0.000003 0.000208 0.000966 0.010159 0.665244 0.646798 -0.008698 0.127608 0.263380 0.710288 1.501899 2.236317 0.761383 -0.367062 0.000232 0.000340 0.000319 0.025404 0.414052 0.075447 -0.031467 0.055820 0.075944 -0.285437 -0.293421 -0.572669 -0.014241 -0.006360 0.001195 0.000667 -0.031343 -0.032090 0.000000 -0.000929 -0.031379 -0.113448 0.000107 0.000340 0.015626 -0.346462
0.000402 -9999.000000 -9999.000000 -9999.000000 -9999.000000 -9999.000000 -9999.000000 -9999.000000 -9999.000000 -9999.000000 -9999.000000 -9999.000000 0.004949 0.002923 0.004006 0.000261 -0.001836 -0.059613 -0.007066 -0.000326 0.000061 0.000001 0.079563 0.084972 0.000000 0.035126 0.032875 0.732832 1.466375 1.822166 0.714979 0.001342 0.000000 0.000000 0.000042 0.000182 0.307953 0.044743 -0.109303 0.076447 -0.014134 -0.307740 -0.211589 -0.010883 0.000288 0.000289 -0.000152 -0.000375 -0.026556 -0.026593 -0.000340 -0.000585 -0.054695 -0.154596 -0.000217 0.000000 0.007112 0.006964
-0.000027 0.000000 -9999.000000 -9999.000000 -9999.000000 -9999.000000 -9999.000000 -9999.000000 -9999.000000 -9999.000000 -9999.000000 0.002280 0.001633 0.003705 0.003201 0.001352 -0.000041 -0.235821 -0.044011 -0.006849 -0.000637 -0.069396 0.080169 0.065095 0.020212 0.031258 0.034799 0.687284 1.340543 1.879270 0.735818 0.004495 -0.000232 -0.000340 -0.000320 -0.000057 0.194837 -0.013541 -0.109386 0.086048 -0.073901 -0.208324 -0.109990 0.000286 -0.000654 -0.000505 -0.001470 -0.000901 -0.124512 -0.121413 -0.009657 -0.001702 0.000685 -0.220017 -0.000289 -0.000340 0.000059 0.000066
-0.007906 0.000277 -9999.000000 -9999.000000 -9999.000000 -9999.000000 -9999.000000 -9999.000000 -9999.000000 0.000000 0.096572 0.001370 0.001192 0.001074 0.000695 0.002518 0.000879 -0.136799 -0.282412 -0.013731 -0.007024 0.227862 0.057729 0.058370 0.021714 0.330858 0.267522 0.670981 1.244351 1.904088 0.815506 0.457018 -0.009182 -0.021801 -0.013367 -0.001410 0.100709 -0.062296 -0.090228 0.111011 -0.098540 -0.200289 -0.115327 0.000243 0.038462 -0.113612 -0.012974 -0.011577 -0.060280 -0.073807 -0.260758 -0.001672 -0.000113 -0.198584 -0.085463 -0.006486 -0.000633 -0.000132
-0.019522 0.000025 0.000360 0.000360 0.003880 0.002409 0.006086 0.008789 0.007010 0.216741 0.064987 0.001665 0.000378 -0.003012 -0.004299 0.000000 -0.000081 0.000334 -0.142370 -0.230527 -0.109211 0.219417 0.001787 0.040536 0.020177 0.476374 0.080125 0.076833 0.628727 2.088856 1.008478 0.336445 0.036741 0.054925 0.151671 0.138589 0.095729 -0.116451 -0.021504 0.198531 -0.062343 -0.131726 -0.067407 0.001137 0.091116 -0.108088 -0.011930 -0.073904 -0.008479 -0.039350 -0.316604 -0.001200 -0.000779 -0.141641 -0.077501 -0.084877 -0.020090 -0.019281
0.000183 -0.000252 -0.000360 -0.000360 0.001879 0.001743 0.000558 0.009381 0.013683 0.016113 0.103881 0.002002 -0.000910 -0.004243 -0.004759 -0.011618 -0.001332 0.000530 0.007649 0.259305 0.004012 0.254694 -0.051446 0.176967 0.019955 0.216816 0.000222 0.000880 0.017552 1.794139 0.976342 0.409742 0.133072 0.269710 0.337788 0.294473 0.269687 0.000047 0.130025 0.338207 0.028999 0.229942 0.108858 0.002123 0.019346 -0.089409 0.144199 -0.005582 -0.000374 -0.031263 -0.500130 -0.000991 -0.000906 -0.078815 -0.041508 0.149313 0.082977 0.200590
0.004311 -0.009929 -0.017628 -0.004488 -0.004415 -0.002341 -0.000633 -0.004620 0.014142 0.001497 0.011488 0.002541 -0.001296 -0.015519 -0.025553 -0.087499 -0.000889 0.000634 0.059895 0.000121 0.000326 0.005982 0.008355 0.155894 0.001179 0.012692 -0.000222 0.001783 0.002819 0.658343 0.387676 0.168982 0.143691 0.363919 0.274385 0.284833 0.445256 0.431124 0.243181 0.450506 0.071404 0.138194 0.195052 0.000713 0.010412 0.006762 0.031404 0.010202 0.002995 0.000169 -0.402360 -0.113336 0.020111 -0.036485 0.020383 0.174359 0.122318 0.242696
0.005169 -0.040335 -0.057529 -0.046627 -0.003238 -0.002349 -0.040109 -0.012102 0.000000 0.000005 0.000000 -0.001235 -0.001040 -0.009855 -0.029471 -0.041985 -0.046149 -0.005282 0.001009 -0.000106 -0.000208 -0.000003 0.062042 0.094742 0.000612 0.000000 -0.023601 0.000757 0.322258 0.751031 0.054355 0.003180 0.005139 0.112771 0.175691 0.186340 0.093638 0.078240 0.149745 0.061525 0.023249 0.206273 0.255958 -0.000089 0.000000 0.000000 0.000082 0.016302 0.001530 0.360124 -0.083815 -0.086554 0.124015 0.030402 0.055726 -0.101901 0.006175 0.006544
0.004403 -0.011707 -0.207369 -0.079883 -0.003396 -0.021461 -0.282369 0.151458 -0.018765 -0.001512 -0.012041 -0.002845 -0.001658 -0.000076 -0.016500 -0.000825 -0.225282 -0.110856 0.071413 -0.022279 -0.009208 -0.002514 0.000105 0.000692 0.021845 -0.019008 0.011282 0.369168 0.447518 0.577073 0.012272 0.004678 0.012539 0.005878 0.246576 0.290754 0.001784 0.000057 0.250177 0.003259 0.003396 0.031416 0.292216 0.047586 -0.007028 -0.008764 -0.000633 0.046269 0.226424 0.359046 0.000845 -0.079519 0.185044 0.002996 0.001024 -0.438111 0.000000 0.000000
0.000004 -0.002504 -0.092746 -0.025411 -0.001659 -0.074876 -0.387792 0.134265 -0.057813 0.084897 -0.038072 -0.028360 -0.027433 -0.021645 -0.050052 0.013992 -0.150691 -0.115715 0.063018 -0.120591 -0.039879 -0.001732 -0.000599 0.000443 0.053755 0.128504 0.510541 0.523471 0.142979 0.032383 0.000569 0.000012 0.018460 0.011631 0.215796 0.295377 0.212332 0.130670 0.217554 0.008178 0.006131 0.015761 0.094866 0.097261 -0.260661 -0.094003 0.089796 0.100186 0.249511 0.002445 0.001326 -0.041812 -0.002071 0.000980 -0.000064 -0.453695 -0.005878 -0.005878
-0.016360 -0.057707 -0.053943 -0.035626 0.023929 -0.038908 -0.127213 0.091259 -0.008344 0.083731 -0.000808 -0.123625 -0.126850 -0.070989 -0.032857 -0.000923 0.023086 -0.097499 0.091957 -0.128460 -0.053175 -0.027018 -0.023993 -0.001099 0.394430 0.290960 0.513930 0.407852 -0.074686 0.010577 0.000746 0.005212 0.017532 0.013919 0.006603 0.228468 0.532612 0.134864 0.006447 0.013012 0.001998 0.003303 0.001552 0.127285 -0.041154 0.022228 0.097740 0.116859 0.000466 0.002591 0.000287 -0.025556 -0.007163 -0.002669 -0.054301 -0.251639 -0.148038 -0.235758
-0.109848 0.072752 0.025932 0.009602 0.037496 0.000421 -0.057010 0.003207 0.002319 0.075949 0.005036 -0.116255 -0.108063 -0.069392 0.025880 0.001736 0.000819 -0.073984 0.115213 -0.156134 0.000029 -0.154858 -0.072487 -0.019508 0.401748 0.325690 0.238381 0.274763 -0.000978 0.000402 0.001053 0.007792 0.012946 0.009756 0.002314 0.154296 0.677790 0.000981 0.003808 0.011908 0.003573 0.004801 0.001804 0.136067 0.031441 0.043901 0.157199 0.080497 0.000664 -0.001458 -0.000935 -0.018369 -0.007366 -0.022023 -0.035799 -0.194858 -0.152062 0.089914
-0.150165 0.071427 0.103184 0.042345 0.046634 0.023580 0.014380 0.003815 0.001108 0.065189 -0.005546 -0.121526 -0.088002 -0.089009 0.113251 0.002003 0.001316 0.000594 0.165815 -0.068274 0.029017 -0.121748 -0.007359 0.038949 0.398634 0.360589 0.268215 0.001605 -0.000050 -0.000085 0.000000 0.000328 0.000640 0.000354 -0.001957 0.000502 0.470244 -0.000902 -0.001223 0.001446 0.004297 0.004812 0.001293 0.137404 0.051001 0.059035 0.006470 0.001098 0.000232 -0.000888 -0.000249 -0.008818 -0.029161 -0.024161 -0.018072 -0.103812 0.006800 0.111909
-0.179581 0.009145 0.134957 0.121331 0.049889 0.029490 0.039241 0.067425 0.000197 0.001873 -0.007308 -0.098230 -0.114282 -0.096933 0.173423 0.000127 0.000222 -0.000054 0.216228 -0.032457 0.080546 -0.082091 0.000700 0.040262 0.231727 0.300820 0.236136 0.139319 -0.001414 -0.027301 -0.007866 -0.000876 -0.000888 -0.000412 -0.001418 -0.000843 0.382805 0.038331 0.000499 0.000437 0.000486 0.001031 0.000652 0.191145 0.145049 0.002609 0.000222 -0.000608 -0.000610 0.011439 0.002603 -0.028488 -0.024596 -0.016004 -0.131364 0.000000 0.047127 0.060239
-0.196790 -0.080892 0.118804 0.176891 0.033371 0.032534 0.047434 0.069574 -0.042649 0.000322 0.016328 -0.076267 -0.091094 -0.113895 0.179317 -0.000123 -0.000222 -0.012751 0.270873 -0.010789 0.114432 -0.058198 -0.016335 0.055014 0.180213 0.110867 0.159068 0.145385 0.023609 -0.005815 -0.060316 -0.013775 -0.006472 0.000051 0.000639 -0.017080 0.402630 0.079698 0.005655 0.000194 -0.000256 0.000180 0.000856 0.055423 0.048348 0.009099 -0.000222 -0.001119 0.002291 0.015686 -0.000262 -0.016607 -0.029296 0.000917 -0.345613 -0.068840 -0.004838 0.027271
-0.166566 -0.157710 0.096638 0.194529 0.041626 0.057243 0.029499 0.076035 -0.067793 -0.020990 0.045769 -0.025849 -0.086927 -0.109547 0.110743 -0.019940 -0.004433 -0.083752 0.263314 0.016557 0.107403 -0.028802 0.039791 0.040419 0.031414 0.078872 0.124050 0.159183 0.080469 0.179444 0.087480 0.065232 -0.002152 0.000416 0.000913 0.001106 0.059292 0.057921 0.019662 -0.000998 -0.005799 -0.000948 0.001031 0.026392 0.017571 0.002705 0.000735 0.001394 -0.001718 0.000666 -0.003495 -0.003736 0.026941 0.041487 -0.027030 -0.087441 -0.057359 -0.035236
-0.190392 -0.248313 0.055228 0.180363 0.011899 0.013855 0.001165 0.165202 -0.042473 -0.017292 0.042007 -0.007272 -0.064751 -0.084382 0.133162 -0.149314 -0.030463 -0.063952 0.239413 0.040839 0.107808 0.007422 0.032948 0.046936 -0.030254 0.059156 0.002261 0.170842 0.051155 0.154913 0.232280 0.141164 -0.025007 -0.000353 -0.000628 0.000015 0.000737 0.082676 -0.000124 -0.002260 -0.005785 -0.007318 0.001194 0.000944 0.000040 0.001991 0.000646 0.000263 -0.004077 -0.001845 -0.005053 -0.000344 0.038638 0.032130 0.012099 -0.078407 -0.068708 -0.261122
-0.193800 -0.385277 0.003108 0.099843 -0.038012 0.013084 0.087235 0.161927 -0.017366 0.012994 0.058193 0.015122 -0.082933 -0.073788 0.090030 -0.236836 -0.044544 -0.053157 0.221781 0.041558 0.149941 0.031959 0.060658 0.065463 -0.079312 0.052755 -0.001154 0.006721 0.030598 0.033463 0.259002 0.197014 -0.127851 0.000923 -0.000552 -0.001091 0.000658 0.064388 0.005686 -0.043431 -0.021835 -0.002716 0.000222 -0.000016 -0.001299 -0.001363 -0.000511 -0.000204 0.000409 -0.000201 -0.003922 -0.008589 0.032003 0.040763 0.015636 -0.025178 0.099569 0.090254
