use_cases/Flooding_chicago/flooding_data/output/hUy_3180.asc
ncols 337
nrows 393
xllcorner 428428.000000
yllcorner 4602440.000000
cellsize 26.757400
NODATA_value -9999.000000
[rows 130 to 155 of 393, columns 174 to 231 of 337]
0.026407 0.009341 0.000559 0.000009 0.000155 0.086944 0.415458 0.038666 0.056768 0.028962 0.015842 0.021658 0.024779 0.031985 0.022303 0.167182 0.194548 0.098590 -0.076879 -0.325995 -0.778044 -1.001634 -0.917165 -0.457774 -0.100372 0.357473 0.109085 0.000280 -0.001869 -0.008896 -0.483956 -0.098870 -0.147550 0.045926 0.017739 0.028322 0.003884 0.000757 0.000491 0.000025 0.111802 0.024268 0.077816 0.104882 0.136131 0.039797 0.060912 0.062487 0.092052 0.004172 0.000534 0.000511 0.000268 -0.000209 -0.000007 0.261674 4.744958 2.770169
0.006837 0.000320 -0.000118 -0.007951 -0.000339 0.061544 0.100160 0.006904 0.017387 0.012546 0.013963 0.006008 0.019418 0.014277 0.017403 0.010234 0.018061 0.002220 0.001782 -0.289720 -0.895894 -1.067861 -0.821039 -0.932661 -0.400153 0.554877 0.669796 0.001406 0.022918 -0.001526 -0.619994 0.030719 0.026884 0.030423 0.009552 0.012430 0.000890 -0.000110 -0.000156 -0.032443 -0.003084 0.040465 0.017311 0.026621 0.010681 0.036066 0.038191 0.031105 0.026866 0.012446 0.000798 0.000718 -0.000039 -0.000812 0.202897 0.139467 1.801830 2.435899
0.000000 -0.000098 -0.006242 -0.026413 -0.026015 -0.002599 0.017943 0.000143 0.000061 0.000140 0.000222 0.000444 0.000025 0.000373 0.000309 0.000143 0.000002 -0.000264 0.175968 -0.292558 -0.828984 -1.092237 -0.903702 -0.899234 -0.377110 0.549562 1.232878 -0.105103 -0.035897 -0.140449 -0.310106 0.001685 0.007400 0.011921 0.000965 0.000473 -0.000082 -0.010447 -0.015302 -0.268642 0.006026 0.013924 0.007807 0.015069 0.008808 0.011552 0.007295 0.021056 0.002493 0.003219 0.000222 0.000103 -0.000243 -0.000513 0.328049 0.001223 0.488628 2.441399
-0.017748 -0.017371 -0.022143 -0.031562 -0.099749 -0.001116 -0.000011 -0.000156 -0.000063 -0.000140 -0.000222 -0.000220 -0.022739 -0.000644 -0.000421 -0.000128 -0.003307 1.107730 0.539859 -0.298470 -0.798642 -1.217849 -1.093724 -1.143269 -0.635475 0.398262 1.311339 -0.627446 -0.040845 -0.001101 -0.020458 0.003149 0.000318 0.000270 -0.000000 -0.000270 -0.007920 -0.032855 -0.146173 -0.218314 0.017998 0.004395 0.000289 0.000368 0.000724 0.000404 0.000015 0.000000 -0.000377 -0.001837 -0.000222 -0.000103 -0.000178 -0.000731 0.362515 0.276820 0.462751 2.024410
-0.042739 -0.036375 -0.030544 -0.039842 -0.210440 -0.009798 -0.004772 -0.041663 -0.010321 -0.007420 -0.008512 -0.030905 -0.045453 -0.025884 -0.019983 -0.008552 -0.030805 1.261775 0.513030 -0.269117 -0.714469 -1.113183 -1.356692 -1.305853 -0.928629 0.187792 1.185931 0.149659 -0.012923 -0.002265 -0.007497 0.000091 -0.000110 -0.000473 -0.000965 -0.001059 -0.022147 -0.370126 -0.069475 -0.121629 0.008058 0.000152 0.000068 -0.000388 -0.000781 -0.000588 -0.010501 -0.004899 -0.048796 -0.002744 -0.006515 -0.009821 -0.007692 -0.000861 0.380518 0.938253 0.788180 1.569970
-0.055844 -0.603058 -0.845101 0.209615 -0.540117 -0.717564 -0.026400 -0.068212 -0.018288 -0.020969 -0.017791 -0.058993 -0.036145 -0.178311 -0.141933 -0.170472 -0.100881 0.920418 0.337998 -0.209274 -0.559521 -1.067849 -1.139257 -1.622140 -1.263305 0.047681 1.604513 1.170778 -0.100237 -0.011562 -0.001714 -0.000212 -0.001109 -0.006721 -0.024094 -0.002493 -0.047157 -0.421917 0.014879 0.047782 0.000311 -0.000054 -0.000755 -0.008639 -0.009405 -0.021955 -0.022472 -0.043272 -0.073189 -0.025316 -0.024921 -0.020015 -0.024558 -0.000682 0.846377 0.968295 0.690383 1.994081
-2.466007 0.379110 -0.113943 0.717238 -0.045749 0.150692 -1.079891 -0.591305 -0.023709 -0.575853 -1.963918 -1.158007 -0.246132 -0.117626 -0.479728 -0.049411 0.129527 0.693139 0.230655 -0.219123 -0.506631 -1.066766 -1.101799 -1.659756 -1.390972 0.002418 1.461507 1.672217 1.135113 -0.019858 -0.002159 -0.014324 -0.012228 -0.034001 -0.041723 -0.014435 -0.617779 -0.412476 0.011685 0.007386 0.000101 -0.001632 -0.018777 -0.014952 -0.015391 -0.036265 -0.020256 -0.077353 -0.085629 -0.052321 -0.039535 -0.023648 -0.017403 0.191058 1.181428 1.073014 1.077786 1.870864
-1.704185 0.949090 0.375109 0.861041 0.321534 0.721262 -0.128220 -0.027495 0.137453 0.694017 -0.006928 -0.635649 -0.442506 -0.295740 -0.687606 -0.064922 0.284653 0.466548 0.127338 -0.307426 -0.557364 -1.070954 -1.076748 -1.713705 -1.463167 -0.198448 1.470563 1.632874 1.114358 -0.003904 -0.009168 -0.019179 -0.056010 -0.062375 -0.046926 -1.439609 -0.524339 -0.000000 -0.000004 -0.000117 -0.002007 -0.009255 -0.047941 -0.017313 -0.017543 -0.029714 -0.064430 -0.095637 -0.094027 -0.065473 -0.039171 -0.039640 -0.002198 0.383047 1.402040 1.231303 1.165984 1.815725
-0.900483 1.892866 1.264506 1.269261 0.971877 1.304927 0.371368 0.560479 0.675674 1.361102 0.844072 -1.482134 -2.213954 -2.253818 -0.498556 -0.089727 -0.088776 -0.099960 -0.242720 -0.371842 -0.617964 -1.222766 -1.241437 -1.828810 -1.746932 -0.528161 1.095898 1.106276 0.823752 -0.091238 -0.097167 0.228307 0.162155 -0.054526 -0.219908 -0.430099 -1.334481 -0.320975 -0.015679 -0.016308 -0.023354 -0.005884 -0.018021 -0.018839 -0.018847 -0.034086 -0.094197 -0.108098 -0.075837 -0.069762 -0.081326 -0.076077 0.273238 1.087875 1.683429 1.948427 1.904779 2.130299
0.882224 2.281336 1.662007 1.704703 1.511673 2.466511 1.847556 1.469550 1.820507 2.597624 1.362001 -0.252476 -2.037645 -2.472540 0.231931 -0.068431 -0.837151 -1.076664 -1.240648 -1.121502 -1.241449 -1.726110 -1.712953 -2.352505 -2.345486 -1.223374 0.250842 0.390072 0.006017 -0.228877 -0.192961 0.505256 0.217476 0.005191 -0.092224 0.092606 -0.708204 -1.057782 -1.235486 -0.075387 -0.042765 -0.020599 -0.045739 -0.013796 -0.026995 -0.030792 -0.087519 -0.282541 -0.041684 -0.889708 -1.022296 -0.575174 0.833037 1.622481 2.440774 2.616564 2.546545 2.851187
0.545453 1.361950 1.061991 1.231544 2.726315 3.382851 3.159270 1.830131 1.976643 1.652877 0.840413 0.436157 0.151752 -0.840382 0.077615 -0.095867 -0.934676 -1.503457 -1.746911 -2.081583 -1.944609 -2.105918 -2.033550 -2.574191 -2.437217 -1.621258 -0.441431 -0.399498 -1.270067 -0.372393 -0.352148 0.288897 0.144789 0.226020 0.555344 0.494407 -0.486391 -1.434856 -1.278580 -1.343689 -1.518612 -0.037488 -0.031839 -0.047694 -1.182293 -0.652708 0.110642 -0.786818 -0.711286 -0.017358 0.406233 0.943670 1.533563 2.637805 3.055385 3.508165 3.374749 4.301291
0.984738 1.328649 0.786752 2.297465 3.211881 3.643723 2.671496 1.558525 1.253151 0.793270 0.378856 0.307145 1.881413 0.719790 0.209305 -0.063739 -0.608588 -1.289914 -1.777562 -2.431174 -2.409286 -2.193951 -1.943919 -1.946241 -2.280030 -1.632334 -0.588283 -0.696892 -2.125061 -0.788930 -0.465215 -0.224484 0.024476 0.298973 0.678621 1.098436 -0.168967 -1.848987 -2.064635 -1.757190 -1.747397 -1.418468 -1.351474 -1.114694 -0.194312 0.111446 0.739062 0.094151 0.159876 0.774732 1.627987 1.787776 1.787149 2.953564 3.184396 3.934040 3.776294 5.029153
0.346795 0.746790 2.069784 2.981210 2.953345 3.733748 2.578655 0.700516 0.016874 0.012484 0.110282 0.485741 1.060869 0.278982 0.007004 0.121172 0.643343 -0.577711 -0.986849 -1.952081 -2.065127 -1.890942 -1.717964 -1.567486 -1.665760 -1.223782 -0.427199 -0.675947 -1.930279 -1.544752 -0.669307 -0.756040 -0.374768 0.032320 0.204853 0.531988 0.237447 -1.765296 -1.248845 -1.409146 -1.966106 -2.199468 -1.424659 -0.369855 0.071476 0.316621 0.658623 0.453378 0.306655 1.194242 2.277584 2.330598 2.032227 2.895376 2.957760 3.474544 3.713724 4.796222
0.326764 0.826220 1.220784 2.561248 2.973807 1.315075 0.322328 0.016130 0.000992 0.001105 0.000426 0.760100 0.938957 0.000008 0.000346 0.007801 0.006218 -0.176306 -0.310713 -0.946470 -1.563627 -1.623526 -1.086922 -1.108596 -0.925834 -0.442420 -0.050440 -0.603207 -1.650416 -1.889078 -1.155953 -1.247208 -1.028699 -0.634000 -0.209048 -0.129467 -0.000983 -0.494887 -0.435422 -0.450668 -0.970614 -1.492926 -1.169491 -0.167595 0.021141 0.238250 0.500232 0.653663 0.636605 1.749247 3.306583 3.118377 2.281288 2.580499 2.579857 3.056150 3.698894 4.495840
0.399636 0.938192 1.175681 2.690074 0.655859 1.182674 0.150081 0.000342 0.001010 0.001390 -0.000001 0.922706 0.798005 -0.009593 -0.000180 0.000180 0.000222 -0.104814 -0.235332 -0.605889 -1.150315 -1.280643 -0.574734 -0.841993 -0.382385 0.207190 0.109534 -0.268932 -1.193700 -2.078690 -1.620531 -1.815759 -1.595361 -1.794727 -0.809689 -0.539492 -0.020485 -0.127673 0.022566 0.205860 0.054634 -0.648081 -0.384027 0.073021 0.066132 0.114202 0.470917 1.012816 1.564002 2.506990 3.560382 3.008078 2.805606 2.683184 2.288215 2.673353 3.715866 4.233350
0.497100 1.096694 1.267964 1.361181 0.539251 0.519669 0.000528 -0.000033 -0.000023 0.000222 -0.000318 1.346149 0.807569 -0.296925 -0.007829 -0.000346 -0.000004 0.037478 -0.205893 -0.239168 -0.607138 -0.614818 0.065788 -0.547008 0.097008 0.935858 0.371762 0.181640 -0.726298 -1.762166 -2.047558 -2.095227 -2.376180 -2.265790 -2.090458 -1.793020 -0.915505 -0.003887 0.383097 0.729896 0.720696 0.154069 1.434164 0.243960 -0.007928 0.110108 0.740213 1.540894 2.391076 3.065199 3.526701 2.772250 1.851542 2.316663 2.229293 2.887788 3.842994 4.345021
0.547274 1.130399 0.747620 0.515397 0.459229 0.000462 -0.000337 -0.000164 -0.000323 -0.000222 -0.106208 1.185449 0.573499 0.104462 -0.024588 -0.006276 -0.000885 -0.000030 0.007834 -0.068881 -0.309234 -0.063164 0.538789 0.166748 0.845589 1.587483 0.845913 0.693208 0.591208 -1.336943 -2.112074 -2.576792 -2.379429 -2.935375 -2.427805 -1.907818 -0.773023 0.140051 0.742041 1.039908 1.403487 0.781586 0.742186 0.281542 -0.063237 0.009766 0.845640 1.747364 2.861638 2.712358 2.668966 2.037459 1.754610 2.341188 2.384883 2.805241 3.479150 3.631304
0.222583 0.433844 0.591669 0.006728 0.000553 0.023407 -0.127501 -0.024829 -0.007836 -0.008612 -0.576388 1.656028 0.627229 0.165905 -0.017968 -0.011799 -0.000709 -0.062618 0.235931 0.228786 -0.217586 0.311376 0.970581 0.500270 1.558026 2.089962 1.710049 1.267101 1.133330 -0.041882 -1.661722 -2.633794 -2.953726 -2.733617 -2.254252 -1.686046 -1.058264 0.491292 1.061793 1.343658 1.559777 0.943847 0.405762 0.299932 -0.192435 0.045655 0.947003 1.933049 2.910609 2.040041 2.157176 1.779419 1.936551 2.487055 2.847517 2.677172 3.025888 3.318439
0.046344 0.309792 0.337172 0.026203 -0.096998 -0.032590 0.083808 -0.227529 -0.005525 -0.239505 -0.348318 1.785627 0.567870 -0.202094 -0.013707 -0.002197 -0.055515 0.258066 0.427095 0.323693 -0.138813 0.474535 1.579068 1.096163 2.954426 3.545545 3.067723 2.007343 1.680264 0.364203 -0.700155 -2.261153 -2.575051 -2.437909 -1.838769 -1.326934 -1.196630 0.249115 1.163682 1.088952 1.028198 0.887236 0.728318 0.286416 -0.479018 0.289460 0.959307 1.970952 2.169942 1.555578 1.699621 1.567237 2.210705 2.262394 2.490088 2.147824 2.224266 2.242671
0.142690 0.658464 0.516261 -0.015893 -0.229543 -0.295468 -0.027492 -0.237453 -0.020182 0.005674 0.904098 2.504297 0.270110 -0.491858 -0.433350 -0.138324 0.242968 0.544214 0.712720 0.406878 -0.045528 0.986437 2.093815 1.579272 4.214764 4.740930 3.888643 2.066289 1.193459 0.322729 -0.147082 -1.423835 -1.987406 -2.007843 -1.657769 -1.205038 -0.879440 -0.214153 0.630875 0.699977 0.898426 0.739590 0.364449 0.035044 -0.239289 0.460758 1.366330 1.828734 1.806579 1.372587 0.980074 1.208797 1.525271 1.601009 2.466934 1.572071 1.958617 2.020369
0.593440 0.798467 0.576026 -0.081337 -0.324889 -0.431192 -0.264563 -0.506711 -0.078541 0.093517 0.251233 0.480547 0.004739 -0.044429 -0.113290 -0.087174 0.881840 1.025702 0.914136 0.490363 0.034583 1.781932 2.671084 2.044889 4.755781 5.854544 3.711370 1.489031 0.371188 0.260910 -0.064911 -0.560871 -0.951690 -1.275203 -1.266101 -1.008033 -0.837889 -0.938293 -0.166696 0.223110 0.224966 0.092670 0.051402 0.136441 0.359155 0.818231 1.689424 1.751569 1.427045 1.096812 0.394014 0.670711 1.114991 0.922165 1.150618 1.302984 1.613570 1.873637
1.149507 1.544748 0.579684 -0.137993 -0.417233 -0.572446 -0.422532 -0.726526 -0.183869 -0.016721 0.000264 0.001609 0.000000 0.004177 0.060763 0.848041 1.573860 1.787692 1.188809 1.210870 0.574254 3.221926 3.701041 2.485943 6.395822 6.767817 3.923244 1.144689 -0.095272 -0.042564 -0.139523 0.288354 -0.080425 -1.084919 -1.282629 -0.877401 -0.642216 -1.519801 -0.882804 -0.464606 -0.208844 -0.015199 -0.230310 0.298668 0.588452 1.326814 1.995932 1.147882 1.042478 0.781882 0.150012 0.306848 0.660671 0.676986 0.883451 1.419325 1.617620 1.822400
1.844646 2.038393 1.055303 -0.027383 -0.797517 -1.442416 -1.098537 -1.399333 -1.130267 -1.130740 -0.438066 -0.345830 -0.305006 0.956470 2.321878 2.750603 1.942276 2.929815 2.414489 1.621558 1.094003 4.242269 3.084986 2.694619 6.147313 7.049268 3.606586 0.823213 0.255511 -0.224127 -0.085255 0.705238 0.256875 -0.971287 -1.380734 -0.514808 0.149152 -1.308902 -1.213174 -0.742836 -0.511031 -0.040185 0.260062 0.372267 0.755183 1.739296 2.175184 0.791402 0.919415 0.693308 0.125245 0.160899 0.362305 0.219780 0.844083 1.387324 1.262040 1.543841
3.326331 2.981267 1.909201 0.048171 -0.599371 -0.559109 -0.615732 -1.160750 -0.570195 -0.602137 -0.580984 -0.397417 0.440845 2.012919 3.118712 2.661023 2.323676 5.723984 3.022776 1.868580 1.475634 4.436525 2.373528 0.519699 3.816797 4.319513 2.088434 1.382116 1.567261 0.107441 0.201725 0.774080 0.647405 -0.355930 -0.947580 0.044262 1.406344 -0.744209 -0.606871 -0.586898 -0.137522 0.105682 0.833436 0.868114 0.688296 2.062901 1.902756 0.490038 0.381070 0.463929 0.065093 0.014820 0.177889 0.097898 0.768981 0.817715 1.236261 1.586195
3.824332 2.794966 2.313742 0.280137 0.511673 0.152056 -0.246055 -0.767793 -0.032584 0.242491 0.615662 0.000830 1.239576 2.922394 4.515779 2.321892 2.255033 2.799703 0.422204 0.227624 0.031919 0.053630 0.054658 0.845783 4.838261 4.274202 0.289362 0.020271 0.066159 0.064201 0.044418 1.207433 1.453863 1.459022 0.032268 0.013741 0.020236 0.347313 0.364614 0.009858 0.384199 0.598049 1.545330 1.003437 0.724608 2.156875 1.691364 0.198708 0.309017 0.588474 0.073482 -0.018822 0.267612 0.382224 1.122026 0.654908 1.326729 1.742613
2.631548 2.552229 1.923853 0.942790 1.225249 0.802671 0.099839 -0.018125 0.860654 1.195537 0.805915 0.218168 1.508776 1.535200 2.365515 0.024721 0.075648 0.088562 0.020609 0.012444 0.015647 0.004815 0.095876 1.343109 5.168572 3.334814 0.176201 0.032360 0.069543 0.021286 0.022864 0.018295 0.064387 0.019883 0.009983 0.012204 0.006516 0.099395 1.239376 0.886573 1.626738 1.146452 1.911361 1.223313 0.883788 2.254310 0.757781 -0.006954 0.027510 0.023339 0.032242 0.017110 0.044886 0.076737 1.509233 0.513909 1.082579 1.433901
