use_cases/Flooding_chicago/flooding_data/output/hUy_2760.asc
ncols 337
nrows 393
xllcorner 428428.000000
yllcorner 4602440.000000
cellsize 26.757400
NODATA_value -9999.000000
[rows 78 to 103 of 393, columns 232 to 289 of 337]
-0.020169 -0.032148 -0.060345 -0.015876 -0.016769 -0.038626 -0.039019 -0.033659 0.000684 0.008067 0.091091 0.099158 0.029921 0.060146 0.043522 0.033565 0.027811 -0.221457 0.275085 0.283371 0.005579 0.006813 0.011766 -0.352005 0.693876 1.916635 2.222257 0.551213 0.178718 0.488068 0.720476 0.411923 -0.882543 0.281992 2.555762 5.252200 3.828234 2.721239 2.805775 2.306289 0.220244 0.004375 0.364966 3.858493 5.374380 3.687972 1.075147 0.475784 0.240947 0.453224 0.001418 -0.000337 -0.000379 -0.000490 0.000113 0.016716 0.324142 0.247767
-0.294516 -0.617217 -0.343734 -2.036983 -0.676772 -0.431021 -1.581922 -0.353517 0.000651 0.001799 0.028244 0.050621 0.053290 0.055923 0.028863 0.016707 0.023940 0.087043 0.441487 0.357121 0.014871 0.009710 0.032814 0.076989 1.350040 3.219094 2.726772 0.794686 0.013725 0.511997 0.279404 0.303754 -0.432773 0.127795 1.041616 2.720070 4.873260 4.320807 3.622018 3.364434 0.388538 0.418533 2.042290 4.952623 4.612956 2.506558 0.666670 0.545626 0.484123 0.031537 0.006871 -0.003320 -0.001596 -0.001934 -0.000099 0.096792 1.073532 1.055014
-0.614406 -0.897380 -0.165691 -1.244179 -0.247543 -0.297330 -1.211336 -0.825651 -0.000339 0.000956 0.000810 0.038498 0.039846 0.049304 0.007211 0.006951 0.023466 0.025775 0.101168 0.748749 0.081176 0.009854 0.015946 0.039214 1.671798 2.686584 1.061641 0.190932 0.651530 1.054530 0.767211 0.743820 0.996739 0.009046 0.049700 1.542128 4.459936 3.936529 4.095238 3.751770 1.491818 1.368545 3.136084 7.165489 2.791660 0.395345 0.132456 0.069714 0.098030 0.006194 0.009085 -0.002450 -0.001270 -0.001568 -0.011297 0.243803 1.844873 1.854517
-1.015667 -1.309671 -0.330271 -0.941023 -0.574970 -0.714237 -1.257052 -1.047238 -0.007136 -0.000468 0.000893 0.014443 0.018240 0.022719 0.000968 0.000473 0.014675 0.007634 0.067709 0.064255 0.058406 0.007533 0.006274 0.017399 1.339476 1.588327 1.674681 0.006394 0.007387 0.026449 0.021958 0.041631 0.025235 0.004607 0.011102 0.271898 2.100603 4.101286 4.021830 3.543092 2.585164 2.731765 4.399644 6.057395 3.707972 0.557104 0.002832 0.001818 0.023387 0.008081 0.011784 0.000467 -0.005137 -0.022230 -0.221468 1.528965 2.165013 2.232364
-1.225061 -1.305262 -0.503848 -1.022977 -0.807466 -0.900268 -1.331559 -1.018008 -0.152191 -0.001012 -0.000177 0.000000 0.000000 0.000001 0.000026 -0.000269 0.001066 0.000908 0.021033 0.022929 0.019560 0.000411 0.000008 0.000000 1.132108 1.334141 1.279043 0.000014 0.000416 -0.000372 -0.000012 0.025488 0.000352 0.000007 0.000261 0.270570 1.588214 2.247907 3.472538 3.814785 2.905372 2.692706 4.551105 7.130465 4.506586 1.820896 0.221104 -0.000292 0.000017 0.000721 0.011930 0.003795 -0.006121 -0.106162 0.703204 2.333702 2.835806 2.059083
-1.606549 -1.631648 -0.678301 -0.860483 -0.767454 -0.820571 -1.105944 -1.216719 -0.079846 -0.000648 -0.010766 -0.008136 -0.015921 -0.021588 -0.000774 -0.000700 0.000406 0.000877 0.000071 0.000004 0.000000 -0.000293 -0.009322 -0.012362 2.163534 2.456676 2.010515 0.312847 -0.059205 -0.226898 -0.395622 -0.000007 -0.000352 -0.002404 -0.000373 0.252226 1.320638 2.984212 3.537317 3.651649 2.562335 2.847422 4.438957 7.142139 5.515240 2.349878 0.620737 0.247486 -0.013712 0.000134 0.000723 0.000368 -0.002701 0.057492 1.223475 2.580455 2.651029 1.514386
-1.470145 -1.452762 -0.553136 -0.682853 -0.896170 -0.839898 -1.971527 -2.326816 -1.037216 -0.117677 0.216991 -0.019772 -0.024412 -0.042148 -0.000582 0.000161 -0.000927 -0.000748 -0.004384 -0.038549 -0.015899 -0.100803 -0.098817 0.896420 2.482243 2.862412 1.643621 0.253190 -0.869574 -1.612248 -0.399784 -0.183254 -0.092684 -0.012339 -0.010747 0.001579 0.360300 1.588609 2.943295 4.127762 2.274506 2.642502 4.295558 6.407601 5.277148 2.490259 0.696118 0.299978 -0.070606 -0.000651 -0.000788 -0.000389 -0.000085 0.263866 1.393033 2.267621 2.064533 1.712478
-0.931731 -1.180099 -0.207080 -0.211840 -0.669182 -1.148167 -1.447108 -2.087484 -1.241209 -0.195161 0.219572 -0.257935 -0.032634 -0.054608 -0.006735 -0.000357 -0.000622 -0.000388 -0.002224 -0.119108 0.268342 0.383313 0.148809 1.293657 2.615288 3.153581 1.797528 0.267941 -0.219402 -1.666903 -0.284035 -0.556352 -0.334839 -0.104911 -0.018593 -0.002230 0.354981 2.335458 3.345474 4.022092 2.449537 2.979278 4.468465 6.702875 5.881599 3.176334 0.735675 0.325424 0.014709 0.063076 0.071621 0.147103 0.083312 1.350586 1.576657 2.409017 1.953011 1.358704
-0.831779 -1.127509 -0.654504 -0.135701 -0.129383 -0.737645 -1.135095 -2.073535 -1.430583 -0.415423 0.068687 -0.009521 -0.624896 -1.030572 -0.019186 -0.010214 -0.012064 -0.001402 -0.001264 0.348974 0.329291 0.571916 0.282243 1.547473 2.664483 3.000613 1.505901 0.007677 0.029196 -1.465951 -0.730739 -0.376285 -0.126820 -0.402990 -0.419484 -0.308448 1.098881 2.717088 3.054002 3.555006 2.579991 2.523296 3.264351 6.157333 5.252376 2.939928 0.901185 0.359522 0.055853 0.158432 0.188625 0.388704 0.440784 1.536439 2.261158 1.977934 1.546361 1.237203
-0.668748 -1.251955 -0.601753 -0.326781 0.162285 -0.513906 -0.699242 -1.601292 -1.438478 -0.546804 -0.094544 0.118459 -0.182444 -0.997773 -1.757835 -0.271701 -0.209353 -0.152347 0.500955 0.819426 0.517108 0.688537 0.628938 1.347984 2.329756 2.809489 0.034973 0.007591 0.184727 -0.672700 -0.205466 0.101143 0.246903 -0.038966 0.112832 0.169429 1.242635 2.341511 3.073606 3.294065 2.217288 1.910934 2.844231 5.144617 5.340635 3.289909 1.026893 0.751107 0.128227 0.327211 0.305819 0.649191 0.778791 1.694816 1.685897 1.900740 1.189837 0.215534
-0.496606 -0.905124 -0.403470 -0.166527 0.184928 -0.248956 -0.537850 -0.746473 -0.961238 -0.557268 -0.139481 0.155949 0.004587 -1.070933 -1.385171 -0.335330 0.052630 0.035197 0.743118 0.788602 0.537736 0.799859 0.854919 1.435827 1.954621 2.175034 0.340495 0.134841 0.161773 -0.181552 0.159593 0.257754 0.195724 0.591884 1.317210 0.555350 1.282197 1.990932 1.736622 1.498356 1.566958 1.745543 1.955412 3.995441 4.535600 3.540074 1.759522 1.093275 0.075244 0.382897 0.350773 0.865404 1.237457 1.956241 1.943484 1.616646 0.372050 0.169928
-0.270734 -0.770063 -0.181524 -0.015827 0.109865 -0.263522 -0.409211 -0.655987 -0.559957 -0.402161 -0.167931 0.284230 0.213035 -0.653966 -1.024017 -0.212324 0.183131 0.035462 0.806074 0.736983 0.915491 0.818713 1.253386 1.538646 1.992125 2.219487 0.864217 0.543094 0.441701 0.096771 0.103816 0.306697 0.302779 1.440938 2.822431 0.991089 0.809604 1.329031 1.151922 0.992902 1.249343 1.029785 1.651801 3.953952 5.887257 4.297307 1.562009 1.108719 0.047701 0.368539 0.362880 1.027564 1.574337 2.245365 1.631288 1.247403 0.295897 0.003525
-0.034152 -0.785059 -0.044513 0.163539 0.266591 -0.336624 -0.556783 -0.551771 -0.050385 -0.101514 0.004240 0.406546 0.393182 -0.504809 -0.798357 -0.106957 0.230404 0.017487 0.670335 0.769240 0.941190 1.283542 1.770087 2.089102 3.023399 1.800485 1.309673 1.270700 0.715527 0.422499 -0.247280 -0.164492 0.211285 0.784931 0.882880 0.659723 0.587236 0.950098 0.468970 0.340645 0.754214 0.462480 1.517655 4.600610 6.354194 2.842129 0.917481 0.706809 0.256901 0.526664 0.559492 1.329331 1.738313 2.085131 1.710518 0.850935 0.178276 0.003601
0.180882 -0.611784 0.134849 0.306719 0.465796 -0.197813 -0.544182 -0.439050 -0.021407 0.208877 0.293295 0.536317 0.503069 -0.270108 -0.545044 -0.067351 0.134547 0.125719 0.663339 0.838016 1.534945 1.692819 2.240210 2.091246 2.456077 1.446565 1.591832 0.689890 0.654709 0.475442 0.790558 0.330386 0.420567 0.403816 0.229077 0.120330 0.649360 0.870691 -0.003845 -0.067915 0.159765 0.015296 0.766145 4.838893 7.878776 4.736351 1.143718 1.825436 0.858222 0.934937 0.682311 1.537937 1.563386 1.705023 1.053598 0.483159 -0.080776 -0.001056
0.515917 -0.619055 0.303666 0.374953 0.748632 0.018476 -0.681530 -0.488270 0.030852 0.424860 0.516300 0.549375 0.505176 0.070395 -0.227209 -0.108949 0.166637 0.365968 0.845771 1.201556 2.091086 1.671130 1.840759 2.084158 1.665568 0.991827 1.648246 0.165609 0.095774 0.109934 0.020985 0.015958 0.055217 0.034747 0.019673 0.027016 0.902478 1.293249 0.092274 -0.040159 0.167759 -0.084313 0.437512 3.518317 8.112259 5.026672 3.491877 2.673746 1.489840 1.059719 0.632424 1.337530 1.263824 1.031568 0.376864 0.054506 -0.159887 -0.859759
0.238081 -0.116698 0.639668 0.491002 0.758204 0.367614 -0.487750 -0.556519 0.040704 0.551193 0.505264 0.457756 0.734942 0.347911 -0.017892 -0.087045 0.379826 0.705976 1.292982 1.215750 1.550592 1.571041 1.629592 1.458743 1.407575 0.431738 1.244389 0.070820 0.032366 0.095669 0.010231 0.004823 0.022725 0.015551 0.009540 0.015157 0.016861 0.036627 0.028902 0.199839 0.430874 -0.009178 0.324107 3.923362 6.437553 5.751320 3.935312 2.795445 2.188645 0.979165 0.542218 1.255465 0.982102 0.799974 -0.028640 -0.131654 -0.172656 -1.206456
0.370007 0.416240 1.070163 0.729995 0.853484 0.233464 -0.173321 -0.502466 0.006107 0.511395 0.503408 0.542309 1.037093 0.713161 0.125079 0.017155 0.491514 1.010726 1.369751 1.341387 1.553833 1.584211 1.520511 1.161904 1.061236 0.098316 0.018915 0.011312 0.008896 0.075988 0.051847 0.000917 0.000441 0.000552 0.000031 0.000000 0.000122 0.004010 0.005888 0.038071 0.785122 0.377476 0.154014 4.717048 6.939476 6.457961 4.876468 3.206325 2.282938 0.940172 0.434966 1.092359 0.846305 0.798373 -0.267537 -0.447246 -0.391802 -1.618925
0.454980 0.455084 0.346492 0.298582 0.216925 0.355678 -0.114839 -0.289311 -0.015497 0.632495 0.732609 0.866687 1.174368 0.887282 0.186166 0.092332 0.694670 1.394827 1.729617 1.489703 1.571624 1.162921 1.085491 1.055014 0.913440 -0.133475 0.000125 0.000584 0.006260 0.045075 0.025395 0.001053 -0.000263 -0.000283 -0.025461 -0.005752 -0.000660 -0.000024 0.000259 0.020348 0.013982 0.025310 0.314459 3.868402 7.509537 7.111377 5.646048 3.604056 2.632089 1.184272 0.384696 1.207839 1.059931 1.178623 -0.128944 -0.175222 0.180510 -1.643046
0.215744 0.319994 0.263262 0.231324 0.169892 0.157725 -0.039135 -0.050752 -0.039944 0.737494 0.731163 0.853059 1.481945 0.986875 0.256757 0.151953 0.841544 1.534493 1.860580 1.857008 1.110628 1.172832 0.589017 0.650638 0.521188 0.048347 -0.000066 -0.000069 0.000000 0.015452 0.001079 0.000000 -0.005016 -0.011552 -0.065698 -0.055317 -0.013929 -0.007178 0.000079 0.003663 0.004845 0.005750 0.547009 5.734717 9.651814 7.376867 6.123077 4.297664 1.457939 0.078886 0.013577 0.037853 0.016282 0.027715 0.584728 0.580869 0.018598 0.011005
-0.185198 -0.025057 0.070557 0.098666 0.057429 0.067599 0.089115 0.173707 -0.021066 0.902476 0.839601 1.153898 1.765605 1.166115 0.307010 0.211290 0.986571 1.440436 2.057573 1.449060 1.075440 0.695037 0.605399 0.071308 0.081434 -0.000411 -0.008178 -0.006206 -0.007879 0.000000 -0.000305 -0.006851 -0.017624 -0.012602 0.696579 -1.684151 -0.196839 -0.019843 -0.000602 0.000000 0.000000 0.000000 0.780549 6.767178 10.738263 9.584476 6.317550 1.894694 0.000000 0.000000 0.000000 0.028831 0.005462 0.012942 0.033746 0.042193 0.009839 0.009952
-0.395642 -0.242046 -0.052791 0.017248 -0.056423 -0.011632 0.036727 0.283470 -0.061376 0.942218 0.868634 1.040038 2.367507 1.016525 0.387960 0.231861 1.027138 1.621187 1.919814 1.035271 1.381245 1.094953 0.101712 0.056642 0.109787 0.053864 -0.019045 -0.024777 -0.014790 -0.006795 -0.013423 -0.017952 -0.032597 -0.045064 0.695705 -1.212242 0.035998 -0.183973 -0.000362 -0.004212 -0.006134 -0.004756 1.973483 7.809981 11.923090 7.894618 4.700206 2.225710 0.108837 -0.000174 -0.000113 0.000084 0.000129 0.000556 0.005378 0.006953 0.000569 0.000409
-0.468031 -0.271431 0.000094 0.001697 -0.117715 -0.000520 0.080015 0.270057 -0.073277 1.063719 0.713192 1.275514 1.488002 0.911167 0.316569 0.184010 1.072477 1.763168 2.190567 1.047465 0.804402 0.435547 0.094603 0.000000 0.092428 0.097856 -0.022542 -0.034018 -0.016373 -0.013687 -0.029094 -0.020834 -0.268751 0.065315 0.592548 -0.790900 0.121407 -0.086952 -0.000582 -0.007710 -0.015618 0.095770 2.755551 9.030601 13.027685 5.668243 2.807250 2.515709 0.288181 0.000256 -0.000179 -0.000069 -0.000085 -0.000065 0.000000 0.000000 -0.000292 -0.000494
-0.086171 -0.374557 -0.000620 0.001723 0.002297 0.011677 0.010613 0.010183 0.016505 0.797870 0.879015 1.533992 1.688974 0.695709 0.264507 0.148924 1.144211 1.970535 2.453626 1.065800 0.595501 0.358031 0.166023 0.047590 0.092438 0.373125 -0.297723 -0.272295 -0.009573 -0.018254 -0.239352 -0.480907 -0.027585 0.214699 0.540131 -0.540576 0.117323 -0.090249 -0.000817 -0.017484 -0.017701 0.440055 2.454751 7.216158 8.641580 5.620918 2.737042 2.567927 0.561142 0.001748 -0.002430 -0.018902 -0.010439 -0.007593 -0.012089 -0.006604 -0.031666 -0.015546
-0.000738 -0.394348 -0.186876 -0.000431 0.000270 0.000000 0.000000 0.000067 0.076982 0.893552 1.394428 2.128211 2.185339 0.403974 0.199726 0.272856 1.307790 2.514090 2.796515 1.145276 0.502428 0.202133 0.006127 0.133749 0.081739 0.575241 -0.006516 -0.310699 -0.088081 -0.083171 0.036702 -0.124499 -0.000563 0.192011 0.686080 -0.348025 0.049341 -0.202216 -0.007330 -0.113835 -0.104701 2.032595 2.663029 6.982430 7.971942 5.115209 2.463951 2.330310 1.564331 0.164931 -0.032892 -0.068756 -0.018563 -0.018211 -0.017585 -0.216875 -0.120471 -0.195505
-0.000729 -0.290869 -0.218794 -0.001328 -0.002467 -0.024292 -0.005350 -0.000464 0.169047 1.300966 1.580631 2.223237 1.764627 0.000377 0.000369 0.112394 1.437087 1.609573 3.085152 1.077099 0.072264 0.007152 0.003663 0.008348 0.176432 0.811696 0.089409 0.055534 -0.008667 0.047675 0.280935 0.079989 -0.022206 0.134740 0.594859 -0.258978 0.039664 -0.213765 -0.072405 0.570361 2.391205 3.005888 3.658408 6.778066 7.436237 4.668371 2.863327 2.674221 1.899391 0.287425 0.013037 -0.024790 -0.101824 -0.072423 -0.299635 0.265499 0.122868 0.058727
-0.109303 -0.172005 -0.195912 -0.072214 0.087274 -0.177739 -0.590249 -0.008018 0.694899 1.260462 1.567013 2.159364 1.433755 -0.000088 0.000439 0.197004 0.944457 1.767731 3.226507 0.971430 0.001333 0.000153 0.000000 0.000584 0.005102 0.946969 0.274468 0.000016 0.000704 0.014041 0.311861 0.560611 0.040141 0.169707 0.766294 -0.030648 0.203383 0.112115 1.212766 1.901814 3.582539 3.192806 3.703476 4.663150 4.710492 2.532328 2.341892 2.615896 1.903331 0.080429 0.377922 0.393240 0.104263 0.018954 -0.001161 0.614816 0.162963 0.138813
