use_cases/Flooding_chicago/flooding_data/output/hUy_2940.asc
ncols 337
nrows 393
xllcorner 428428.000000
yllcorner 4602440.000000
cellsize 26.757400
NODATA_value -9999.000000
[rows 130 to 155 of 393, columns 58 to 115 of 337]
-9999.000000 -9999.000000 -9999.000000 -9999.000000 -9999.000000 -9999.000000 -9999.000000 -9999.000000 -9999.000000 -9999.000000 -9999.000000 -9999.000000 -9999.000000 -9999.000000 -9999.000000 -9999.000000 -9999.000000 -9999.000000 -9999.000000 -9999.000000 -9999.000000 -9999.000000 0.231639 0.440104 0.902001 0.495271 0.259691 0.867020 0.008997 0.003389 0.000000 0.000000 -9999.000000 -9999.000000 -9999.000000 -9999.000000 -9999.000000 -9999.000000 -9999.000000 -9999.000000 -9999.000000 -9999.000000 -9999.000000 -9999.000000 0.019246 0.009098 0.041063 0.013951 0.013248 0.002489 0.035508 0.074172 0.076803 -0.121832 -0.628784 -0.179472 -0.102111 -0.032165
-9999.000000 -9999.000000 -9999.000000 -9999.000000 -9999.000000 -9999.000000 -9999.000000 -9999.000000 -9999.000000 -9999.000000 -9999.000000 -9999.000000 -9999.000000 -9999.000000 -9999.000000 -9999.000000 -9999.000000 -9999.000000 -9999.000000 -9999.000000 -9999.000000 0.398417 0.174284 0.282497 0.860294 0.846012 0.002838 0.996326 0.349948 0.357224 -0.017014 -0.005284 -0.000082 -0.000002 0.001513 0.000553 0.427560 0.430611 0.002962 0.004939 0.058590 0.009836 0.000494 0.000648 0.035842 0.004433 0.017905 0.000346 0.000248 0.002860 0.059114 0.004155 0.001184 0.002846 -0.321237 -0.054465 -0.309211 -0.193642
-9999.000000 -9999.000000 -9999.000000 -9999.000000 -9999.000000 -9999.000000 -9999.000000 -9999.000000 -9999.000000 -9999.000000 -9999.000000 -9999.000000 -9999.000000 -9999.000000 -9999.000000 -9999.000000 -9999.000000 -9999.000000 -9999.000000 0.000000 0.771732 0.715091 0.002139 0.003792 0.993182 0.861780 0.423331 0.755666 0.469097 0.439444 -0.072115 -0.025938 -0.031589 -0.003166 -0.000777 -0.000353 0.556490 0.494807 0.005124 0.008905 0.024557 0.009223 0.000669 0.000684 0.005653 0.005189 0.000180 -0.000180 -0.000037 0.012332 0.013157 0.006271 0.000334 0.007040 -0.203981 0.076781 -0.283233 -0.328470
-9999.000000 -9999.000000 -9999.000000 -9999.000000 -9999.000000 -9999.000000 -9999.000000 -9999.000000 -9999.000000 -9999.000000 -9999.000000 -9999.000000 -9999.000000 -9999.000000 -9999.000000 -9999.000000 -9999.000000 -9999.000000 0.257649 0.636644 0.890076 0.807009 0.000067 -0.120523 0.941966 0.922258 0.588687 1.166513 0.638796 0.551841 -0.009780 -0.004077 -0.073665 -0.000823 0.152956 0.255566 0.531500 0.423320 0.003766 0.002821 0.002613 0.000259 -0.000053 -0.000320 -0.001737 -0.004661 -0.000346 -0.014758 -0.001295 0.027064 0.015895 0.004650 0.000310 0.016246 0.050095 0.251372 -0.309824 -0.528520
-9999.000000 -9999.000000 -9999.000000 -9999.000000 -9999.000000 -9999.000000 -9999.000000 -9999.000000 -9999.000000 -9999.000000 -9999.000000 -9999.000000 -9999.000000 -9999.000000 -9999.000000 -9999.000000 -9999.000000 0.003531 0.029092 0.691907 1.268702 1.242120 -0.089568 -0.075723 0.585450 0.575876 0.488580 1.037493 1.418037 0.748623 0.015624 -0.003608 0.005807 0.003401 0.165690 0.330965 0.459102 0.000130 0.000360 0.000360 0.003991 -0.000156 -0.000703 -0.000758 -0.005401 -0.004683 -0.002359 -0.154588 -0.033757 0.103100 0.012896 0.004273 0.007733 0.088146 0.130691 0.560918 -0.344905 -0.633441
-9999.000000 -9999.000000 -9999.000000 -9999.000000 -9999.000000 -9999.000000 -9999.000000 -9999.000000 -9999.000000 -9999.000000 -9999.000000 -9999.000000 -9999.000000 -9999.000000 -9999.000000 -9999.000000 0.008614 0.009807 0.008590 0.075254 1.139920 1.010524 0.117472 0.068953 0.285130 0.499102 0.548644 1.126728 1.544605 1.614928 0.330188 -0.008755 0.016022 0.010278 0.228935 0.462196 0.425330 -0.000130 -0.000360 -0.000360 -0.011688 -0.001253 -0.012519 -0.009140 -0.038927 -0.028836 -0.002555 -0.234888 -0.048668 0.046471 0.006966 0.002480 0.016253 0.040895 0.020071 0.046467 -0.157501 -0.420697
-9999.000000 -9999.000000 -9999.000000 -9999.000000 -9999.000000 -9999.000000 -9999.000000 -9999.000000 -9999.000000 -9999.000000 -9999.000000 -9999.000000 -9999.000000 -9999.000000 -9999.000000 0.001804 0.014916 0.011655 0.031708 0.024435 0.035598 1.037494 0.375263 0.205728 0.032756 0.247361 0.348481 0.711355 1.624584 2.186988 0.567955 -0.239003 0.046812 0.035248 0.027890 0.547942 0.136296 0.108976 -0.010298 -0.022358 -0.011544 -0.022751 -0.043160 -0.063085 -0.034340 -0.029226 -0.001089 0.087184 -0.038555 -0.003109 0.002790 -0.003497 -0.000585 -0.000043 0.000882 0.022161 0.000066 -0.463750
-9999.000000 -9999.000000 -9999.000000 -9999.000000 -9999.000000 -9999.000000 -9999.000000 -9999.000000 -9999.000000 -9999.000000 -9999.000000 -9999.000000 -9999.000000 -9999.000000 0.001980 0.003723 0.002602 0.001856 0.010974 0.008504 0.001079 0.649294 0.880762 0.660438 -0.030425 0.176434 0.311939 0.737145 2.354988 2.201627 0.752143 -0.334653 0.013314 0.011275 0.009778 0.080345 0.535797 0.121760 -0.110791 -0.087592 0.066336 -0.350049 -0.345683 -0.362276 -0.018834 -0.023909 0.000993 0.000881 -0.019637 -0.019956 0.000340 -0.003012 0.045295 -0.131230 0.000982 0.007562 0.235787 -0.313457
0.001102 -9999.000000 -9999.000000 -9999.000000 -9999.000000 -9999.000000 -9999.000000 -9999.000000 -9999.000000 -9999.000000 -9999.000000 -9999.000000 0.003408 0.006547 0.003155 0.002631 -0.000361 -0.001061 0.000003 0.000208 0.000963 0.010634 0.815438 0.778591 -0.005313 0.182043 0.342260 0.810208 1.596299 2.552943 0.957320 -0.366438 0.000232 0.000340 0.000319 0.031628 0.469561 0.091586 -0.017999 0.094190 0.077903 -0.289104 -0.306023 -0.601531 -0.015432 -0.006329 0.001195 0.000667 -0.031239 -0.031983 0.000000 -0.000923 -0.031174 -0.113321 0.000107 0.000340 0.015626 -0.386710
0.000402 -9999.000000 -9999.000000 -9999.000000 -9999.000000 -9999.000000 -9999.000000 -9999.000000 -9999.000000 -9999.000000 -9999.000000 -9999.000000 0.004949 0.002923 0.004006 0.000261 -0.001836 -0.069774 -0.006993 -0.000326 0.000061 0.000001 0.125458 0.130993 0.000000 0.063718 0.061219 0.824605 1.549245 2.114147 0.921971 0.004832 0.000000 0.000000 0.000042 0.000183 0.358938 0.076029 -0.089559 0.112724 -0.014667 -0.311560 -0.221187 -0.030333 0.000288 0.000289 -0.000152 -0.000375 -0.026463 -0.026499 -0.000340 -0.000583 -0.054768 -0.154391 -0.000217 0.000000 0.007112 0.013900
-0.000027 0.000000 -9999.000000 -9999.000000 -9999.000000 -9999.000000 -9999.000000 -9999.000000 -9999.000000 -9999.000000 -9999.000000 0.002280 0.001633 0.003705 0.003201 0.001353 -0.000044 -0.276988 -0.057551 -0.006845 -0.000637 -0.006121 0.124329 0.112540 0.043340 0.062100 0.069222 0.748837 1.385696 2.192244 0.979823 0.016059 -0.000232 -0.000340 -0.000320 -0.000057 0.238131 0.029972 -0.095138 0.119524 -0.079435 -0.215626 -0.110754 0.000286 -0.000655 -0.000505 -0.001470 -0.000901 -0.124283 -0.121127 -0.009657 -0.001697 0.000687 -0.219739 -0.000289 -0.000340 0.000059 0.000066
-0.007906 0.000277 -9999.000000 -9999.000000 -9999.000000 -9999.000000 -9999.000000 -9999.000000 -9999.000000 0.000000 0.121436 0.001369 0.001191 0.001074 0.000695 0.002518 0.000877 -0.126035 -0.303977 -0.015786 -0.009603 0.349639 0.097351 0.107928 0.047624 0.389968 0.341371 0.709118 1.243718 2.231834 1.061169 0.519042 -0.009204 -0.021946 -0.013391 -0.001414 0.138667 -0.017612 -0.076479 0.143730 -0.106353 -0.210026 -0.110348 0.000243 0.038493 -0.113640 -0.012974 -0.011577 -0.060127 -0.073605 -0.260723 -0.001670 -0.000111 -0.198365 -0.085350 -0.006486 -0.000633 -0.000132
-0.023721 0.000025 0.000360 0.000360 0.003880 0.002409 0.008737 0.026774 0.016010 0.232831 0.081732 0.001663 0.000376 -0.003012 -0.004299 0.000000 -0.000080 0.002005 -0.083930 -0.084871 -0.063321 0.326904 0.030807 0.094524 0.046175 0.513096 0.120181 0.124756 0.621821 2.510681 1.276209 0.402408 0.055799 0.069172 0.142279 0.137277 0.119510 -0.067215 -0.009790 0.232121 -0.072236 -0.147967 -0.056620 0.001137 0.091161 -0.108125 -0.011907 -0.073874 -0.008356 -0.039183 -0.316572 -0.001199 -0.000777 -0.141483 -0.077409 -0.084825 -0.020076 -0.028736
0.007810 -0.000252 -0.000360 -0.000360 0.001879 0.001743 0.000558 0.049779 0.033247 0.024515 0.117470 0.001997 -0.000915 -0.004243 -0.004759 -0.011618 -0.001330 0.012707 0.150943 0.511030 0.005911 0.319628 -0.021661 0.350431 0.048957 0.296690 0.000222 0.007581 0.030206 2.176881 1.225535 0.497247 0.155368 0.300979 0.299088 0.267739 0.282525 0.055367 0.129919 0.362753 0.015595 0.197815 0.114534 0.002123 0.019346 -0.089456 0.144276 -0.005510 -0.000270 -0.031124 -0.500080 -0.000991 -0.000906 -0.078723 -0.041452 0.149514 0.083187 0.165436
0.035936 -0.009754 -0.016890 -0.004488 -0.004415 -0.002341 -0.000633 0.066341 0.036787 0.001489 0.011481 0.002523 -0.001303 -0.010588 -0.022334 -0.146048 -0.000889 0.038779 0.264803 0.000121 0.000326 0.005982 0.052540 0.347929 0.015361 0.017898 -0.000222 0.028382 0.017888 1.075071 0.552176 0.240416 0.173426 0.429800 0.282885 0.289857 0.448640 0.461801 0.239133 0.478473 0.055762 0.131644 0.201561 0.000713 0.010412 0.006762 0.031421 0.010240 0.003004 0.000170 -0.402153 -0.113288 0.020162 -0.036314 0.020539 0.174555 0.122509 0.242793
0.048732 -0.093942 -0.202352 -0.177713 -0.003238 -0.002349 -0.119984 0.070559 -0.000001 -0.000014 0.000000 -0.001265 -0.001048 -0.004962 -0.025137 -0.059639 -0.118808 0.061437 0.062432 -0.000106 -0.000208 -0.000003 0.125243 0.179551 0.044268 0.000000 -0.071141 0.046976 0.633035 1.211882 0.066983 0.003175 0.005138 0.112567 0.175647 0.186335 0.093698 0.078320 0.149768 0.061573 0.023259 0.189277 0.262137 -0.000089 0.000000 0.000000 0.000082 0.016396 0.001542 0.361079 -0.083187 -0.086447 0.124111 0.030531 0.055844 -0.101883 0.006181 0.006548
0.048089 -0.008875 -0.097007 0.009276 0.006454 -0.136606 -0.044205 0.109876 -0.100051 -0.001474 -0.011272 -0.002829 -0.001658 -0.000076 -0.005553 -0.055365 -0.033267 0.066469 0.113320 -0.108311 -0.008800 -0.002481 0.000109 0.039813 0.280304 -0.091860 0.352040 0.715133 0.753687 0.904302 0.012183 0.004666 0.012537 0.005879 0.246577 0.290741 0.001784 0.000057 0.250181 0.003260 0.003397 0.035036 0.301788 0.048303 -0.007027 -0.008764 -0.000633 0.046513 0.227134 0.360000 0.000845 -0.079560 0.185149 0.002997 0.001024 -0.438318 0.000000 0.000000
0.000015 0.013333 -0.053543 0.023937 0.006653 -0.028400 -0.048158 0.076457 -0.009855 -0.012834 -0.247985 -0.120056 -0.123259 -0.121118 0.021182 -0.030792 0.016270 0.037281 0.070644 -0.024844 -0.216414 -0.001712 -0.000595 0.050897 0.425547 0.262186 0.710312 0.809860 0.390800 0.122584 0.000569 0.000012 0.018459 0.011632 0.215789 0.295376 0.212333 0.130667 0.217557 0.008177 0.006131 0.015755 0.097710 0.097888 -0.261786 -0.093844 0.089878 0.100585 0.250270 0.002445 0.001326 -0.041838 -0.002075 0.000980 -0.000064 -0.453933 -0.005878 -0.005878
-0.101104 0.028009 -0.054253 0.012383 0.018906 0.010991 -0.013337 0.067626 0.003074 -0.006141 -0.181350 -0.037521 -0.054090 -0.068925 0.004397 -0.035708 0.132438 0.030594 0.091670 0.000506 -0.111573 -0.119508 -0.118909 0.061616 0.694167 0.413397 0.694754 0.737950 0.197425 0.010891 0.000746 0.005211 0.017532 0.013917 0.006603 0.228469 0.532605 0.134858 0.006446 0.013012 0.001998 0.003303 0.001552 0.127556 -0.042246 0.022381 0.097866 0.117322 0.000466 0.002591 0.000287 -0.025572 -0.007168 -0.002671 -0.054327 -0.251792 -0.164150 -0.273788
-0.053904 0.006899 -0.020885 0.027309 0.020139 0.033654 0.010449 0.018452 0.008333 0.001948 -0.115937 -0.024315 -0.054933 -0.082655 -0.046332 -0.020956 0.000819 0.027642 0.079989 0.022275 -0.059323 -0.013031 0.003548 0.119947 0.720868 0.481701 0.380268 0.460071 0.032467 0.000402 0.001053 0.007792 0.012946 0.009756 0.002314 0.154300 0.677788 0.000981 0.003808 0.011909 0.003573 0.004800 0.001804 0.136394 0.030604 0.044033 0.157243 0.080825 0.000664 -0.001458 -0.000935 -0.018378 -0.007368 -0.022036 -0.035815 -0.201964 -0.281878 0.100497
-0.068131 -0.016897 0.002624 0.034232 0.015787 0.042327 0.037663 0.011780 0.005996 0.007409 -0.104870 -0.023152 -0.058044 -0.116834 -0.085801 -0.006864 0.001314 0.000585 0.099669 0.054906 -0.013589 0.037557 0.106782 0.229706 0.722788 0.499042 0.378109 0.055093 0.052335 -0.000085 0.000000 0.000328 0.000640 0.000354 -0.001956 0.000502 0.470245 -0.000902 -0.001223 0.001446 0.004297 0.004812 0.001293 0.137641 0.050739 0.059184 0.006470 0.001098 0.000232 -0.000888 -0.000250 -0.008821 -0.029182 -0.024185 -0.018129 -0.109323 0.010990 0.349935
-0.086841 -0.082598 -0.011043 0.035725 -0.004486 0.049260 0.023757 -0.028743 0.001193 0.005411 -0.064106 -0.026292 -0.099962 -0.132763 -0.092508 0.000116 0.000222 -0.000054 0.171458 0.092100 0.039121 0.070611 0.122485 0.151699 0.462634 0.400467 0.305459 0.153071 0.058433 -0.085387 -0.007534 -0.000876 -0.000888 -0.000412 -0.001418 -0.000843 0.382805 0.038334 0.000499 0.000437 0.000486 0.001031 0.000652 0.191314 0.144834 0.002609 0.000222 -0.000608 -0.000610 0.011439 0.002602 -0.028485 -0.024607 -0.016019 -0.132155 0.000000 0.053585 0.071605
-0.093832 -0.147077 -0.054663 0.016412 -0.035894 0.044522 0.005687 -0.038865 -0.032568 0.000087 -0.069327 -0.047505 -0.112742 -0.162352 -0.062356 -0.000117 -0.000222 -0.052270 0.237359 0.121599 0.073045 0.103915 0.099164 0.171127 0.417667 0.183814 0.225651 0.144201 0.158575 0.086640 -0.230498 -0.013775 -0.006472 0.000051 0.000639 -0.017080 0.402632 0.079699 0.005655 0.000194 -0.000256 0.000180 0.000856 0.055423 0.048348 0.009099 -0.000222 -0.001119 0.002291 0.015687 -0.000262 -0.016629 -0.029312 0.000828 -0.339742 -0.070050 -0.006610 0.022805
-0.111461 -0.199136 -0.060185 0.007008 -0.057669 0.021994 -0.002530 -0.042356 -0.062292 -0.042316 -0.107385 -0.053195 -0.125487 -0.191661 -0.027629 -0.108138 -0.004192 0.062975 0.255778 0.104840 0.079986 0.137583 0.076161 0.116970 0.192808 0.145682 0.186070 0.134157 0.205284 0.190446 -0.048754 0.178539 -0.002152 0.000416 0.000914 0.001106 0.059292 0.057922 0.019662 -0.000997 -0.005799 -0.000948 0.001031 0.026392 0.017571 0.002705 0.000735 0.001394 -0.001718 0.000666 -0.003495 -0.003752 0.026922 0.041409 -0.028435 -0.089532 -0.061861 -0.042716
-0.152676 -0.244084 -0.075581 0.002519 -0.070188 0.003988 0.002274 -0.029698 -0.025229 -0.014809 -0.088676 -0.045371 -0.103283 -0.196418 -0.081346 -0.108187 -0.248670 0.063592 0.252436 0.137815 0.085740 0.132803 0.056672 0.112973 0.125663 0.114954 0.026425 0.108781 0.110347 0.142516 0.053920 0.240940 -0.091097 -0.000353 -0.000627 0.000015 0.000737 0.082675 -0.000124 -0.002260 -0.005785 -0.007318 0.001194 0.000944 0.000040 0.001991 0.000646 0.000263 -0.004077 -0.001845 -0.005053 -0.000344 0.038638 0.032130 0.012099 -0.080346 0.011229 -0.333751
-0.139167 -0.305604 -0.098859 -0.037726 -0.104083 0.006533 0.048858 -0.011747 -0.007754 0.024120 -0.100793 -0.041980 -0.142979 -0.191815 -0.141091 -0.188475 -0.183635 0.112819 0.236846 0.136276 0.109584 0.146295 0.051804 0.119627 0.072998 0.088345 0.011838 -0.023409 0.139794 0.137545 0.070749 0.285922 0.040519 0.012826 -0.000469 -0.001091 0.000658 0.064387 0.005684 -0.043432 -0.021835 -0.002716 0.000222 -0.000016 -0.001299 -0.001363 -0.000511 -0.000204 0.000409 -0.000201 -0.003922 -0.008589 0.032003 0.040763 0.015636 -0.027765 0.160006 0.007172
