use_cases/Flooding_chicago/flooding_data/output/hUy_1680.asc
ncols 337
nrows 393
xllcorner 428428.000000
yllcorner 4602440.000000
cellsize 26.757400
NODATA_value -9999.000000
[rows 208 to 233 of 393, columns 232 to 289 of 337]
-0.000135 -0.002034 -0.006557 -0.002176 -0.038462 -0.024172 -0.013101 -0.004822 -0.036507 -0.019354 0.189465 -0.341506 0.753946 1.129552 1.296792 1.215056 0.837279 0.960733 1.027020 -0.065485 0.034726 0.131452 0.274907 0.364823 0.156811 0.594428 0.104424 -0.112734 -0.194287 -0.171223 0.318109 0.768430 1.746724 1.435206 1.167162 0.762334 0.058501 -0.001091 -0.003946 -0.010201 -0.020876 0.123525 0.542732 0.239803 1.261713 1.825328 1.769727 0.814887 0.895121 0.834769 -0.000195 0.000210 0.690194 -0.058819 0.215233 -0.124725 -0.030644 0.130240
-0.000998 -0.001750 -0.003459 -0.026427 -0.508464 -0.035838 -0.006493 -0.003536 -0.012759 -0.021207 0.576370 0.372823 1.539433 1.116549 1.570600 1.076917 0.714917 1.418052 1.237695 -0.299672 -0.599367 -0.145339 0.264851 0.455579 0.090586 1.127236 0.347949 -0.047180 -0.174609 -0.357573 0.277245 0.831999 1.436817 1.210593 0.981782 0.562801 0.005129 0.000767 -0.018475 -0.043548 -0.027142 0.225318 0.537871 0.360568 1.436575 1.551900 1.818438 0.880369 0.959660 0.910224 0.000652 0.002930 0.027599 -0.071666 0.425540 0.327223 0.452881 0.013904
-0.002707 -0.001240 -0.001618 -0.534956 0.193927 0.093180 0.025914 0.007863 0.498928 0.859600 0.957173 0.939658 1.624969 0.945260 0.870039 0.673449 0.070674 1.238867 0.649157 0.087974 -0.093388 -0.152899 0.358570 0.683938 0.718934 0.843625 0.430066 -0.061472 -0.195830 -0.137058 0.223450 0.484797 0.594145 0.982431 0.493426 0.454592 0.005212 0.003541 -0.002316 -0.005228 0.071509 0.200278 0.720959 0.472518 1.660822 0.838381 1.015088 0.974055 1.021086 0.979489 0.000003 0.000208 0.006520 0.004477 0.089799 0.050008 0.069148 0.000790
-0.220886 -0.037443 0.015673 0.249952 0.767321 0.691883 0.355551 0.137015 0.500968 1.278438 1.187940 1.460176 1.519475 1.002757 0.687977 0.197135 0.085170 1.178918 0.084180 0.014111 -0.008109 0.024263 0.704112 1.247641 0.235711 0.138414 0.026220 -0.237307 -0.241795 0.079640 0.250712 0.365650 0.389178 0.851726 0.416726 0.004852 0.006894 0.000965 0.000473 0.000013 0.066985 0.268750 0.597938 0.512371 0.833357 0.921528 1.004441 0.946045 1.675395 0.963225 0.001224 -0.000326 0.007564 0.006747 0.005045 0.042296 0.001145 -0.000115
0.036980 0.056374 0.042493 0.598061 0.690341 0.577135 0.251294 0.224106 0.214986 0.541390 0.565374 0.606249 0.596856 1.197479 0.433809 0.276058 0.014543 0.769995 0.063859 -0.000735 -0.012864 0.089289 0.811224 1.344959 0.000749 0.000018 -0.002574 -0.096283 -0.182531 0.220607 0.318853 0.300856 0.224173 0.320586 0.342530 0.000273 0.000270 -0.000000 -0.000270 0.100300 0.161990 0.153252 0.103584 0.023485 0.852034 1.364458 1.410320 1.263022 1.331715 1.267445 0.003032 -0.002482 0.044413 -0.001671 -0.020492 0.002787 -0.000341 -0.000859
0.251145 0.145147 0.029897 0.352376 0.316885 0.135576 0.187812 0.171950 0.206965 0.206901 0.541267 0.677739 0.776696 0.379990 0.415169 0.276976 -0.018418 0.604939 0.092608 0.341260 -0.144171 0.034514 0.863035 1.190947 0.000476 0.023584 0.000655 -0.240632 0.070906 0.372828 0.440870 0.266153 0.063531 0.039231 0.002267 -0.004885 -0.000473 -0.000965 -0.007880 0.157574 0.182063 0.204549 0.132175 0.549132 0.662263 1.145726 1.112001 1.281029 1.040643 0.896816 -0.002317 -0.001975 0.048630 -0.008611 -0.029537 -0.002317 -0.002859 -0.007004
0.558456 0.409538 0.177781 0.251726 0.038872 -0.105206 -0.016046 0.064987 0.124493 0.205236 0.209401 0.751846 0.899972 0.105150 0.043303 0.032554 0.069846 0.742065 0.199770 0.693893 -0.253727 -0.046003 0.690584 1.585719 -0.000587 0.073794 0.128357 0.011097 0.049484 0.461326 0.559290 0.289553 -0.113389 -0.336679 -0.003138 -0.003715 -0.034887 -0.006667 0.096570 0.639650 0.766101 0.646511 0.637869 0.565408 0.371495 1.090445 0.961173 1.182658 0.822876 0.686753 -0.006725 -0.001006 0.034576 -0.004946 -0.006528 -0.003208 -9999.000000 -9999.000000
0.888221 0.857396 0.522956 0.587157 0.250242 0.021317 -0.025773 0.032777 0.069013 0.179601 0.275606 0.312220 0.292542 0.199880 0.001110 0.009900 0.001028 0.352033 0.306829 0.399197 -0.148483 0.134899 0.985685 1.115558 0.197783 0.095318 0.184311 0.452723 -0.086584 0.946916 0.517229 0.020963 -0.125431 -0.464900 -0.147994 0.094688 0.099289 0.018813 0.054936 1.068532 0.743343 0.694875 0.716666 0.076481 0.281884 1.139034 1.291156 0.883494 0.726120 0.332595 -0.003896 0.000000 0.000000 -9999.000000 -9999.000000 -9999.000000 -9999.000000 -9999.000000
0.016060 0.020923 0.128115 0.066144 0.073077 0.630450 0.563090 0.182594 0.076748 0.178668 0.267226 0.369060 0.350044 0.171710 0.000366 0.000000 0.000213 0.515642 0.552867 0.187900 0.062732 0.075643 1.062462 1.049384 0.321104 0.054984 0.043831 0.085023 -0.143592 0.765464 0.437498 0.019600 0.034686 -0.392882 -0.127783 0.174601 0.355751 0.104922 0.272698 0.554700 0.723667 0.518175 0.288568 0.046644 0.553418 1.277141 0.850561 1.003635 0.434187 0.003566 -0.004093 -0.001947 -9999.000000 -9999.000000 -9999.000000 -9999.000000 -9999.000000 -9999.000000
0.000326 0.007066 0.033719 0.129747 0.140620 0.107616 0.077791 0.052685 0.017335 0.191154 0.242238 0.375604 0.349907 -0.000031 -0.000575 -0.002798 -0.000528 0.548059 0.712600 0.000360 0.000360 0.018605 1.140651 0.418824 0.102310 0.009871 0.029543 0.031787 0.019215 0.216692 0.001692 0.001616 0.001091 0.000656 -0.113655 0.316965 0.577886 0.021620 0.429971 0.383018 0.517282 0.771255 0.471051 0.328285 1.519105 1.563172 0.971332 0.979673 0.023222 0.000617 -9999.000000 -9999.000000 -9999.000000 -9999.000000 -9999.000000 -9999.000000 -9999.000000 -9999.000000
-0.000208 0.028686 0.020860 0.085909 0.214803 0.009490 0.013310 0.010131 0.035194 0.253009 0.230721 0.363129 0.289563 0.173125 -0.001521 -0.002798 -0.142769 0.612339 1.300275 -0.000360 -0.000360 0.061547 1.533048 0.080786 0.052160 0.048853 0.036162 0.004083 0.005954 0.013976 -0.044907 -0.000584 -0.000654 -0.000369 -0.000015 0.130624 0.182327 0.054669 0.058696 0.025080 0.260215 0.718053 0.746973 0.528874 1.232525 1.398833 1.018445 0.218269 0.000208 0.000003 -9999.000000 -9999.000000 -9999.000000 -9999.000000 -9999.000000 -9999.000000 -9999.000000 -9999.000000
0.107957 0.088177 0.105969 0.046807 0.054504 0.016371 0.023409 0.026792 0.072119 0.085684 0.034162 0.399061 0.208803 0.158036 0.311757 0.197225 -0.171493 0.312953 1.619946 0.484697 0.176728 0.831051 1.279509 0.809841 0.031103 0.044588 0.005789 -0.007350 0.462152 0.399734 0.112505 0.172224 -0.083516 -0.080160 -0.052837 0.041829 0.093967 0.000480 0.000615 0.000349 0.000185 0.926599 1.049231 0.001460 0.486193 0.581828 0.506012 0.215427 -0.000326 -9999.000000 -9999.000000 -9999.000000 -9999.000000 -9999.000000 -9999.000000 -9999.000000 -9999.000000 -9999.000000
0.190123 0.004455 0.016055 0.001161 0.000379 0.005814 0.021938 0.050149 0.042539 0.022797 0.057633 0.065595 0.249221 0.191746 0.021070 0.352557 -0.008264 0.685670 1.376838 0.665099 0.205319 0.360515 1.435186 0.095675 -0.001139 0.000141 0.013518 0.041670 0.894223 0.581587 0.022685 0.022252 -0.061219 0.033879 -0.008633 -0.043555 -0.665178 -0.000822 -0.000882 -0.000408 -0.000214 1.796393 0.825522 0.003871 0.592599 0.693398 0.596761 0.163262 -9999.000000 -9999.000000 -9999.000000 -9999.000000 -9999.000000 -9999.000000 -9999.000000 -9999.000000 -9999.000000 -9999.000000
0.020377 0.001010 0.000546 -0.000051 -0.000153 0.000107 0.000434 0.064159 0.068098 0.038168 0.029328 0.033666 0.064325 0.054803 0.014204 0.069501 0.337135 0.617215 1.524068 0.835931 0.000282 0.586448 0.349712 0.005820 -0.005763 -0.001504 0.019904 0.029662 0.223654 0.327044 0.001891 0.008823 0.054903 0.051058 0.044193 0.017707 -0.577960 -0.157185 0.515649 0.372037 1.077879 1.548911 0.740520 -0.350248 0.456704 0.682720 0.648962 0.000000 -9999.000000 -9999.000000 -9999.000000 -9999.000000 -9999.000000 -9999.000000 -9999.000000 -9999.000000 -9999.000000 -9999.000000
0.008878 0.002003 0.000544 -0.009579 -0.126061 -0.001072 -0.000494 0.071974 0.088218 0.035024 0.033679 0.064296 0.000208 0.000003 0.042334 0.029927 0.080984 0.643956 1.822748 0.864205 0.676691 0.726640 0.002062 0.001507 0.047093 0.002162 0.034314 0.032184 0.065761 0.371990 0.001526 0.001378 0.000552 0.001073 0.091925 0.028553 0.271108 0.329368 0.869580 0.567655 0.845489 1.013913 0.545067 -0.514340 0.419903 0.496692 0.009282 -9999.000000 -9999.000000 -9999.000000 -9999.000000 -9999.000000 -9999.000000 -9999.000000 -9999.000000 -9999.000000 -9999.000000 -9999.000000
0.000925 0.001103 0.000206 -0.070330 -0.121689 -0.086327 -0.000627 0.066650 0.103504 0.000003 0.000208 0.062886 -0.000326 -0.087787 0.052786 0.056675 0.033220 0.629869 1.352699 1.142549 1.001613 0.043075 0.005015 0.002546 0.140916 0.009124 0.031183 0.067809 0.129048 0.146270 0.002909 0.001131 -0.000185 0.003525 0.200340 0.031458 0.521366 1.048707 1.365254 0.339303 0.184217 0.128997 0.509157 -0.469979 0.274489 0.223222 0.000000 -9999.000000 -9999.000000 -9999.000000 -9999.000000 -9999.000000 -9999.000000 -9999.000000 -9999.000000 -9999.000000 -9999.000000 -9999.000000
0.001268 0.001243 0.000146 0.069565 -0.083375 -0.105771 -0.127985 0.028417 0.101506 -0.133316 -0.000326 0.058444 0.160794 -0.079233 0.046197 0.066063 0.062623 0.985750 1.010343 0.438880 0.350696 0.010168 0.009623 0.003557 0.057003 0.005937 0.032131 0.126453 0.061503 0.022910 0.002577 -0.000504 0.009949 0.007401 0.385600 0.541277 1.125028 0.656070 0.641613 0.414943 0.008245 0.005468 0.040222 0.157800 0.352513 0.023351 -0.001294 -9999.000000 -9999.000000 -9999.000000 -9999.000000 -9999.000000 -9999.000000 -9999.000000 -9999.000000 -9999.000000 -9999.000000 -9999.000000
0.002270 0.001208 0.000563 0.005871 0.008846 -0.105868 -0.022780 -0.087730 0.285476 -0.002490 0.045272 0.165548 0.172069 -0.056255 0.120810 0.305296 0.548487 1.040396 1.085686 0.018204 0.025972 0.021526 0.011901 0.004191 0.020050 0.004401 0.001028 0.195792 0.079209 0.025222 0.023809 -0.021715 -0.007605 -0.002107 0.647515 0.913848 1.358902 0.844760 0.046860 0.045753 0.033107 0.011121 0.017692 0.043439 0.594434 -0.083744 -0.001019 -9999.000000 -9999.000000 -9999.000000 -9999.000000 -9999.000000 -9999.000000 -9999.000000 -9999.000000 -9999.000000 -9999.000000 -9999.000000
0.010441 0.001663 0.001578 0.000337 0.156096 -0.086407 0.058539 -0.238802 0.497881 0.021134 0.049043 0.171410 0.199337 -0.033929 0.283579 0.535326 0.886942 0.973284 0.052851 0.029972 0.043290 0.025041 0.009436 0.000955 0.000072 0.001311 -0.000977 0.301093 0.084203 0.022708 0.104835 -0.026256 -0.022564 -0.009793 0.919687 0.977948 0.342188 0.239099 0.010872 0.017726 0.015830 0.006318 0.002666 0.002795 0.069781 0.001044 -9999.000000 -9999.000000 -9999.000000 -9999.000000 -9999.000000 -9999.000000 -9999.000000 -9999.000000 -9999.000000 -9999.000000 -9999.000000 -9999.000000
0.004308 0.000724 0.000129 0.000040 0.252744 0.004262 0.242703 -0.109970 0.506097 0.082836 0.040673 0.252097 0.273945 -0.040849 0.452837 0.621667 0.892073 0.155182 0.083396 0.020899 0.060596 0.025208 0.003022 -0.002552 -0.002630 0.000635 0.005616 0.349450 0.000765 0.000903 0.008132 -0.014892 -0.112276 0.064777 0.936107 1.183174 0.008836 0.009734 0.000848 0.001603 0.000944 0.008935 0.003607 0.005246 0.001893 0.000679 -9999.000000 -9999.000000 -9999.000000 -9999.000000 -9999.000000 -9999.000000 -9999.000000 -9999.000000 -9999.000000 -9999.000000 -9999.000000 -9999.000000
0.000208 0.000003 -0.000061 -0.000139 0.029460 0.009638 0.015229 0.102260 1.114688 0.136911 0.143444 0.202934 0.189595 0.134620 0.766860 0.877903 0.973994 0.008026 0.010029 0.001129 0.092291 0.025761 -0.001497 -0.019822 -0.005966 -0.002206 0.000448 0.292363 0.000096 -0.000280 -0.000012 -0.002538 0.014731 0.055857 1.191829 1.583485 0.015328 0.009190 0.000030 0.000205 0.000407 0.007343 0.003089 -0.003444 -0.001596 -0.000821 -9999.000000 -9999.000000 -9999.000000 -9999.000000 -9999.000000 -9999.000000 -9999.000000 -9999.000000 -9999.000000 -9999.000000 -9999.000000 -9999.000000
-0.000326 -0.005982 -0.000291 -0.000385 -0.000001 0.000197 0.000009 0.057738 0.309536 0.013955 0.000792 0.536099 0.219415 0.238596 0.208268 0.196948 0.197986 0.000360 0.000360 0.000200 0.110632 0.000402 -0.002566 -0.006666 -0.044748 -0.011581 -0.002144 0.261978 -0.067262 -0.000826 -0.006700 0.004887 0.008860 0.111440 0.918074 1.237713 -0.071726 -0.003924 -0.000826 -0.001578 -0.001081 0.000249 0.000291 -0.005350 -9999.000000 -9999.000000 -9999.000000 -9999.000000 -9999.000000 -9999.000000 -9999.000000 -9999.000000 -9999.000000 -9999.000000 -9999.000000 -9999.000000 -9999.000000 -9999.000000
-0.000118 -0.014688 -0.001014 -0.050573 -0.001276 -0.000816 0.124516 0.120065 0.073927 0.029321 -0.048505 0.444344 0.328306 0.206658 0.204799 0.172058 0.155519 -0.000360 -0.000360 -0.000186 0.101960 -0.000027 0.000000 -0.002007 -0.027996 0.888554 0.913276 0.867961 0.003715 0.114535 -0.016775 -0.205694 -0.271477 0.287425 0.620783 0.734492 -0.108710 -0.626053 -0.043503 -0.098291 -0.009190 -0.000724 -0.000441 -9999.000000 -9999.000000 -9999.000000 -9999.000000 -9999.000000 -9999.000000 -9999.000000 -9999.000000 -9999.000000 -9999.000000 -9999.000000 -9999.000000 -9999.000000 -9999.000000 -9999.000000
0.000865 -0.001016 0.001413 -0.047744 -0.017069 0.099108 0.117290 0.101208 0.066096 0.017493 -0.264847 0.353887 0.262231 0.394970 0.491498 0.137484 0.119524 -0.001928 -0.012075 -0.001224 0.079441 -0.028621 -0.003663 -0.000565 0.186225 1.651754 1.689170 1.610705 0.925666 0.609730 0.166979 -0.964593 -0.878213 0.377594 0.332551 0.077921 -0.163457 -0.546848 -0.291065 -0.679597 -0.007237 -9999.000000 -9999.000000 -9999.000000 -9999.000000 -9999.000000 -9999.000000 -9999.000000 -9999.000000 -9999.000000 -9999.000000 -9999.000000 -9999.000000 -9999.000000 -9999.000000 -9999.000000 -9999.000000 -9999.000000
0.000000 0.000474 0.020289 0.001532 0.008347 0.191770 0.103009 0.069044 0.034233 -0.002210 -0.229620 0.257628 0.275032 0.470624 0.551945 0.154803 0.000680 -0.001330 -0.322084 -0.090846 0.214801 0.011537 -0.072749 0.158123 0.345213 1.313685 1.398974 1.179561 0.804155 0.357060 0.107502 -0.398907 -0.628489 0.126459 0.148549 -0.154490 -0.040563 -0.313723 -0.174722 -9999.000000 -9999.000000 -9999.000000 -9999.000000 -9999.000000 -9999.000000 -9999.000000 -9999.000000 -9999.000000 -9999.000000 -9999.000000 -9999.000000 -9999.000000 -9999.000000 -9999.000000 -9999.000000 -9999.000000 -9999.000000 -9999.000000
0.002558 0.002798 0.029994 0.000978 0.132814 0.327749 0.118041 0.061965 0.024328 0.116781 -0.011671 0.215079 0.166802 0.370542 0.507392 0.005790 0.000194 0.115395 0.017653 0.044498 0.250091 -0.069337 -0.024943 0.085245 0.027686 0.991306 1.133887 1.065375 0.370034 0.144961 0.075073 0.024698 -0.352914 0.005829 0.006771 0.216737 0.255892 -0.122161 -0.107645 -9999.000000 -9999.000000 -9999.000000 -9999.000000 -9999.000000 -9999.000000 -9999.000000 -9999.000000 -9999.000000 -9999.000000 -9999.000000 -9999.000000 -9999.000000 -9999.000000 -9999.000000 -9999.000000 -9999.000000 -9999.000000 -9999.000000
