use_cases/Flooding_chicago/flooding_data/output/hUy_660.asc
ncols 337
nrows 393
xllcorner 428428.000000
yllcorner 4602440.000000
cellsize 26.757400
NODATA_value -9999.000000
[rows 182 to 207 of 393, columns 58 to 115 of 337]
0.000222 0.000103 0.000365 0.000302 -0.001814 -0.002294 -0.002078 -0.000974 -0.011714 -0.000376 0.056409 0.001074 0.002202 0.012822 0.023564 0.002950 0.000305 -0.302405 -0.362743 -0.331297 0.000903 -0.070301 0.044761 0.004211 -0.000081 0.000000 0.000000 0.005734 0.034002 0.043598 0.004300 -0.056965 -1.412377 -0.735255 -0.181155 -0.031289 -0.001215 0.000247 0.000331 0.000131 -0.000574 -0.028614 -0.023045 -0.149840 -0.096036 -0.089000 -0.053647 0.038737 0.056731 0.081074 0.052696 0.046686 0.840786 -0.001169 -0.015494 -0.024532 -0.033339 -0.005963
-0.000222 -0.000103 -0.000822 -0.003161 -0.002654 -0.035349 -0.025614 -0.013572 -0.035075 -0.003082 0.016940 0.000961 0.002794 0.001042 0.000589 -0.000114 -0.000124 -0.269626 -0.321358 -0.306345 0.000808 0.013646 0.032608 0.012727 -0.000277 -0.011732 -0.005347 -0.000139 -0.000003 -0.000000 -0.000000 -0.000000 -0.467147 -0.787472 0.000077 0.000093 -0.000659 -0.000569 -0.000393 -0.000136 -0.000346 -0.055237 -0.005684 -0.000644 -0.075614 -0.052534 -0.156431 0.018418 0.049980 0.008618 0.004980 0.026886 0.358798 0.157745 0.129207 0.085969 -0.092746 -0.011128
-0.011529 -0.009319 -0.024378 -0.015496 -0.029982 -0.057082 -0.043401 -0.023059 -0.006865 -0.073403 -0.005063 0.000871 0.002299 0.000107 -0.000124 -0.000211 -0.000160 -0.141156 -0.855010 -0.164879 -0.000168 0.000513 0.001212 0.011432 0.003916 -0.683661 -0.028765 -0.010392 -0.021692 -0.011848 -0.019383 -0.005177 -0.386526 -0.494353 -0.000167 -0.000274 -0.001553 -0.010255 -0.007441 -0.010601 -0.000473 0.000109 0.000008 -0.001647 -0.019272 -0.063383 -0.092950 -0.040257 0.000199 0.000841 0.001120 0.000633 0.010956 0.367615 0.318808 0.506664 0.482357 0.000923
-0.037602 -0.027111 -0.067332 -0.036615 -0.093179 -0.102563 -0.063429 -0.030107 -0.060691 -0.088556 -0.000032 -0.000577 0.000000 -0.000305 -0.000292 -0.002194 -0.001297 -0.069797 -0.847579 -0.053918 -0.000388 -0.000217 0.000879 0.001182 0.003818 -0.015026 -0.066235 -0.041667 -0.058349 -0.025367 -0.037451 -0.439156 -0.533842 -0.262285 -0.087173 -0.008765 -0.011374 -0.040789 -0.032951 -0.036348 -0.000863 -0.000452 -0.004989 -0.008473 -0.019482 -0.042011 -0.218578 -0.301814 -0.000114 0.000403 0.001702 0.000657 0.063005 0.110776 0.272979 0.121115 0.021518 0.022726
-0.006188 -0.059907 -0.031696 -0.011152 -0.022743 -0.210816 -0.193197 -0.154589 -0.066749 -0.077100 -0.036519 -0.001586 -0.000981 -0.012403 -0.007649 -0.001253 -0.005614 -0.030289 -0.742134 -0.343732 -0.009311 -0.009393 -0.000812 0.000284 0.000310 -0.003979 -0.009809 -0.072745 -0.056208 -0.060873 -0.248085 -1.503462 -1.634583 0.226819 -0.012356 -0.015049 -0.016831 -0.525862 -0.393142 -0.136440 -0.033164 -0.034860 -0.359009 -0.023903 -0.018365 -0.021364 -0.237345 -0.218697 -0.009167 -0.000517 -0.000020 0.000346 0.007820 0.000672 0.424917 0.000100 0.000006 0.000203
-0.001422 -0.016655 -0.021095 -0.009891 -0.000361 0.001924 -0.092528 -0.079695 -0.344947 -0.313566 -0.018210 -0.001232 -0.001112 -0.023128 -0.026334 -0.007693 -0.007977 -0.183036 -0.539462 -0.311635 -0.149973 -0.011739 -0.000999 -0.001377 -0.000495 -0.001430 -0.001814 -0.101597 -0.521429 -0.960181 -0.275709 -0.743454 -0.415532 1.005284 0.120121 -0.001961 -0.055310 -0.073962 0.013294 -0.028293 -0.089113 -0.422377 -0.049008 -0.006397 -0.011516 -0.009321 -0.330075 -0.128903 -0.025530 -0.008934 -0.000521 -0.000180 0.000180 0.002615 0.428463 -0.015783 -0.007702 -0.000462
-0.002138 -0.006728 -0.112121 -0.006733 -0.001403 0.003865 0.002049 -0.037123 -0.241117 -0.450759 -0.247770 -0.001012 -0.000988 -0.002325 -0.082982 -0.005406 -0.004844 -0.171250 -0.331753 -0.215885 -0.102341 -0.003438 -0.020541 -0.006588 -0.021724 -0.014921 -0.018056 0.020942 0.018784 0.038238 0.263641 0.702860 0.703155 0.013648 0.019726 0.002089 0.141513 0.139593 0.001611 0.000623 -0.025180 -0.271575 0.028481 -0.111764 -0.005071 -0.004732 -0.316883 -0.140347 -0.423780 -0.026526 -0.000217 -0.000304 -0.000346 0.006698 1.171809 0.154694 -0.496141 -0.056541
-0.001116 -0.001867 -0.118922 -0.002595 -0.001504 -0.000419 0.001427 -0.009369 -0.124996 -0.520725 -0.358926 -0.007760 -0.014153 -0.001609 -0.032154 -0.055545 -0.048214 -0.081437 -0.411225 -0.372180 -0.276794 -0.008482 -0.032286 -0.009059 -0.041375 -0.023572 -0.046480 -0.002304 0.001380 0.000425 0.000659 0.023384 0.005663 0.000000 0.004867 0.001180 0.023266 0.003149 0.001023 -0.000156 -0.006654 0.044673 -0.126315 -0.176959 -0.038686 -0.064854 -0.204179 -0.106900 0.066005 -0.003315 0.000547 0.001340 0.021608 0.043607 0.670466 0.377830 0.031748 0.009748
-0.027414 -0.111197 -0.067271 -0.025090 -0.000878 -0.004869 -0.001473 0.000199 0.000364 -0.362548 -0.453599 -0.003248 -0.029707 -0.007122 -0.008236 -0.113510 -0.140803 -0.160617 -0.217772 -1.004038 -0.852563 -0.055874 -0.029623 -0.031460 -0.045782 -0.026522 -0.134997 -0.001498 -0.001362 -0.000305 -0.000353 -0.000020 -0.000121 -0.005027 -0.000142 0.000038 0.000001 -0.000109 -0.000918 -0.010662 0.079468 0.175677 -0.207408 -0.660136 -0.032225 -0.044774 -0.167705 -0.060095 0.249551 -0.001507 0.000019 0.000664 0.006957 0.028344 0.019732 0.090569 0.078970 0.059088
-0.056348 -0.084575 -0.156199 -0.012833 -0.017264 -0.006130 -0.003257 -0.000833 -0.000039 -0.279544 -0.294578 -0.148735 -0.074866 -0.048979 -0.087219 -0.063992 -0.064072 -0.477506 -0.508118 -0.372193 -0.299418 -0.065716 -0.009498 -0.043275 0.661368 0.806011 -0.027370 -0.010465 0.012764 -0.007118 -0.007765 -0.014955 -0.066652 -0.016704 -0.007607 -0.000585 -0.003915 -0.001622 -0.013005 -0.041701 0.107498 0.065894 -0.205960 -0.166526 0.000349 0.000222 -0.104472 0.055299 0.341320 -0.000511 -0.006995 -0.000043 0.000746 0.010016 0.009448 0.049519 0.028452 0.029393
-0.008084 -0.188432 -0.352170 -0.023968 -0.038074 -0.002558 -0.032415 -0.006288 -0.001250 -0.123483 -0.290158 -0.297591 -0.200987 -0.064056 -0.490091 -0.047578 -0.122340 -0.120262 -0.125102 -0.035534 -0.113445 -0.042385 0.004949 0.023268 0.082263 0.118029 0.291714 0.023462 0.078759 -0.037558 -0.045601 -0.760157 -0.429608 -1.186139 -0.013882 -0.007035 -0.002071 0.003604 -0.024205 0.037155 0.013654 -0.036092 -0.183348 0.047321 0.000314 -0.000222 -0.119679 0.068157 0.333434 0.173103 -0.013300 -0.005945 -0.000084 0.000066 0.001415 0.016860 0.001506 0.001120
0.000010 -0.163303 -0.222703 -0.192593 -0.009484 -0.009879 -0.078542 -0.002792 -0.001856 -0.045775 -0.108750 -0.177583 -0.241040 -0.076091 -0.447249 -0.005031 0.078475 0.070157 0.027381 0.214993 0.102172 0.026378 0.022267 0.004353 0.024580 0.024252 0.135214 0.125279 0.007835 -0.003854 -0.005648 0.151539 -0.160643 0.005671 -0.037944 -0.033829 -0.003858 0.026956 0.021818 0.146649 0.007703 -0.151950 -0.110938 0.124891 0.002147 0.057233 -0.041925 0.208852 0.511613 0.405734 0.025158 0.022792 0.008148 -0.004362 -0.000178 0.000493 0.001622 0.001188
-0.006804 -0.062078 -0.248327 -0.242228 -0.101769 -0.079528 -0.111195 -0.008211 -0.002266 -0.015502 -0.030173 -0.044771 -0.072436 -0.235608 -0.404623 -0.136919 0.059689 0.074836 0.091395 0.178906 0.016907 0.028705 0.024802 0.005828 0.006105 0.014462 0.017512 0.013188 0.003899 0.000674 0.222844 0.384642 -0.454070 0.016627 -0.003571 0.003278 0.106313 0.089855 0.132135 0.465023 0.170449 -0.111593 -0.057211 0.177604 0.011252 0.085249 0.034311 0.060309 0.101087 0.046295 0.090650 0.090528 0.061729 -0.000923 -0.010619 -0.000424 -0.000966 0.000919
-0.019106 -0.015010 -0.131817 -0.118461 -0.172691 -0.179825 -0.289630 -0.168170 -0.009651 -0.006678 -0.010601 0.011202 0.014238 0.013504 -0.126365 -0.130140 0.049376 0.061515 0.106982 0.167553 0.017680 0.027090 0.077917 0.031243 0.015331 0.043199 0.049841 0.040205 0.007761 0.000281 0.418309 0.502877 -0.549758 0.028900 0.007039 0.040272 0.250112 0.024229 0.025520 0.017185 0.049206 0.028324 0.013290 0.089860 0.013923 0.051831 0.023499 0.038359 0.045039 0.022398 0.014126 0.015693 0.010568 0.149456 -0.061520 -0.006327 -0.000486 0.000000
-0.002545 -0.005406 -0.170081 -0.164797 -0.066461 -0.082909 -0.389424 -0.672417 -0.514677 -0.029594 -0.006226 0.075102 0.023266 0.007955 0.083562 -0.023649 0.117237 0.103308 0.121424 0.258342 0.033600 0.064165 0.031447 0.022055 0.050112 0.030466 0.029142 0.029542 0.023085 0.062768 0.106646 0.886403 0.019037 0.044024 0.019574 0.053651 0.020810 0.025098 0.012784 0.006818 0.010593 0.005153 0.005946 0.063277 0.003584 0.025231 0.015304 0.019791 0.011350 0.008988 0.005981 0.000326 0.000153 0.006132 0.033729 -0.018263 -0.010677 -0.005350
-0.013863 0.006452 -0.074753 -0.084436 -0.039285 -0.079055 -0.272969 -0.363084 -0.324857 -0.439838 -0.046112 0.059100 0.008302 -0.155597 0.245170 0.176673 0.330134 0.180332 0.240361 0.048421 0.085338 0.025700 0.014974 0.017481 0.017956 0.021345 0.016836 0.022540 0.019380 0.056279 0.054046 0.011275 0.019740 1.276804 0.048623 0.017251 0.011098 0.006337 0.006034 0.000175 0.000098 0.000002 0.000000 0.001815 0.000669 0.000000 0.000000 -0.000000 -0.000000 -0.000000 -0.000003 -0.000208 -0.000106 -0.000001 -0.000000 -0.025921 -0.398061 -0.013927
-0.058331 0.003132 0.003093 0.001583 0.000870 -0.068650 -0.194981 -0.407731 -0.180622 -0.470770 0.029709 0.037323 0.042018 0.196230 -0.004394 0.210984 0.225857 0.268693 0.144614 0.101999 0.078388 0.015146 0.000381 0.008894 0.000326 0.000853 0.017020 0.006075 0.006421 0.025448 0.015671 0.001304 0.014315 0.076937 0.023767 0.006383 0.000000 0.000000 0.000000 -0.007829 -0.000205 -0.007816 -0.009414 0.140256 -0.149126 -0.036910 -0.013606 -0.019619 -0.006224 -0.011909 -0.007326 -0.007686 -0.013410 -0.006771 -0.008049 0.134398 -0.091576 -0.815787
-0.017443 -0.001622 -0.005528 -0.002336 -0.000797 0.000111 0.009595 -0.155934 -0.078735 -0.254615 -0.072521 0.000000 0.235205 1.422087 -0.233340 0.344352 0.134275 0.054562 0.037938 0.075062 0.101018 0.001930 0.000418 -0.000003 -0.000208 0.000725 0.001545 0.000000 0.000000 0.000178 0.000005 -0.000065 0.001935 0.009031 0.013133 0.000512 -0.009776 -0.007076 -0.007447 -0.017609 -0.011632 -0.224020 0.029350 0.467303 -0.074019 0.159567 -0.023460 -0.030681 -0.018682 -0.027482 -0.013603 -0.013810 -0.028933 -0.018447 -0.064025 0.208369 -0.067716 -0.205190
-0.000028 -0.001045 -0.001675 -0.030456 -0.037059 -0.000623 -0.000014 0.001542 0.392772 -0.226794 -0.138267 0.013641 0.193737 0.336352 0.008698 0.108837 0.095225 0.029820 0.027551 0.040956 0.075824 0.006052 0.000007 -0.008755 -0.014190 -0.002830 -0.002468 -0.012736 -0.006438 -0.000347 -0.006000 -0.042525 -0.000401 0.000000 0.000000 -0.000137 -0.023627 -0.043681 -0.024571 -0.026892 -0.466424 -0.121070 0.493590 0.592409 -0.030615 0.356319 0.042269 -0.184754 -0.027955 -0.025809 -0.019627 -0.014010 -0.073218 -0.153567 -0.026491 0.354365 0.010164 0.004473
-0.001361 0.017126 0.004536 -0.131413 -0.193268 -0.067887 -0.008213 0.018358 0.022848 -0.089119 0.069848 0.051870 0.400282 0.009643 0.005763 0.043268 0.048212 0.014469 0.012185 0.011477 0.020108 0.003916 -0.000626 -0.030814 -0.038212 -0.029790 -0.025292 -0.027906 -0.024423 -0.016194 -0.015523 -0.075190 -0.033693 -0.005460 -0.011833 -0.031118 -0.011280 -0.017171 -0.007227 -0.001744 -0.183660 -0.015392 0.583758 0.708146 -0.030497 0.063539 0.096176 0.043594 -0.162713 -0.187292 -0.110791 -0.122567 0.039526 -0.076150 0.007124 0.007192 0.000326 0.001343
0.000259 0.023051 0.009969 -0.059169 -0.130747 -0.081392 -0.170484 0.007074 0.007914 0.021723 0.148772 -0.000058 0.075152 0.000730 0.001651 0.004787 0.001738 0.029964 0.014307 0.012939 0.000222 0.001335 -0.001855 -0.077035 -0.128930 -0.195775 0.216084 -0.006172 -0.024259 -0.055461 -0.028982 -0.058727 -0.407578 -0.019945 -0.049840 -0.073617 -0.006566 -0.010596 -0.004470 -0.000077 0.028092 0.187699 0.778276 0.859203 0.001951 0.050152 0.220767 0.088888 -0.085268 -0.114496 -0.038079 0.002118 0.131046 0.011899 0.002750 -0.000003 -0.000208 0.003916
0.000345 0.000916 0.000784 0.000384 -0.147013 -0.114704 -0.099777 0.000569 0.000393 0.000180 0.000073 -0.036738 0.135213 0.000845 0.002523 0.018174 0.002609 0.061712 0.003195 -0.001118 -0.000222 -0.002652 -0.001691 -0.025559 -0.139957 -0.067295 0.052456 -0.001583 -0.003377 -0.080227 -0.418461 -0.014628 -0.103478 -0.134372 -0.081372 -0.010892 -0.017452 -0.004392 -0.002400 -0.000317 0.151723 0.756631 1.064206 1.068167 0.076479 0.083764 0.184870 0.109529 -0.062210 -0.041230 -0.007235 0.005533 0.044265 0.077612 0.011325 0.019079 0.016847 0.171426
-0.001525 -0.001081 -0.000835 -0.000394 -0.165971 -0.148296 -0.077901 -0.000247 -0.000331 -0.000174 -0.000072 -0.028086 0.122560 0.000380 0.001211 0.005450 0.000744 0.007089 -0.000053 -0.009264 -0.028501 -0.003808 -0.038307 -0.021558 -0.123838 -0.029060 0.000071 0.000000 -0.000707 -0.071770 -0.102747 -0.209662 -0.061673 -0.062500 0.009063 -0.008125 -0.045431 -0.012017 -0.010963 -0.016839 0.340586 0.351487 0.349462 0.349447 0.000963 0.006744 0.142966 0.143259 0.139524 0.009699 0.000016 0.000956 0.003663 0.041401 0.017084 0.054811 0.055874 0.201160
-0.030847 -0.045069 -0.029540 -0.070156 -0.132389 -0.107830 -0.000013 -0.000554 -0.010214 -0.005621 -0.030321 0.001212 0.013174 0.000065 0.000065 0.000000 -0.000250 -0.000010 -0.000000 -0.002633 -0.063387 -0.020673 -0.129856 -0.065718 -0.020988 0.053174 -0.000494 -0.006244 -0.000600 0.101633 -0.119622 -0.268563 -0.037955 -0.037807 0.000677 -0.005753 -0.014953 -0.033370 -0.019938 0.145387 0.364741 0.360594 0.362624 0.378893 0.000142 0.000376 0.000723 0.000376 0.003933 0.002127 0.002322 0.002593 0.000000 0.007434 0.006292 0.016511 0.028719 0.018325
-0.060820 -0.090629 -0.051109 -0.132081 -0.047240 -0.193835 -0.006667 -0.004162 -0.019351 -0.124326 -0.042751 -0.000089 -0.000003 -0.000124 -0.000556 -0.005378 -0.019972 -0.009265 -0.012940 -0.008101 -0.098411 -0.096883 -0.061372 -0.038752 -0.004808 0.000222 -0.004409 -0.019735 -0.018963 0.222269 -0.100506 -0.295165 0.000030 0.000674 -0.000453 -0.003407 -0.064792 -0.059957 -0.416685 0.292744 0.367390 0.334512 0.345698 0.409777 -0.000261 -0.000376 -0.000723 -0.000376 -0.004300 -0.002569 0.001476 0.009116 0.003208 0.008949 0.004169 0.001425 0.013132 0.010408
-0.458752 -0.479150 -0.571978 -0.169774 -0.102152 -0.283262 -0.233113 -0.080152 -0.144387 -0.060872 -0.046617 -0.030438 -0.065505 -0.015129 -0.010849 -0.020474 -0.023925 -0.034800 -0.024814 -0.172823 -0.314533 -0.164401 -0.093341 -0.009272 -0.001110 -0.000222 -0.001296 -0.021046 -0.106633 0.266857 -0.073057 -0.279615 -0.046818 -0.001055 -0.001545 0.024436 0.017818 0.022160 -0.113096 0.421626 0.315289 0.293746 0.255643 0.712361 0.275293 -0.019614 -0.021363 -0.013337 -0.110446 0.480639 0.003240 0.040979 0.004653 0.007733 -0.000279 0.000112 0.000391 0.000793
