use_cases/Flooding_chicago/flooding_data/output/hUy_3300.asc
ncols 337
nrows 393
xllcorner 428428.000000
yllcorner 4602440.000000
cellsize 26.757400
NODATA_value -9999.000000
[rows 260 to 285 of 393, columns 58 to 115 of 337]
0.278731 0.346216 0.431697 0.003365 0.010268 0.034894 0.452847 0.386645 1.521193 0.460380 0.012269 0.004789 0.002201 0.002358 0.695475 0.445614 0.002416 0.000027 -0.000070 -0.025612 -0.002327 -0.001149 -0.000081 0.000005 0.001677 0.019696 -0.002223 -0.006505 0.166569 -0.025751 0.195710 0.504097 2.045543 3.408978 3.152786 2.006771 1.964833 1.474077 1.590113 1.439380 1.490110 1.473301 1.213383 1.247001 0.878036 0.955713 0.244985 -0.007177 0.261348 0.387455 0.213878 0.004318 0.398462 0.624846 0.462420 0.052627 0.009415 0.126614
0.095598 0.025895 0.018284 0.007139 0.008911 0.017835 0.191883 0.030457 0.048451 0.050245 0.006832 0.001264 0.000039 0.000028 0.362070 0.393934 0.000009 -0.000458 -0.009896 -0.008781 -0.015280 -0.007706 -0.003354 -0.000089 0.000012 0.002285 -0.001351 0.001168 0.450248 0.147904 0.299723 0.705915 2.177329 3.275244 2.094608 1.837593 1.848308 0.876498 0.886432 0.820666 0.817654 1.397956 1.194073 1.231067 1.327657 0.919128 0.634766 0.122904 0.401254 0.361153 0.294581 0.002861 0.312152 0.522428 0.344630 0.017792 -0.028905 0.024406
0.154816 0.049638 0.033578 0.034041 0.021463 0.044959 0.076685 0.022129 0.011590 0.019707 0.002600 -0.000000 -0.000027 -0.000009 0.415036 0.492366 -0.000336 -0.006405 -0.023043 -0.002351 -0.025430 -0.011318 -0.022786 -0.001353 -0.000044 0.000034 -0.000290 0.384532 0.819393 0.203471 0.335892 1.142297 2.920703 3.176497 1.905623 1.424247 1.431371 0.405369 0.806279 0.742241 0.685808 1.195960 1.129812 1.189350 1.436154 0.929616 0.643848 0.309760 0.484686 0.458025 0.318094 0.074322 0.304767 0.478779 0.344850 0.029122 0.033326 0.015925
0.068000 0.094827 0.090528 0.017008 0.058405 0.092148 0.053765 0.010465 0.022844 0.004491 0.008709 0.010283 0.002579 -0.046418 0.418774 0.822518 0.075567 -0.059303 -0.072209 0.014335 -0.043749 -0.040713 -0.066745 -0.067928 -0.022153 -0.001284 -0.013491 1.039497 0.853574 0.271125 1.053190 1.710432 2.997743 3.171494 1.936248 0.502135 0.581538 0.005539 0.450005 0.703922 0.575384 1.116445 1.183454 1.255822 1.554903 1.289352 0.860639 0.342972 0.612604 0.792682 0.473622 0.223681 0.695534 0.495047 0.236359 0.032592 0.076354 0.083964
0.135039 0.183461 0.002718 0.001879 0.002156 0.006439 0.137243 0.020450 0.030219 0.017951 0.007750 0.019099 0.006698 0.015800 0.282338 0.828923 0.205255 -0.017259 0.061520 0.055792 0.050095 0.069444 -0.005988 -0.127006 -0.067085 -0.012136 0.291760 1.606071 0.950905 0.460579 1.200548 1.823660 2.775574 2.915625 1.286202 0.399676 0.607679 0.012647 0.007430 0.484627 0.611249 1.038268 0.920634 0.900527 1.457879 1.551656 0.828793 0.509544 0.733470 0.928908 0.502217 0.384133 0.446880 0.626486 0.259867 0.198992 0.177812 0.225271
0.075407 0.231734 0.000014 0.000030 0.000214 0.002983 0.050662 0.036309 0.062152 0.002319 0.001825 0.051565 0.025056 0.198290 0.320941 0.769886 0.054130 0.000919 0.002222 0.000861 0.002864 0.003074 -0.004441 -0.064229 -0.101019 0.159609 0.715466 1.841017 1.202175 0.389629 1.415901 1.591656 1.801133 1.866537 0.511740 0.389322 0.633956 0.744534 0.008224 0.010929 0.007872 0.538182 1.077306 0.932604 1.375448 1.556541 1.367803 0.499326 0.618961 0.795779 0.716678 0.461840 0.546183 0.499871 0.304891 0.007628 0.008379 0.009870
0.002879 0.308272 -0.000010 0.000002 0.000650 0.001065 0.007764 0.082563 0.014194 0.000233 0.004132 0.007012 0.071586 0.086380 0.181792 0.131883 0.019207 0.007697 0.000025 0.000007 0.000000 0.000912 0.000012 0.038189 -0.099733 0.577386 0.697416 0.821936 1.137491 0.333821 1.771971 2.163179 1.726055 1.815092 0.006928 0.011986 0.613196 0.958028 0.016277 0.000000 0.000000 0.558107 0.636972 0.460367 1.098116 1.372877 1.534297 0.554349 0.605344 0.762162 0.823586 0.863592 0.949598 1.025852 0.473877 0.012539 0.008796 0.010308
0.003902 0.276530 0.131925 0.000301 0.000941 0.002699 0.003966 0.015875 0.013436 0.000455 0.001688 0.001182 0.015529 0.001077 0.248105 0.020221 0.042450 0.021134 -0.000002 -0.000082 -0.001647 -0.000040 -0.000011 0.195740 0.216233 0.365664 0.042206 0.417461 0.878086 0.170042 1.895883 2.010571 2.096440 2.363583 0.282922 0.031804 0.045091 1.149788 0.046610 0.008814 -0.029817 0.595417 0.580739 0.401297 0.439282 0.836489 0.935872 0.516738 0.482520 0.797982 0.917287 1.052041 1.244821 1.727345 0.895221 0.098577 0.032714 0.061795
0.004421 0.048164 0.115157 0.001342 0.000626 0.002833 0.000331 0.000267 0.000092 0.000003 0.001741 0.001787 0.004819 0.000558 0.259660 0.039052 0.056531 0.041169 -0.000050 -0.001097 -0.004829 -0.002287 0.106258 0.393700 0.361575 0.004421 0.005168 0.027919 0.453095 0.002826 1.682966 2.037702 2.024945 2.272976 0.550959 0.043354 0.079426 1.077022 0.310900 0.009298 0.234737 0.614304 0.557301 0.030563 0.402165 0.332268 0.832276 0.466375 0.159605 0.546943 0.705526 1.166683 1.163213 1.926603 0.838719 0.180670 0.043519 0.095685
0.024887 0.002724 0.088533 0.001121 0.000109 0.000183 0.000300 -0.000142 -0.000106 -0.011291 -0.001822 0.000055 0.000055 0.000290 0.058847 0.049381 0.124086 0.146784 -0.083217 -0.001412 -0.010404 -0.013944 0.287195 0.342565 0.146175 0.003425 0.004992 0.012540 0.023793 -0.320199 1.557521 2.099806 1.472595 2.288082 0.989471 0.286471 0.592094 1.077059 0.435392 0.128961 0.275890 0.660330 0.068062 0.077415 0.052840 0.295305 0.798983 0.331262 -0.023132 0.419271 0.655124 1.159076 1.551503 1.955777 0.889213 0.244137 0.068927 0.126591
0.021194 0.007982 0.034823 0.003811 0.000625 0.000129 -0.000209 -0.002891 -0.006592 -0.187838 -0.000465 -0.000055 -0.000055 0.001422 0.000895 0.036575 0.121102 0.149095 0.010080 -0.092508 0.000024 0.001670 0.372810 0.184735 0.003313 0.001450 0.003460 0.006437 0.006853 -0.436181 1.363101 2.034799 1.313896 2.057182 1.507146 0.324372 0.733388 1.229320 0.666991 0.120675 0.257719 0.068873 0.120630 0.123922 0.086563 0.366375 0.735207 0.255346 -0.194100 0.266042 0.534013 1.121854 1.749566 2.468038 0.985226 0.314694 0.080412 0.147583
0.005223 0.002244 0.002152 0.002046 0.001903 -0.000062 -0.000181 -0.000809 -0.003394 -0.193491 -0.001745 -0.000558 -0.001844 -0.000784 0.000180 0.016261 0.096348 0.104295 0.007288 -0.030276 -0.000024 0.000018 0.366335 0.003365 0.000104 0.000402 0.000183 0.002098 0.007905 -0.305958 0.806519 1.803620 1.416863 1.765869 1.668144 0.657227 0.981524 1.437135 0.910192 0.161051 0.018547 0.000000 0.176265 0.173036 0.136218 0.117910 0.114637 0.056100 -0.187094 0.366948 0.657168 1.404745 1.980398 2.261842 1.295072 0.527555 0.161205 0.189952
0.000024 0.001728 0.000238 -0.000596 -0.002188 -0.000219 -0.000247 -0.000261 -0.025532 -0.181614 -0.001874 -0.000603 -0.002083 -0.001650 -0.001178 0.036955 0.091964 0.079134 0.007267 -0.020646 -0.002293 0.048213 0.360322 0.012438 -0.000040 0.000179 0.000013 0.000026 0.004258 0.003047 0.055122 1.049589 1.271216 1.772630 1.679120 1.615757 1.833420 2.862204 1.215599 0.098792 0.000065 0.126033 0.185080 0.194849 0.136753 0.133314 0.138673 0.000172 0.000282 0.072843 0.155005 1.021422 1.215633 2.776781 1.016703 0.375023 0.008917 0.067397
-0.000024 -0.002268 -0.002230 -0.002487 -0.003111 -0.000187 -0.000192 -0.000142 -0.075400 -0.217162 -0.003320 -0.000250 -0.000792 -0.005089 -0.005620 0.094377 0.069805 0.106266 0.097442 -0.003630 0.004901 0.237807 0.292880 0.048754 0.086742 -0.000179 -0.000173 -0.000028 0.000074 0.000135 0.003968 0.032744 0.637572 1.409700 0.914176 1.438419 2.076073 3.318254 1.657167 0.211811 0.000156 0.180135 0.802866 0.648729 0.103790 0.095153 0.100546 0.000011 0.000138 0.000902 0.289746 1.242787 1.270281 1.908929 1.186216 0.063376 0.004722 0.000000
-0.001366 -0.001513 -0.019209 -0.016008 -0.015440 -0.012848 -0.001996 -0.000306 -0.120173 -0.251586 -0.004604 0.000179 0.000859 0.001083 0.000521 0.054310 0.074894 0.000120 0.000096 0.000003 0.024802 0.267295 0.018200 0.001532 0.002673 0.000062 -0.000173 -0.000719 -0.000075 0.000084 0.000001 0.014260 0.072000 1.261472 0.520334 0.990151 1.488177 3.600585 3.142056 1.184560 0.000568 0.262377 0.262537 0.158598 0.079095 0.066082 0.068833 -0.000170 -0.000281 0.235215 1.170554 1.804968 1.278674 1.841910 0.307698 0.000238 0.000298 0.010022
-0.001096 -0.007942 -0.012098 -0.128390 -0.137429 -0.045497 -0.061902 -0.029928 -0.191551 -0.301192 -0.004005 0.000173 -0.000179 0.000552 0.000087 0.000004 -0.000001 -0.000097 -0.000090 -0.103437 0.050616 0.042114 0.000000 0.000000 0.000000 -0.000033 -0.000071 -0.000317 -0.004398 -0.000237 0.007589 0.048521 0.054696 0.298344 0.001402 0.124545 1.644229 3.299227 3.615015 2.398765 0.229199 0.306787 0.292124 0.164895 0.001550 0.002019 0.000642 0.065599 0.100346 0.940960 1.229846 1.660189 1.006436 1.735074 0.337009 0.000305 0.000244 0.000065
-0.000649 -0.022435 -0.003748 -0.096058 -0.101576 -0.147489 -0.069589 -0.035054 -0.086906 -0.095045 0.000026 -0.000528 -0.001555 -0.001115 -0.000489 -0.044342 -0.011853 -0.000811 0.058052 -0.035747 0.027955 0.042071 -0.019268 -0.001437 -0.002267 -0.000257 0.001871 -0.008127 -0.016024 0.000927 0.005050 0.053678 0.168392 0.062487 0.000989 0.003005 0.292872 3.574707 4.359882 2.846320 0.528112 0.300910 0.281730 0.001948 0.003351 0.003902 0.000765 0.060893 0.126342 1.059343 1.318455 0.412082 0.393061 1.730890 0.367551 0.000072 -0.000338 -0.000091
-0.008668 -0.001633 -0.075540 -0.086741 -0.089273 -0.072640 -0.018900 -0.019967 -0.056364 -0.060618 -0.000173 -0.000833 -0.001232 -0.000796 -0.149000 -0.034966 -0.009817 0.000070 0.075520 -0.010181 0.007877 0.020599 -0.012750 -0.082601 -0.068035 -0.004377 0.000907 -0.008447 0.003427 0.008146 0.003906 0.028149 0.125745 0.112302 0.000055 0.000055 0.000186 3.022009 3.785987 2.668537 0.730293 0.651812 0.254016 0.003217 0.002360 0.003988 0.000043 0.054646 0.154353 1.116184 1.237142 0.777179 0.808808 1.526379 0.344021 -0.000013 0.061803 0.035896
-0.015614 -0.012796 -0.573139 -0.228687 -0.199160 -0.045944 -0.024426 -0.027355 -0.017190 -0.119729 -0.003357 -0.007499 -0.002677 -0.004929 -0.199567 -0.013137 0.000168 0.000619 0.093691 0.006682 0.001971 0.000402 0.000132 -0.036808 -0.023865 -0.001326 -0.000986 -0.002886 0.003477 0.001735 0.001844 0.000840 0.000673 0.005627 -0.000055 -0.000055 0.000527 2.179509 3.609220 3.176120 0.943689 0.683839 0.282787 0.003377 -0.001658 0.000019 -0.000019 0.000057 0.213946 0.993589 1.461650 0.963543 0.861805 1.696207 0.445696 -0.031103 0.056004 0.035195
-0.017694 -0.341900 -0.484737 -0.180642 -0.130807 -0.024488 -0.025182 -0.069444 -0.088755 -0.176326 -0.077670 -0.018568 -0.001050 -0.202298 -0.198727 -0.002696 0.000026 0.001133 0.002484 0.002269 0.001380 0.000337 -0.000013 -0.031716 -0.028379 0.000000 -0.001155 0.032643 0.000378 -0.001024 -0.001508 -0.000743 -0.000561 0.000000 -0.002648 -0.001596 0.163042 1.994902 2.708689 2.831252 1.109124 0.812037 0.277999 0.115126 -0.000513 -0.000043 -0.008421 -0.000494 0.276942 0.833445 1.189885 0.836781 0.797741 1.659800 0.547354 0.036463 0.080953 0.054131
-0.005917 -0.306711 -0.636883 -0.188093 -0.000829 -0.013094 -0.017654 -0.021493 -0.352373 -0.067700 0.012959 0.017892 -0.000231 -0.198695 -0.172593 -0.001210 0.001480 0.000784 0.003999 0.002991 0.000824 -0.000220 -0.012753 -0.030497 -0.028728 -0.007596 -0.000601 0.000888 -0.002041 -0.002034 -0.011033 -0.059117 -0.051757 -0.000505 -0.005657 -0.325339 0.415746 2.529452 2.814766 3.208977 1.550804 1.117050 0.786994 0.519346 0.017158 -0.001170 -0.071300 0.057495 0.242146 0.773402 1.143807 0.670951 0.839891 1.722153 0.533707 0.077949 0.102166 0.073461
-0.002970 -0.337048 -0.855256 -0.000039 -0.001022 -0.005937 -0.006654 -0.300971 -0.335527 -0.160476 0.013269 0.019295 -0.057822 -0.186260 -0.485250 0.101722 0.019166 0.000919 0.172883 0.027071 -0.000115 -0.001538 -0.019189 -0.027955 -0.022741 -0.007822 -0.003801 0.000490 0.000858 -0.000427 -0.005319 -0.127889 -0.590216 -0.417269 -0.395771 0.168525 0.403122 1.712664 1.829347 2.072041 1.526360 1.214041 0.963882 0.873494 0.312469 -0.446926 0.029278 0.092671 0.438359 1.038196 1.090902 0.671704 0.663405 1.335456 0.559975 0.140363 0.203957 0.082706
-0.001115 -0.000036 -0.698781 -0.255442 -0.178933 -0.089249 -0.122547 -0.288516 -0.302763 0.001255 0.008338 0.002623 -0.058860 -0.150018 -0.005824 0.001981 0.002726 0.000176 0.015685 -0.002236 -0.000974 -0.000044 -0.022762 -0.020159 -0.014137 -0.004715 -0.002766 0.000159 0.000263 0.000731 -0.000871 -0.041258 -0.467361 -0.115918 -0.019609 0.211396 0.403333 1.569995 1.719119 1.106701 1.430487 1.224421 1.180954 1.348924 0.643889 -0.141967 0.231613 0.289754 0.590455 0.941258 1.033217 0.712324 0.546964 1.353322 0.540706 0.226736 0.116843 0.107971
-0.000269 -0.014439 -0.912066 -0.987945 -0.743639 -0.061839 -0.072488 -1.145828 -0.132793 -0.001813 0.000064 0.000098 -0.094701 -0.128081 0.000053 0.000129 0.000171 0.000290 0.000009 -0.001981 -0.000933 -0.013248 -0.010602 0.136863 0.004275 -0.131862 -0.001333 0.000512 -0.000729 0.000930 0.000944 0.017644 -0.340569 0.010182 0.148509 0.230216 0.440725 1.708288 1.516439 0.987453 0.313892 0.735836 1.072257 1.439923 0.864238 -0.007329 0.358378 0.415256 0.730314 0.916817 0.986897 0.513643 0.174599 0.950469 0.710909 0.477089 0.121269 0.096609
0.005253 -0.014180 -0.545603 -0.919376 -0.403228 -0.404473 -0.388907 -0.930804 0.031939 -0.000000 -0.000049 -0.000062 -0.111653 -0.078521 0.000046 0.000090 0.000095 -0.000096 -0.000171 -0.004225 -0.021235 -0.043202 -0.003191 0.002673 0.019075 -0.108181 -0.092612 -0.014206 -0.011775 -0.001369 0.003342 0.013597 -0.292966 0.122463 0.237774 0.159608 0.290576 1.470606 1.281913 1.258058 0.327265 0.724013 0.632267 1.106902 0.859759 0.048106 0.356171 0.502153 0.684443 0.860228 0.909125 0.482476 0.266002 0.806903 0.593535 0.477073 0.229986 0.056084
0.013662 -0.064865 -0.823324 -0.811646 -0.565053 -0.441882 -0.399694 -0.665629 0.127131 -0.001662 -0.002931 -0.000081 -0.049300 -0.234214 -0.000023 -0.000101 -0.000164 -0.000219 -0.000214 -0.008363 -0.123125 -0.004829 -0.000279 0.000039 0.001724 0.000028 -0.212839 -0.087674 -0.024470 -0.031533 -0.004996 0.048729 0.048002 0.463449 0.437169 0.031193 0.336520 1.242812 1.291042 1.313612 0.781547 0.728901 0.828847 1.063002 0.626738 0.077461 0.364931 0.480932 0.676303 0.801108 0.833609 0.441164 0.239475 0.734559 0.583810 0.519523 0.336432 0.063299
