use_cases/Flooding_chicago/flooding_data/output/hUy_840.asc
ncols 337
nrows 393
xllcorner 428428.000000
yllcorner 4602440.000000
cellsize 26.757400
NODATA_value -9999.000000
[rows 130 to 155 of 393, columns 116 to 173 of 337]
-0.056641 -0.126354 0.001234 0.001129 0.007399 -0.178324 -0.211150 -0.544400 -0.503253 -0.338801 -0.539128 -0.311106 -0.638393 -1.302398 -1.804888 0.055607 0.189347 -0.730490 -0.544889 0.094217 0.001071 0.000328 0.000170 0.000227 -0.001521 -0.043084 -0.108219 -0.103746 -0.022505 -0.043958 -0.067222 0.000222 -0.021274 -0.138854 -0.027037 -0.024565 -0.016385 -0.013547 -0.000240 -0.000150 0.000000 0.000000 -0.000069 -0.000066 0.000047 0.000146 0.003158 0.239599 0.234723 0.031314 0.016923 0.027930 0.036739 0.025823 0.030516 0.026455 0.025516 0.033730
-0.022666 -0.126993 0.001278 0.001579 0.009830 0.309152 -0.254154 -0.208639 -0.253921 -0.183773 -0.375262 -0.319094 -0.614474 -1.148941 -1.066754 -0.045788 0.123857 -0.590149 -0.563744 0.163864 0.168384 -0.000033 -0.000149 -0.000462 -0.001009 -0.008056 -0.531707 -0.041843 -0.084548 -0.021924 -0.036534 -0.000222 -0.005105 -0.033163 -0.494802 -0.046882 -0.049541 -0.014733 -0.014086 -0.001443 -0.010881 -0.009050 -0.015672 -0.006182 -0.000443 0.000124 0.007547 0.112573 0.107970 0.037146 0.016290 0.018830 0.031350 0.017935 0.029764 0.012587 0.013969 0.001976
-0.065686 -0.140763 0.000113 0.000843 0.000414 0.371675 -0.189755 -0.130135 -0.205583 -0.132831 -0.010398 -0.358388 -0.606152 -1.042128 -0.966981 -0.180338 -0.025720 -0.318824 -0.453864 0.201297 0.376750 -0.040322 -0.090182 0.068328 -0.005409 0.008925 -0.305120 -0.027808 -0.604536 -0.088726 -0.018848 -0.006412 -0.002959 -0.192823 -0.240898 -0.278237 -0.060749 -0.033045 -0.026770 -0.009448 -0.017085 -0.020062 -0.036573 -0.023542 -0.041511 0.000000 0.002822 0.030260 0.065357 0.033062 0.000605 0.007410 0.014215 0.009476 0.016527 0.000347 0.000008 -0.000173
-0.204012 -0.209114 -0.001497 -0.001684 -0.000495 0.000540 0.000154 0.133127 -0.004601 -0.003147 0.001152 0.003961 -0.488723 -1.109509 -1.230810 -0.239201 -0.052383 -0.253422 -0.316204 0.216511 0.332828 -0.058757 -0.484411 0.033398 -0.059498 -0.069655 -0.144743 0.093710 -0.452146 -0.007515 -0.006198 -0.017053 -0.005095 0.001036 -0.220344 -0.184077 -0.404130 -0.060605 -0.029893 -0.015948 -0.018227 -0.026822 -0.037910 -0.041594 -0.097745 -0.027475 -0.000329 0.002676 0.024995 0.011018 0.000294 0.000093 0.000091 0.000000 0.000000 -0.000178 -0.005152 -0.021789
-0.303842 -0.277671 -0.001315 -0.001523 -0.008214 -0.000049 0.012873 0.001468 -0.002317 -0.000708 0.000956 0.003687 -0.045530 -0.863912 -1.031569 -0.425472 -0.117590 -0.188693 -0.026086 0.355857 0.387534 -0.250622 -0.261920 -0.019479 -0.020494 -0.037735 0.016271 0.056994 -0.268826 0.111442 -0.002567 -0.003539 -0.004679 -0.000678 -0.000042 -0.000002 -0.343600 -0.314663 -0.032653 -0.017867 -0.019124 -0.048479 -0.010730 -0.049596 -0.135565 -0.099360 -0.010401 -0.000201 0.000102 0.000098 -0.000002 -0.000144 -0.000852 -0.011185 -0.008591 -0.010178 -0.016174 -0.044500
-0.123450 -0.240808 -0.100669 -0.069543 -0.049243 -0.003487 0.028389 -0.000654 0.167591 -0.170900 -0.098373 0.035921 0.088164 -0.456140 -0.873929 -0.462717 -0.422912 -0.307619 0.088458 0.317360 0.297696 -0.204309 -0.082188 0.022285 0.000637 0.000959 0.093194 -0.036872 -0.034119 0.166366 -0.000911 0.000000 -0.003840 -0.001843 -0.026180 -0.014754 -0.685775 -0.679848 -0.056353 -0.021653 -0.035260 -0.044725 -0.021352 -0.053928 -0.179914 -0.155679 -0.033143 -0.000688 -0.000224 -0.001324 -0.013548 -0.009762 -0.008292 -0.023370 -0.016081 -0.022099 -0.026321 -0.027811
0.000000 -0.135517 -0.085144 -0.153921 -0.065007 -0.029572 0.022798 0.045338 0.172011 -0.101613 0.094667 0.448752 0.321989 -0.357187 -0.416921 -0.285169 -0.304536 -0.356644 0.254214 0.353523 0.323854 -0.179185 0.129334 0.068840 0.128441 0.117935 0.167202 -0.032523 0.001732 0.014441 0.000178 -0.006185 -0.051926 -0.045226 -0.442405 0.029570 -0.500028 -0.357000 -0.013532 -0.006100 -0.012935 -0.013949 -0.039970 -0.027901 -0.303870 -0.284211 -0.017423 -0.000737 -0.009146 -0.006060 -0.071886 -0.018567 -0.025213 -0.015883 -0.020873 -0.024678 -0.021257 -0.028967
-0.067805 -0.055435 -0.031013 -0.140345 -0.026649 -0.003984 0.048568 0.221852 0.153066 -0.110245 0.120014 0.379140 0.208608 -0.107471 -0.316186 -0.236127 -0.391794 -0.264567 0.017485 0.011163 0.378589 -0.026082 0.253632 0.032682 0.284817 0.508541 0.283637 0.001900 0.001204 -0.000009 -0.000430 -0.022196 -0.173946 -0.448701 -0.207715 0.192687 -0.416246 -0.215450 -0.005527 -0.003540 -0.006895 -0.005184 -0.008652 -0.003054 -0.612572 -0.407954 -0.001954 -0.018858 -0.019630 -0.008884 -0.112770 -0.029950 -0.020591 -0.036064 -0.026386 -0.031748 -0.032916 -0.043913
-0.164255 -0.077341 -0.048582 -0.024475 -0.019112 0.007864 0.071145 0.430825 0.114862 -0.175187 0.145977 0.529814 0.262554 -0.006254 0.022126 -0.207518 -0.303689 -0.441838 0.000848 0.001314 0.022039 0.197084 0.021587 0.001695 0.238485 0.711054 0.421426 0.000547 -0.002532 -0.011707 -0.115131 -0.194981 -0.044030 -0.222951 -0.111716 0.319574 -0.433670 -0.141533 -0.001662 -0.001484 -0.028567 -0.024179 -0.005543 -0.000924 -0.386746 -0.158028 -0.024541 -0.108386 -0.036454 -0.027359 -0.096063 -0.061748 -0.015655 -0.059730 -0.054442 -0.020095 -0.030662 -0.108357
-0.085477 -0.053805 -0.048298 -0.005744 0.012190 0.101528 0.124279 0.752089 0.100289 -0.187563 0.149469 1.118091 0.357203 0.036171 0.005397 0.001232 -0.280210 -0.446733 0.000157 0.000929 0.001235 0.063658 0.001206 0.003701 0.003136 0.405025 0.423184 -0.072388 -0.464410 -0.079011 -0.240997 -0.078907 -0.013859 -0.135624 0.009065 0.590060 -0.409136 0.004025 0.003464 -0.010853 -0.113986 -0.223642 -0.028398 -0.004769 -0.388161 -0.201516 -0.010836 -0.048592 -0.136479 -0.031590 -0.063418 -0.063029 -0.418377 -0.496841 -0.453538 -0.013431 -0.039106 -0.002548
0.000002 -0.015286 -0.030944 -0.009638 0.108779 0.230118 0.188124 0.156460 0.162234 -0.291804 0.196922 1.211399 0.265712 0.054670 0.015043 0.000069 -0.194883 -0.261155 -0.000741 -0.001242 -0.000310 0.000269 -0.000103 0.003455 0.007686 0.306322 0.423340 -0.020810 -0.527890 0.068460 0.334799 0.132199 0.189168 0.343519 0.031163 0.975558 -0.101280 0.018713 0.019559 0.022902 0.010439 -0.011341 -0.006010 -0.116656 -0.680486 -0.054056 0.025358 -0.042350 -0.152860 -0.106096 -0.080528 0.164619 1.171664 0.509711 -0.220483 -0.565412 -0.011326 0.949777
-0.007491 -0.015902 0.137175 0.084690 0.151057 0.098691 0.054564 0.021933 0.022007 -0.281820 0.362599 1.435153 0.282391 0.115078 0.028005 -0.125376 -0.222925 -0.152216 0.238681 -0.020783 -0.001338 -0.001008 -0.053640 0.004125 0.016234 0.015204 1.434436 0.117231 -0.346994 0.498124 0.861661 0.084333 0.090738 0.062433 0.013452 0.017881 0.131818 0.012504 0.021858 0.016578 0.161065 0.221990 0.011312 -1.685774 -0.498703 0.113113 0.096147 0.167020 -0.174867 0.167477 0.028951 0.152478 0.190971 0.159383 -0.382304 -0.664468 0.010467 0.244309
0.018378 0.065079 0.734729 0.120229 0.348127 0.051452 0.016842 0.006869 0.021116 0.027411 0.463691 1.875105 0.428366 0.052651 0.044462 -0.132731 -0.049988 -0.085193 0.583852 -0.184377 0.028849 -0.111438 -0.049812 0.009680 0.043889 0.051996 0.091090 0.508100 -0.130037 0.845227 0.031407 0.046727 0.070552 0.022981 0.013223 0.006653 0.052250 0.012289 0.009545 0.012849 0.022599 0.038876 0.024997 0.221139 -0.089104 0.408821 0.411923 0.669986 0.269130 0.464639 0.054076 0.006941 0.001551 0.001243 -0.280335 -0.667259 0.030403 0.081253
0.146057 0.156694 0.575502 0.195331 0.125252 -0.020538 -0.031392 -0.021604 -0.002937 0.068213 0.489768 1.478026 0.133627 0.098003 0.071239 -0.039250 0.218342 0.091143 0.588590 0.036022 0.103925 0.069520 0.038032 0.033572 0.030956 0.047097 0.071184 0.104985 0.091526 0.093160 0.006225 0.044936 0.056487 0.010511 0.000600 0.001970 0.003101 0.001737 0.000080 0.000545 0.004741 0.032629 0.012752 0.029110 0.143423 0.131293 0.152699 0.234416 0.128257 0.078999 0.008057 0.001249 0.000927 0.001184 -0.066646 -0.406027 0.020038 0.086683
0.168000 0.032239 0.059171 0.023315 0.010363 -0.043574 -0.248848 -0.221311 -0.003626 -0.000165 -0.000005 1.444424 0.846958 0.140202 0.118837 0.137800 0.741436 0.028948 0.059031 0.056775 0.005501 0.110792 0.010380 0.012366 0.029044 0.024006 0.053052 0.072317 0.059210 0.036750 0.021628 0.020169 0.025358 0.001129 -0.000285 0.000108 0.003489 0.001574 -0.000511 0.000287 0.000408 0.019305 0.002065 0.000749 0.000758 0.009237 0.017647 0.304148 0.001200 0.000704 0.000554 0.000817 0.000685 0.014220 0.053917 -0.313004 0.012304 0.064770
0.010225 0.000317 0.005737 0.021372 0.011975 -0.013796 -0.092495 -0.295588 -0.035017 -0.050324 -0.092376 1.636783 1.097552 0.323357 0.344119 0.064172 0.110473 0.012267 0.022864 0.017763 0.000389 0.000021 0.000489 0.000326 0.013007 0.003111 0.021507 0.021873 0.130021 0.102897 0.010329 0.001728 0.001612 -0.000144 -0.008462 -0.001233 0.002925 0.001751 -0.000898 -0.000293 -0.000470 -0.000040 -0.000285 0.000218 0.002705 0.015031 0.038416 0.301670 0.005984 0.001108 0.000247 0.000331 0.000697 0.005489 0.009404 -0.265413 0.008367 0.046036
0.000000 -0.000015 0.029762 0.020928 0.010277 -0.002822 0.236510 -0.002510 0.084465 0.033020 0.054186 1.170725 0.837388 0.211312 0.203046 0.034157 0.000391 0.000346 0.000584 0.000079 -0.001880 -0.017771 -0.000201 -0.000208 -0.000003 0.001046 0.000690 0.009855 0.079026 0.083502 0.000681 0.000848 -0.001759 -0.003974 -0.007571 -0.021914 0.000360 0.000360 -0.001103 -0.000410 -0.018138 -0.011733 -0.024140 -0.003434 0.008952 0.012621 0.094514 0.136952 0.019803 0.003541 -0.000569 -0.000393 0.000189 0.000346 0.003177 0.017547 0.023506 0.038145
-0.008618 -0.000274 0.071220 0.034832 0.009427 -0.000537 0.355045 0.360457 0.315428 0.166388 0.504327 1.181531 0.915208 0.158379 0.210319 -0.258271 -0.000195 -0.000424 -0.000944 -0.001019 -0.207129 -0.128135 0.197290 -0.014043 -0.021228 -0.001043 0.000657 0.001995 0.055357 0.038460 -0.000401 -0.002154 -0.002238 -0.017424 -0.044243 -0.076778 -0.000360 -0.000360 -0.000467 -0.000419 -0.044022 -0.033341 -0.128927 -0.002750 0.001569 0.042180 0.031829 0.032734 0.017886 0.011983 -0.003068 -0.021199 -0.002846 -0.000660 0.011094 0.002490 0.007604 0.003127
0.251086 -0.127048 0.085200 0.026752 -0.000557 -0.002103 0.542159 0.706775 0.511429 0.274356 0.299819 0.593627 0.355536 0.027814 -0.040511 -0.214396 0.018347 0.028148 0.065001 -0.082743 -0.173745 0.000497 0.311861 -0.034916 -0.045986 -0.010445 -0.000263 0.002530 0.017228 0.002901 -0.000973 -0.001694 -0.001876 -0.028813 -0.095250 -0.113147 -0.012422 -0.015495 -0.009158 -0.000867 -0.037087 -0.135605 -0.138102 -0.001284 0.001182 0.013562 0.006173 0.004866 0.024783 0.009565 -0.000084 -0.104206 -0.090837 -0.072554 0.004319 0.000005 0.004491 0.000932
0.361045 -0.116286 -0.010423 -0.009244 -0.078667 -0.007844 0.723409 0.952365 0.603879 0.146636 0.143804 0.193246 0.027586 -0.088954 -0.050006 0.120711 0.000498 0.000379 0.112595 -0.066760 0.002462 0.008647 0.444375 -0.385674 -0.354014 -0.027930 -0.006685 0.000487 0.000774 -0.001034 -0.016620 -0.014093 -0.002625 -0.021492 -0.089311 -0.149117 -0.074964 -0.024677 -0.021714 -0.011935 -0.000460 -0.084584 -0.159533 -0.154932 -0.000012 0.000222 0.007198 0.007484 0.006776 0.000222 0.000103 -0.028425 -0.290602 0.124339 0.012869 -0.017003 -0.005440 -0.002014
0.419624 0.077613 0.027756 -0.033655 0.390510 0.907299 1.560015 1.030057 0.011478 0.012079 0.007708 0.004505 0.023516 -0.007384 -0.018011 0.000373 -0.000263 -0.000140 0.000011 0.000227 0.003460 0.000000 0.057880 0.039882 0.009265 -0.058057 -0.014300 0.000048 0.001263 -0.000930 -0.038430 -0.043622 -0.024983 -0.005509 -0.023922 -0.115164 -0.349822 -0.364265 -0.022885 -0.024401 -0.001402 0.000466 -0.695675 -0.120001 0.000103 -0.000222 -0.001102 0.000952 0.001230 -0.000222 -0.000103 -0.013849 -0.040964 0.128157 0.056840 -0.007165 -0.021604 -0.045848
0.064442 0.000000 0.000000 0.581642 0.525730 0.503218 0.540498 0.525262 0.017316 0.022629 0.010290 0.006572 0.002485 0.008802 -0.000028 -0.000730 -0.001623 -0.126513 -0.012382 -0.027743 0.000974 0.003268 0.000000 0.033723 0.016717 0.001037 0.000322 0.000182 0.000340 0.035847 -0.020678 -0.108005 -0.092391 -0.007835 -0.031746 -0.119652 -0.261063 -0.322924 -0.028996 -0.030201 -0.005066 0.000207 -0.249113 -0.142675 -0.001000 -0.004619 -0.007122 -0.005860 -0.005435 -0.011434 -0.010500 -0.014644 -0.028063 0.007148 0.005094 -0.003083 -0.007997 -0.075737
0.000000 -0.005237 0.036510 1.144757 0.048098 0.028120 0.054480 0.102645 0.053040 0.055396 0.002542 0.001394 0.001532 0.000094 0.091765 -0.089346 -0.154240 -0.004975 -0.089688 -0.188052 -0.001822 -0.003300 -0.009729 0.010268 0.003642 0.001879 0.000630 0.000245 -0.000000 0.006523 -0.001042 -0.083446 -0.200553 -0.132935 -0.129842 -0.036928 -0.151764 -0.165457 -0.336669 -0.008688 -0.005083 -0.001365 -0.206084 -0.139803 -0.001633 -0.004389 -0.006114 -0.006623 -0.004453 -0.029911 -0.736022 0.056733 -0.005767 0.000000 0.000000 0.000073 -0.001665 0.008581
-0.063563 0.018889 1.235067 1.484954 0.007424 0.021289 0.016644 0.074388 0.027307 0.017458 0.004349 0.001448 -0.000082 0.093172 0.079106 -0.111095 -0.427431 -0.030628 -0.138152 -0.072348 -0.008472 -0.008745 -0.015045 0.001625 0.002399 0.000614 0.002144 0.000111 -0.000340 0.000332 0.010591 -0.014249 -0.338745 -0.271794 -0.050500 0.000222 -0.190646 -0.083175 -0.680047 -0.003454 -0.004400 -0.001605 -0.093099 -0.258436 -0.230596 -0.170461 -0.022448 -0.003409 -0.002297 -0.463870 -0.295053 0.282223 0.122330 -0.010175 -0.004212 -0.000144 0.001617 0.131648
0.058523 0.087601 0.413489 0.362081 0.019046 0.050917 0.039447 0.030947 0.000360 0.000360 0.002075 -0.000002 -0.000489 0.165392 0.055215 -0.141780 -0.167655 -0.138802 -0.138589 -0.070291 -0.006275 -0.006596 -0.013917 -0.000739 0.001268 0.001748 0.021142 -0.000202 -0.001265 0.000365 0.007823 -0.001768 -0.302974 -0.201714 -0.014047 -0.000222 -0.155582 0.058416 -0.157825 -0.076729 -0.001881 -0.010525 -0.074865 -0.765781 -0.972693 -0.304191 0.008220 -0.006471 -0.002238 -0.025501 -0.019930 0.214269 0.334832 -0.055377 -0.007710 0.033401 0.026122 0.400909
0.307429 0.004697 0.011917 0.001014 0.019721 0.516474 0.014765 -0.099336 -0.000360 -0.000360 -0.000848 -0.001167 -0.000735 0.304833 0.080866 -0.091864 -0.163116 -0.169751 -0.161966 -0.111116 -0.008886 -0.060273 -0.009147 -0.005220 0.014914 0.015939 0.008289 -0.000607 -0.001145 -0.000362 -0.000008 0.000097 -0.217859 -0.163941 -0.102691 -0.450493 -0.089051 0.000000 -0.112211 -0.067000 -0.029748 -0.139761 -0.136589 -0.302830 -0.631167 -0.058439 0.064879 -0.349593 -0.006576 0.164041 0.237276 0.176520 0.248280 0.045272 -0.017460 0.010887 0.009507 0.025097
