use_cases/Flooding_chicago/flooding_data/output/hUy_1920.asc
ncols 337
nrows 393
xllcorner 428428.000000
yllcorner 4602440.000000
cellsize 26.757400
NODATA_value -9999.000000
[rows 208 to 233 of 393, columns 232 to 289 of 337]
0.001515 -0.002027 -0.006554 -0.002176 -0.040177 -0.026088 -0.013810 -0.004749 -0.037112 -0.019723 0.184614 -0.341632 0.787320 1.202119 1.365425 1.276439 0.890861 1.002688 1.077917 -0.030672 0.067577 0.145404 0.294580 0.392051 0.172692 0.623385 0.109858 -0.122969 -0.207270 -0.189359 0.350560 0.851706 1.844380 1.499457 1.263468 0.855601 0.093585 -0.000630 -0.003946 -0.010194 -0.021092 0.113576 0.591524 0.284371 1.346624 1.952058 1.888211 0.921202 1.015246 0.952579 -0.000788 0.000006 0.733500 -0.065854 0.216448 -0.090347 -0.071665 0.120050
-0.000323 -0.001748 -0.003458 -0.026170 -0.469773 -0.065497 -0.006925 -0.003007 -0.013189 -0.008507 0.616758 0.415474 1.605055 1.178544 1.646539 1.127926 0.765355 1.466890 1.292689 -0.263708 -0.576859 -0.141253 0.276210 0.481807 0.101203 1.172738 0.360386 -0.054265 -0.187452 -0.369468 0.317918 0.911464 1.520856 1.248893 1.074035 0.625186 0.011647 0.002148 -0.021687 -0.046429 -0.026078 0.213205 0.600081 0.441725 1.496960 1.640986 1.938500 0.978794 1.059472 1.018576 0.000534 0.002756 0.029315 -0.075478 0.453907 0.370379 0.413725 0.014021
-0.005128 -0.001239 -0.001618 -0.519308 0.240926 0.082045 0.025648 -0.006712 0.522583 0.902534 1.014375 1.003982 1.701970 0.994201 0.922278 0.705374 0.085188 1.285024 0.710196 0.162698 -0.045141 -0.147779 0.371621 0.712162 0.736262 0.867649 0.442814 -0.068239 -0.211821 -0.126855 0.259055 0.533014 0.648339 1.002413 0.580530 0.504462 0.009521 0.003978 -0.002727 -0.005782 0.084783 0.187150 0.811851 0.555649 1.682759 0.911392 1.109777 1.067026 1.109240 1.081380 0.000003 0.000208 0.008046 0.005612 0.097712 0.056809 0.074349 0.000790
-0.308211 -0.069702 0.004036 0.264807 0.820559 0.705590 0.381064 0.180821 0.546245 1.333026 1.254313 1.531566 1.596508 1.053662 0.741077 0.210411 0.103038 1.215390 0.102142 0.018845 -0.008572 0.033529 0.726653 1.290390 0.243194 0.146062 0.028656 -0.253958 -0.270220 0.097921 0.279309 0.400321 0.427806 0.870512 0.493009 0.013462 0.010003 0.000965 0.000473 0.000013 0.082076 0.278693 0.718034 0.606442 0.875656 0.991330 1.088227 1.032584 1.767042 1.047140 0.004879 -0.000326 0.010461 0.009307 0.006998 0.049819 0.001392 -0.000115
-0.076865 0.020120 0.020312 0.603732 0.727064 0.584796 0.263976 0.240022 0.237730 0.601634 0.614524 0.660415 0.661826 1.251642 0.461264 0.285014 0.020628 0.782076 0.073585 -0.000513 -0.015461 0.111205 0.835878 1.384136 0.000767 0.000019 -0.003001 -0.109992 -0.241231 0.243515 0.348935 0.332313 0.258640 0.354916 0.392933 0.001229 0.000270 -0.000000 -0.000270 0.118918 0.188479 0.181211 0.128698 0.038336 0.892411 1.439615 1.494221 1.361423 1.399377 1.346754 0.012595 -0.000877 0.054358 0.001274 -0.018075 0.003058 0.000027 -0.000859
0.206789 0.115707 -0.004495 0.342527 0.328923 0.120203 0.194227 0.183526 0.223655 0.226521 0.583671 0.731374 0.853092 0.409924 0.455562 0.289894 -0.018911 0.607615 0.101557 0.347680 -0.158051 0.071963 0.866137 1.205347 0.000543 0.026483 0.000811 -0.276086 0.044933 0.406095 0.475774 0.298291 0.100754 0.068305 0.003281 -0.009127 -0.000473 -0.000965 -0.007880 0.182271 0.209628 0.235651 0.158846 0.576112 0.700469 1.208001 1.179132 1.384049 1.086917 0.960620 0.003889 -0.001198 0.060467 -0.008462 -0.030882 -0.002774 -0.003137 -0.007185
0.525933 0.389591 0.143414 0.230529 0.032520 -0.136365 -0.028741 0.071704 0.134934 0.217511 0.224782 0.807723 0.985000 0.118787 0.046999 0.034273 0.075236 0.754618 0.215364 0.722768 -0.273123 -0.012740 0.673844 1.565258 -0.000591 0.080457 0.143828 -0.009475 0.049651 0.495601 0.590916 0.321145 -0.078181 -0.328281 -0.008996 -0.007953 -0.054974 -0.006666 0.151389 0.705162 0.809838 0.689617 0.668992 0.594842 0.393613 1.153148 1.025869 1.288161 0.856229 0.749385 -0.008215 -0.001258 0.045125 -0.005342 -0.008762 -0.003977 -9999.000000 -9999.000000
0.913854 0.881031 0.493291 0.586567 0.245080 -0.026588 -0.057892 0.042102 0.076699 0.184405 0.289644 0.333507 0.315420 0.223262 0.001109 0.009880 0.001027 0.366145 0.318266 0.410798 -0.170229 0.199852 0.971181 1.109280 0.206365 0.102282 0.201743 0.464635 -0.065834 0.981601 0.529020 0.031945 -0.055180 -0.470322 -0.166442 0.091811 0.095658 0.018865 0.061223 1.164952 0.771670 0.722129 0.736947 0.086420 0.307881 1.203121 1.361331 0.966462 0.753249 0.305087 -0.009241 0.000000 0.000000 -9999.000000 -9999.000000 -9999.000000 -9999.000000 -9999.000000
0.016138 0.021003 0.130792 0.066625 0.073867 0.616277 0.546540 0.221215 0.089406 0.177405 0.276432 0.389910 0.371427 0.190764 0.000366 0.000000 0.000213 0.533619 0.570650 0.192678 0.064247 0.080984 1.086133 1.083258 0.338845 0.059054 0.047183 0.090550 -0.121696 0.820547 0.437433 0.027220 0.045638 -0.398229 -0.141385 0.183591 0.381742 0.114161 0.285054 0.593069 0.734049 0.514881 0.301057 0.048313 0.598964 1.342939 0.887462 1.084151 0.372254 0.001322 -0.007974 -0.002824 -9999.000000 -9999.000000 -9999.000000 -9999.000000 -9999.000000 -9999.000000
0.000326 0.007073 0.033733 0.130582 0.141998 0.109952 0.081084 0.056599 0.019189 0.190766 0.249861 0.394493 0.366583 -0.000031 -0.000576 -0.002799 -0.000526 0.566141 0.734118 0.000360 0.000360 0.020308 1.158279 0.431760 0.108111 0.010153 0.031449 0.034096 0.022221 0.235272 0.002547 0.002101 0.001261 0.000704 -0.124989 0.339777 0.626607 0.023839 0.469167 0.415965 0.508230 0.756426 0.492539 0.332338 1.581420 1.637429 1.001806 1.061850 0.028756 -0.001792 -9999.000000 -9999.000000 -9999.000000 -9999.000000 -9999.000000 -9999.000000 -9999.000000 -9999.000000
-0.000208 0.028714 0.020879 0.085955 0.216027 0.009705 0.013743 0.010654 0.038409 0.270323 0.240125 0.380552 0.298770 0.177946 -0.001521 -0.002797 -0.144522 0.636671 1.325860 -0.000360 -0.000360 0.066286 1.555532 0.089417 0.058269 0.051363 0.038766 0.004471 0.009107 0.017799 -0.038698 -0.000552 -0.000596 -0.000355 -0.000015 0.140960 0.194619 0.060083 0.062878 0.027045 0.244326 0.740885 0.774378 0.548058 1.319506 1.500191 1.084880 0.234764 0.000208 0.000003 -9999.000000 -9999.000000 -9999.000000 -9999.000000 -9999.000000 -9999.000000 -9999.000000 -9999.000000
0.108025 0.088234 0.106024 0.046841 0.054868 0.016716 0.024195 0.028298 0.076573 0.090791 0.036494 0.425877 0.215522 0.164707 0.328895 0.203939 -0.172779 0.338676 1.643130 0.497131 0.181901 0.849705 1.300080 0.832033 0.033602 0.046927 0.006200 -0.008417 0.467348 0.414375 0.116123 0.182448 -0.082898 -0.080464 -0.052744 0.060136 0.104331 0.000893 0.000516 0.000327 0.000189 0.949479 1.078351 0.001917 0.506698 0.609466 0.529599 0.227917 -0.000326 -9999.000000 -9999.000000 -9999.000000 -9999.000000 -9999.000000 -9999.000000 -9999.000000 -9999.000000 -9999.000000
0.190191 0.004454 0.016055 0.001161 0.000379 0.006010 0.022807 0.053307 0.045299 0.024222 0.061096 0.069233 0.266997 0.210195 0.021855 0.365286 -0.003286 0.707053 1.393441 0.681070 0.210963 0.372740 1.455246 0.103963 -0.000357 0.000199 0.014011 0.042299 0.913153 0.601709 0.025960 0.023758 -0.061490 0.035979 -0.007075 -0.030339 -0.658030 -0.001257 -0.001082 -0.000456 -0.000226 1.824700 0.846651 0.005183 0.614128 0.722381 0.621137 0.171312 -9999.000000 -9999.000000 -9999.000000 -9999.000000 -9999.000000 -9999.000000 -9999.000000 -9999.000000 -9999.000000 -9999.000000
0.020400 0.001010 0.000546 -0.000051 -0.000153 0.000107 0.000434 0.068533 0.072499 0.040453 0.031102 0.036079 0.068578 0.058813 0.015268 0.073273 0.357057 0.640836 1.542294 0.855222 0.000288 0.603035 0.357678 0.005816 -0.006130 -0.001618 0.020401 0.030304 0.230175 0.337124 0.001902 0.008823 0.055298 0.051723 0.046110 0.018459 -0.573065 -0.144696 0.523640 0.380305 1.088861 1.569041 0.755194 -0.339969 0.474033 0.712067 0.674720 0.000000 -9999.000000 -9999.000000 -9999.000000 -9999.000000 -9999.000000 -9999.000000 -9999.000000 -9999.000000 -9999.000000 -9999.000000
0.008877 0.002003 0.000544 -0.009579 -0.127173 -0.001072 -0.000494 0.077218 0.093899 0.037224 0.035681 0.068832 0.000208 0.000003 0.045381 0.032275 0.085750 0.667747 1.846292 0.883538 0.694906 0.745847 0.002084 0.001520 0.047001 0.001966 0.034967 0.033088 0.067551 0.376610 0.001548 0.001390 0.000554 0.001102 0.095855 0.029865 0.275918 0.346597 0.878496 0.579826 0.855002 1.023430 0.547053 -0.506743 0.431880 0.522604 0.009257 -9999.000000 -9999.000000 -9999.000000 -9999.000000 -9999.000000 -9999.000000 -9999.000000 -9999.000000 -9999.000000 -9999.000000 -9999.000000
0.000925 0.001103 0.000206 -0.071572 -0.122856 -0.088270 -0.000627 0.072241 0.109896 0.000003 0.000208 0.067885 -0.000326 -0.087793 0.056343 0.060686 0.035861 0.643106 1.377198 1.168756 1.028049 0.043629 0.005089 0.002582 0.141911 0.009128 0.031708 0.069579 0.132033 0.148728 0.002968 0.001156 -0.000182 0.003653 0.207019 0.032847 0.533184 1.076947 1.371705 0.352183 0.191639 0.135312 0.496285 -0.464353 0.273003 0.242030 0.000000 -9999.000000 -9999.000000 -9999.000000 -9999.000000 -9999.000000 -9999.000000 -9999.000000 -9999.000000 -9999.000000 -9999.000000 -9999.000000
0.001268 0.001243 0.000146 0.070635 -0.084237 -0.107979 -0.127016 0.032243 0.106264 -0.134273 -0.000326 0.063272 0.164056 -0.073439 0.049595 0.070435 0.066986 1.000470 1.029114 0.447383 0.356897 0.010373 0.009795 0.003624 0.057435 0.005996 0.032630 0.129575 0.063034 0.023510 0.002669 -0.000494 0.010269 0.007711 0.395413 0.556892 1.146976 0.674602 0.657052 0.421980 0.008249 0.005467 0.040957 0.129192 0.336091 0.040080 -0.001264 -9999.000000 -9999.000000 -9999.000000 -9999.000000 -9999.000000 -9999.000000 -9999.000000 -9999.000000 -9999.000000 -9999.000000 -9999.000000
0.002270 0.001208 0.000563 0.005872 0.008751 -0.108046 -0.018315 -0.080843 0.286141 -0.003216 0.044801 0.170705 0.175127 -0.051877 0.125960 0.312296 0.558032 1.054470 1.104143 0.018806 0.026608 0.021962 0.012136 0.004277 0.020243 0.004458 0.001039 0.200416 0.081088 0.025856 0.023766 -0.022077 -0.007664 -0.001918 0.659959 0.933983 1.389338 0.868141 0.047039 0.045803 0.033118 0.011120 0.017685 0.043660 0.575383 -0.065113 -0.001005 -9999.000000 -9999.000000 -9999.000000 -9999.000000 -9999.000000 -9999.000000 -9999.000000 -9999.000000 -9999.000000 -9999.000000 -9999.000000
0.010441 0.001663 0.001578 0.000337 0.157453 -0.088277 0.065360 -0.229787 0.495540 0.019863 0.047343 0.175025 0.202029 -0.029491 0.288994 0.543092 0.897133 0.977493 0.054751 0.030905 0.044109 0.025465 0.009605 0.000988 0.000075 0.001333 -0.000981 0.307785 0.086236 0.023293 0.104763 -0.026809 -0.023095 -0.010179 0.933458 0.995279 0.349819 0.245792 0.010865 0.017725 0.015827 0.006318 0.002666 0.002795 0.071311 0.001044 -9999.000000 -9999.000000 -9999.000000 -9999.000000 -9999.000000 -9999.000000 -9999.000000 -9999.000000 -9999.000000 -9999.000000 -9999.000000 -9999.000000
0.004308 0.000724 0.000129 0.000040 0.259853 0.004261 0.252798 -0.103933 0.503058 0.083050 0.040182 0.256544 0.277491 -0.035532 0.460760 0.629724 0.900934 0.161292 0.086126 0.021417 0.061364 0.025479 0.003035 -0.002589 -0.002678 0.000642 0.005673 0.357363 0.000765 0.000903 0.008122 -0.015126 -0.107137 0.064444 0.947700 1.200668 0.010207 0.011035 0.000848 0.001603 0.000944 0.008935 0.003606 0.005246 0.001893 0.000679 -9999.000000 -9999.000000 -9999.000000 -9999.000000 -9999.000000 -9999.000000 -9999.000000 -9999.000000 -9999.000000 -9999.000000 -9999.000000 -9999.000000
0.000208 0.000003 -0.000061 -0.000139 0.029455 0.009634 0.015222 0.104691 1.100784 0.141063 0.145870 0.207630 0.193760 0.142768 0.775027 0.885150 0.981084 0.008015 0.010024 0.001129 0.093236 0.026020 -0.001554 -0.020083 -0.006053 -0.002239 0.000449 0.299396 0.000095 -0.000280 -0.000012 -0.001769 0.016311 0.052679 1.204198 1.603727 0.017865 0.010809 0.000030 0.000204 0.000407 0.007343 0.003089 -0.003444 -0.001596 -0.000821 -9999.000000 -9999.000000 -9999.000000 -9999.000000 -9999.000000 -9999.000000 -9999.000000 -9999.000000 -9999.000000 -9999.000000 -9999.000000 -9999.000000
-0.000326 -0.005982 -0.000291 -0.000385 -0.000001 0.000197 0.000009 0.058582 0.309556 0.014417 0.000800 0.541400 0.222372 0.242852 0.213354 0.201811 0.202945 0.000360 0.000360 0.000200 0.111861 0.000402 -0.002624 -0.006773 -0.045081 -0.011700 -0.002168 0.267952 -0.068130 -0.000826 -0.006699 0.005849 0.010277 0.108284 0.926064 1.252236 -0.070229 -0.004158 -0.000826 -0.001578 -0.001081 0.000249 0.000291 -0.005350 -9999.000000 -9999.000000 -9999.000000 -9999.000000 -9999.000000 -9999.000000 -9999.000000 -9999.000000 -9999.000000 -9999.000000 -9999.000000 -9999.000000 -9999.000000 -9999.000000
-0.000118 -0.014689 -0.001014 -0.050602 -0.001276 -0.000816 0.124585 0.120560 0.076086 0.029927 -0.048979 0.447394 0.327007 0.209135 0.209510 0.176060 0.159308 -0.000360 -0.000360 -0.000186 0.102978 -0.000027 0.000000 -0.002037 -0.026567 0.892327 0.916593 0.873806 0.003111 0.116392 -0.015903 -0.203650 -0.269231 0.289452 0.624492 0.741264 -0.109808 -0.630578 -0.047085 -0.104601 -0.009190 -0.000724 -0.000441 -9999.000000 -9999.000000 -9999.000000 -9999.000000 -9999.000000 -9999.000000 -9999.000000 -9999.000000 -9999.000000 -9999.000000 -9999.000000 -9999.000000 -9999.000000 -9999.000000 -9999.000000
0.000865 -0.001016 0.001413 -0.047783 -0.016640 0.099157 0.117266 0.101224 0.066109 0.017342 -0.238751 0.352666 0.254084 0.389948 0.501068 0.140740 0.122685 -0.001928 -0.012076 -0.001224 0.080219 -0.028725 -0.003663 -0.000570 0.187481 1.656227 1.692306 1.616298 0.925736 0.615567 0.169953 -0.960240 -0.873995 0.379435 0.332226 0.078003 -0.166178 -0.552281 -0.299436 -0.703208 -0.007237 -9999.000000 -9999.000000 -9999.000000 -9999.000000 -9999.000000 -9999.000000 -9999.000000 -9999.000000 -9999.000000 -9999.000000 -9999.000000 -9999.000000 -9999.000000 -9999.000000 -9999.000000 -9999.000000 -9999.000000
0.000000 0.000474 0.020288 0.001532 0.007849 0.191839 0.102992 0.069041 0.034288 -0.002331 -0.209847 0.253336 0.261100 0.461838 0.560910 0.150470 0.000680 -0.001330 -0.323802 -0.089336 0.215541 0.011638 -0.072913 0.158332 0.346046 1.325996 1.411185 1.191907 0.811979 0.361454 0.109816 -0.395057 -0.626175 0.121135 0.142921 -0.157759 -0.043308 -0.317233 -0.178480 -9999.000000 -9999.000000 -9999.000000 -9999.000000 -9999.000000 -9999.000000 -9999.000000 -9999.000000 -9999.000000 -9999.000000 -9999.000000 -9999.000000 -9999.000000 -9999.000000 -9999.000000 -9999.000000 -9999.000000 -9999.000000 -9999.000000
0.002558 0.002799 0.029994 0.000978 0.132656 0.327861 0.118091 0.062020 0.024477 0.123431 0.005062 0.211517 0.155259 0.365380 0.513417 0.005790 0.000194 0.117106 0.019718 0.047528 0.250075 -0.071332 -0.025237 0.085537 0.028348 0.999863 1.141577 1.075335 0.373998 0.146780 0.076819 0.025824 -0.352283 0.006016 0.007654 0.217059 0.254553 -0.123835 -0.109808 -9999.000000 -9999.000000 -9999.000000 -9999.000000 -9999.000000 -9999.000000 -9999.000000 -9999.000000 -9999.000000 -9999.000000 -9999.000000 -9999.000000 -9999.000000 -9999.000000 -9999.000000 -9999.000000 -9999.000000 -9999.000000 -9999.000000
