use_cases/Flooding_chicago/flooding_data/output/hUy_2340.asc
ncols 337
nrows 393
xllcorner 428428.000000
yllcorner 4602440.000000
cellsize 26.757400
NODATA_value -9999.000000
[rows 130 to 155 of 393, columns 232 to 289 of 337]
0.003358 0.000103 -0.000515 -0.001495 0.000000 -0.000072 0.009230 0.031493 0.018270 0.018404 0.247654 4.628108 3.906709 5.005061 1.323057 0.663568 0.123775 0.072870 0.085621 0.110969 0.157223 0.215669 0.333088 0.329374 0.151232 0.107734 0.014041 0.023235 0.001306 0.001306 0.656664 0.241965 0.181977 -0.000456 -0.000619 -0.027184 -0.005244 0.004045 0.001769 0.015567 0.798919 4.481810 5.285992 -0.001411 -0.004354 -0.042759 0.081195 0.102082 0.037648 0.000971 0.006566 0.001070 -9999.000000 -9999.000000 -9999.000000 -9999.000000 -9999.000000 -9999.000000
0.019227 -0.001357 -0.017697 -0.026326 -0.006416 -0.000796 0.000583 0.000716 0.000375 0.001154 0.392043 6.188891 4.051041 2.963378 1.668197 0.377320 0.078648 0.172396 0.148841 0.192997 0.253583 0.157674 0.232752 0.398835 0.208437 0.051816 0.006687 0.014543 0.001852 0.001852 0.053814 0.041579 0.047326 0.001235 0.016879 -0.158181 -0.002995 0.005524 0.000346 0.005749 0.104315 3.905682 6.448802 -0.032216 -0.016706 0.000202 0.000736 0.032580 0.009299 0.000360 0.000360 0.000297 -9999.000000 -9999.000000 -9999.000000 -9999.000000 -9999.000000 -9999.000000
0.022769 0.008301 -0.135046 -0.144050 -0.014724 -0.011372 -0.001517 -0.000935 -0.000415 0.005601 0.861144 7.221281 3.687569 2.570173 0.779540 0.347718 0.234686 0.021973 0.083606 0.112161 0.094653 0.145655 0.156826 0.412920 0.537859 0.095505 0.000125 0.000130 0.000360 0.000360 0.018595 0.018941 0.028298 0.001801 0.011977 -0.167212 -0.001039 0.000180 -0.000180 0.000120 0.197031 3.275205 5.321705 1.611220 -0.026525 -0.000103 0.000066 0.000860 0.001064 -0.000360 -0.000360 -0.000911 -9999.000000 -9999.000000 -9999.000000 -9999.000000 -9999.000000 -9999.000000
0.029881 0.023673 0.076997 0.040554 -0.124257 -0.060152 -0.003050 -0.001741 0.111394 0.017046 1.696359 5.949161 4.750900 2.382592 0.027766 0.102896 0.108986 0.028811 0.032976 0.052910 0.059249 0.126670 0.082619 0.225057 0.697324 0.311935 -0.000126 -0.000130 -0.000360 -0.000360 0.000819 0.008544 0.010896 0.017005 0.036653 -0.228376 -0.000833 -0.000346 -0.017930 -0.001209 0.515596 1.932911 4.297939 2.615078 -0.025924 -0.012015 -0.000367 0.000443 0.001531 -0.001612 -0.007501 -0.005196 0.001234 -9999.000000 -9999.000000 -9999.000000 -9999.000000 -9999.000000
0.083597 0.113005 0.275240 0.135420 -0.047583 -0.015903 0.000183 0.000548 0.223463 0.304503 2.346500 6.958002 2.986641 2.556351 0.079405 0.191102 0.035365 0.022224 0.017879 0.013868 0.039915 0.083177 0.012718 0.005295 0.394678 1.574481 0.442450 -0.002156 -0.012606 -0.013699 -0.000197 0.000222 0.000136 0.007468 0.008212 -0.213782 -0.170770 -0.222931 -0.165127 1.804554 1.633208 2.323804 2.327826 1.759300 0.099451 0.000690 0.000426 0.000726 0.000335 -0.000514 -0.091090 -0.014196 -0.001689 -9999.000000 -9999.000000 -9999.000000 -9999.000000 -9999.000000
0.115712 0.168226 0.303549 0.237586 -0.035038 -0.004307 0.000555 0.000396 0.459819 0.659881 3.218775 5.587401 3.444487 2.835301 0.067525 0.056233 0.031273 0.017623 0.011933 0.011324 0.030987 0.027103 0.004208 0.000238 0.001272 0.606153 0.514650 -0.004678 -0.048433 -0.030413 -0.000260 -0.000222 -0.000105 0.000086 0.000255 0.000237 -0.350699 0.987886 2.660679 2.958397 1.664814 2.336734 0.771237 0.056220 0.024119 0.027075 0.000321 0.000166 0.000158 0.000222 0.000005 -0.004862 -0.002580 0.000296 -9999.000000 -9999.000000 -9999.000000 -9999.000000
0.163773 0.206836 0.370244 0.254408 -0.007991 -0.000013 -0.000401 -0.000330 0.753397 0.820752 2.653630 6.543780 2.312474 1.198171 0.062470 0.016833 0.020455 0.007156 0.000765 0.010488 0.001106 0.000448 0.000018 -0.000100 0.379214 0.898258 0.472785 -0.305597 -0.705654 -0.009037 -0.009289 -0.008441 -0.013522 -0.000867 -0.000066 0.000100 0.473173 1.981065 2.629869 2.250745 1.001666 1.002935 0.152918 0.000294 0.000769 0.009987 0.000218 -0.000025 -0.000300 -0.000222 -0.000446 -0.006481 -0.038230 -0.003404 -9999.000000 -9999.000000 -9999.000000 -9999.000000
0.189707 0.322478 0.445460 0.259803 -0.013428 -0.145547 -0.047324 0.191138 1.919669 2.144049 3.008154 6.338855 2.502947 0.082248 0.001200 0.002380 0.000107 -0.000001 -0.000090 0.000000 -0.000791 -0.000591 -0.007386 -0.012224 0.944915 0.933893 0.046075 -0.532464 0.000276 -0.006239 -0.007462 -0.030224 -0.036004 -0.000795 -0.000504 -0.000152 0.846326 2.693607 1.643528 1.690001 0.294046 0.418108 0.308004 0.000051 -0.000307 -0.000044 -0.000558 -0.000367 -0.001309 -0.013401 -0.001308 -0.003242 -0.069593 -0.019295 -9999.000000 -9999.000000 -9999.000000 -9999.000000
0.404257 0.647440 0.692807 0.235653 -0.113525 -0.300626 -0.077918 0.891326 2.128225 2.487406 3.605333 5.322287 0.850071 0.083813 0.000686 0.010361 -0.000243 -0.009583 -0.007952 -0.014340 -0.013360 -0.008653 -0.039683 0.191179 1.134200 0.966473 -0.133674 -0.518773 -0.001960 -0.003426 -0.039410 -0.039572 -0.152999 -0.067892 -0.029180 -0.002615 0.901310 2.733792 1.767704 0.381034 0.409487 0.515183 0.703071 -0.000344 -0.000549 -0.011663 -0.002071 -0.013930 -0.015657 -0.030968 -0.011684 -0.015489 -0.072651 -0.045546 -0.004722 -9999.000000 -9999.000000 -9999.000000
1.248418 1.421865 1.221290 0.439756 -0.258759 0.371775 0.075902 0.912614 1.854574 2.170760 3.097937 3.693875 0.534515 0.087106 0.247826 1.136343 1.195881 -0.068487 -0.022181 -0.045044 -0.038161 -0.032888 0.455682 0.958427 1.629328 1.006935 -0.159297 -0.554241 -0.091279 0.011685 0.098480 0.041365 -0.273238 -0.391763 -0.439229 -0.318725 1.064264 2.111396 1.552396 0.346112 0.385409 1.214447 0.851968 -0.538963 0.050808 -0.036558 -0.014801 -0.034986 -0.014477 -0.048414 -0.031402 -0.024050 -0.074565 -0.038821 0.116213 -9999.000000 -9999.000000 -9999.000000
1.985925 2.230582 1.555330 0.720848 0.064178 1.004695 -0.070785 0.452961 1.123662 1.595532 2.262249 2.469950 0.073207 -0.072773 -0.060586 0.187868 1.336894 1.433092 -0.131645 -0.009664 -0.010262 -0.418998 0.747145 1.372459 1.895345 1.393286 0.024853 -0.234824 0.143511 0.254139 0.323097 0.303112 -0.218389 -0.083239 -0.353228 -0.681609 0.728144 1.486867 1.737815 0.725750 0.994136 1.760387 0.632357 -1.120225 0.363088 -0.030647 -0.153234 -0.010118 -0.023255 -0.079307 -0.058814 -0.030535 0.063868 0.084663 0.200784 -9999.000000 -9999.000000 -9999.000000
2.275000 2.200089 1.717528 1.187339 0.659798 0.481059 0.022610 0.025378 0.227448 1.224779 1.221153 1.297531 0.214651 0.034253 0.027845 0.011848 0.001304 1.505851 0.981135 0.080125 -0.017314 0.112203 0.936237 1.753218 2.307214 2.107249 0.160698 -0.078836 0.041296 0.047453 0.103624 0.122165 -0.352559 0.302534 0.102136 -0.750942 0.410662 0.950017 0.936342 0.387386 0.558740 2.029315 1.040828 -0.472321 0.376126 -0.008570 0.000199 0.000222 -0.019142 -0.267342 0.005669 -0.307124 0.143888 0.119519 0.180575 -9999.000000 -9999.000000 -9999.000000
2.086258 2.311808 2.009337 0.966032 -0.401649 0.011978 0.015968 0.006295 0.029045 0.117798 0.135236 0.038762 0.070769 0.028543 0.025681 0.005206 0.000779 0.395723 0.920543 0.476552 0.310776 0.331322 1.359339 1.890816 2.478304 1.666761 0.088640 0.105523 -0.000076 0.000000 0.000000 0.000000 0.000000 0.748120 0.485329 -0.655851 0.702409 0.319269 0.016081 0.005679 0.014839 0.817882 0.987087 0.058488 0.036587 -0.000022 -0.000510 -0.000222 -0.001706 0.786004 0.383936 0.105089 0.135684 0.001424 0.014194 -9999.000000 -9999.000000 -9999.000000
1.791497 1.869488 2.008775 0.474279 -1.358452 0.086961 0.000014 0.000624 0.007540 0.087662 0.068283 0.028585 0.041035 0.024317 0.021230 0.001052 0.000028 0.000901 0.726635 0.686291 0.503544 0.397232 1.325839 1.942595 2.531554 1.899773 -0.084463 0.191646 0.079740 -0.027418 0.006498 0.034536 0.262515 0.493521 0.583230 -0.509878 0.055240 0.003094 0.000462 0.001172 0.000787 1.028555 0.006009 0.042008 0.007876 -0.035819 -0.033944 -0.003946 0.738763 0.771389 0.773443 0.434986 0.042568 0.002079 0.001621 -9999.000000 -9999.000000 -9999.000000
1.754728 1.739721 1.476457 0.064057 -1.354102 0.012969 0.000178 0.000940 0.021135 0.040541 0.010336 0.016722 0.011133 0.015741 0.015898 0.001169 -0.010774 0.000522 0.338462 0.691095 0.618201 0.502272 1.405304 2.217141 2.805723 1.927928 -0.273403 0.257621 0.198524 0.006335 0.021128 0.011952 0.067849 0.039450 0.650622 0.043461 0.047932 0.011988 -0.000339 -0.000750 0.000062 1.146350 0.022076 0.015211 0.010028 0.031972 0.023151 0.044748 0.268059 0.184763 0.008796 0.027498 0.066430 0.004319 0.002557 -9999.000000 -9999.000000 -9999.000000
1.392768 1.247939 1.084239 -0.064188 -0.164027 0.002290 0.001220 0.000674 0.001228 0.000546 0.000172 0.000066 0.000160 0.000340 0.007457 0.000425 -0.057595 -0.004577 0.679433 0.694466 0.609036 0.557135 1.484938 1.960026 2.571864 1.866751 -0.342242 0.032691 0.044292 0.040385 0.046585 0.000222 0.039715 0.023506 0.222938 0.028238 0.039813 0.052745 0.020235 -0.000971 -0.125456 1.403371 0.359132 0.032108 0.013555 0.052843 0.039390 0.049025 0.053589 0.018421 0.004586 0.012559 0.006551 0.003119 0.000397 -9999.000000 -9999.000000 -9999.000000
0.926854 0.722714 0.575738 -0.322864 0.005535 0.006039 0.004728 -0.000828 -0.001053 -0.000422 0.000004 -0.000064 -0.000137 0.000000 0.000197 0.000235 -0.263985 -0.109370 0.546328 0.640394 0.503366 0.624128 1.565289 2.009165 2.678953 1.450557 -0.180839 0.000495 0.001191 0.056026 0.057861 -0.000222 0.070757 0.045069 0.093756 0.017250 0.012905 0.011992 0.064627 -0.462368 -0.119909 1.401118 0.661643 0.189987 0.012307 0.008191 0.014495 0.020402 0.031879 0.009571 0.023759 0.001714 0.000259 0.000127 -0.000830 -9999.000000 -9999.000000 -9999.000000
0.538746 0.263620 0.222032 -0.444079 0.035787 0.008519 0.016503 -0.000947 -0.039649 -0.043896 -0.001667 -0.013236 -0.007585 -0.000340 -0.000061 0.000128 -0.071320 0.006909 0.391910 0.618464 0.533739 0.709799 1.962144 2.512169 2.701046 1.500693 -0.106384 -0.000176 0.002167 0.094122 0.100331 0.038705 0.523906 0.276386 0.011668 0.008524 0.000743 0.005450 0.006124 -0.458096 -0.097473 1.085991 0.544200 0.102543 0.006435 0.000023 0.000478 0.000729 0.008918 0.007433 0.009243 0.000086 -0.000121 -0.000146 -9999.000000 -9999.000000 -9999.000000 -9999.000000
0.146538 -0.064673 0.101499 -0.607434 0.107132 0.019245 0.014869 -0.025849 0.040820 0.046103 -0.000612 -0.014969 -0.019094 -0.006948 -0.000846 0.000032 0.041498 0.070118 0.370905 0.574680 0.539205 0.712372 1.865090 2.429509 2.715877 1.525849 -0.011455 0.018729 0.001907 0.004722 0.007613 0.096983 0.139055 0.061510 0.000827 -0.000010 -0.000250 0.000000 0.000059 0.001036 -0.098530 0.761877 0.288804 -0.129458 0.503715 -0.005146 -0.000129 -0.000080 0.000000 0.000000 0.000000 -0.000412 -0.000910 -9999.000000 -9999.000000 -9999.000000 -9999.000000 -9999.000000
-0.036045 -0.249799 0.040635 -0.604397 0.085714 0.062363 0.059935 -0.043293 0.017162 0.038288 0.002308 -0.000649 -0.003215 -0.014760 -0.002045 -0.000213 0.004064 0.193419 0.259480 0.282259 0.267203 0.363098 1.881910 2.947827 2.710880 1.525208 0.050420 0.011931 0.004051 0.000657 0.000887 0.020139 0.010198 0.007450 -0.000465 -0.007479 -0.012077 -0.013123 -0.000727 -0.002318 -0.132949 0.741684 0.266804 -0.082141 0.465064 0.388986 0.003982 -0.008305 -0.005878 -0.005877 -0.001821 -9999.000000 -9999.000000 -9999.000000 -9999.000000 -9999.000000 -9999.000000 -9999.000000
-0.172384 -0.591154 0.186140 0.028106 0.032475 0.010520 0.008520 0.000488 0.000019 0.000389 -0.000007 -0.000196 -0.003518 -0.032090 -0.001038 -0.000463 0.030905 0.022991 0.221270 0.293673 0.265738 0.617983 2.126501 3.122933 2.994004 1.387047 0.000226 -0.000000 -0.000012 -0.000305 -0.000284 -0.000012 0.014735 0.007807 -0.001903 -0.389630 0.179839 -0.337318 -0.018623 0.326063 0.092068 0.721822 0.184234 0.008351 0.340238 0.139517 -0.001505 -0.145297 -0.007948 -0.007948 -9999.000000 -9999.000000 -9999.000000 -9999.000000 -9999.000000 -9999.000000 -9999.000000 -9999.000000
-0.385496 -0.629212 0.243317 0.011097 0.018141 0.007008 0.000570 -0.000057 -0.024037 -0.001291 -0.014667 -0.019995 -0.026286 -0.055723 -0.007664 -0.001136 0.014028 0.000673 0.163415 0.480847 0.515093 0.767728 2.089999 3.087988 2.873487 1.757699 -0.000851 -0.012068 -0.023436 -0.009449 -0.000814 -0.004314 0.013224 0.006265 0.212955 -0.182836 0.185174 -0.082047 0.004435 0.109699 0.182935 0.215055 0.084432 0.138538 0.067013 0.013174 0.000317 0.000008 -9999.000000 -9999.000000 -9999.000000 -9999.000000 -9999.000000 -9999.000000 -9999.000000 -9999.000000 -9999.000000 -9999.000000
-0.579298 -0.898775 0.208246 0.018335 0.006923 0.000536 0.000299 -0.000319 -0.056237 -0.065904 -0.023226 -0.039976 -0.058516 -0.056930 -0.014692 -0.008824 -0.000300 -0.013444 0.261296 0.460608 0.554598 1.152396 2.126740 2.690994 2.453521 1.432226 0.515282 -0.020479 -0.764954 -0.043831 0.000208 0.001575 0.017855 0.005995 0.020662 0.068008 0.177191 0.001032 0.001374 0.000495 0.394195 0.010172 0.002356 0.023773 0.002773 0.007629 -9999.000000 -9999.000000 -9999.000000 -9999.000000 -9999.000000 -9999.000000 -9999.000000 -9999.000000 -9999.000000 -9999.000000 -9999.000000 -9999.000000
-0.663127 -1.058332 0.694113 0.006814 -0.000015 -0.000442 -0.000548 0.000179 -0.006711 -0.238038 -0.028991 -0.057181 -0.091457 -0.015285 -0.029455 -0.018134 -0.009199 0.245880 0.682873 0.731153 0.702456 1.347628 2.278109 2.810694 2.269508 1.314912 0.666324 0.333181 0.043369 -0.049290 0.002047 0.008813 0.022887 0.000394 0.000569 0.001440 0.113529 0.000973 -0.000316 -0.000311 0.050479 0.013281 0.000449 0.001321 0.004048 0.000346 -9999.000000 -9999.000000 -9999.000000 -9999.000000 -9999.000000 -9999.000000 -9999.000000 -9999.000000 -9999.000000 -9999.000000 -9999.000000 -9999.000000
-0.752339 -0.601897 0.025398 -0.000168 -0.010099 -0.011788 -0.007988 0.000318 0.015174 -0.396156 -0.235166 -0.107114 -0.161015 -0.018128 -0.037810 -0.022198 -0.025877 0.450615 0.594505 0.735952 0.793921 1.428902 2.108446 1.514544 1.587355 0.647310 0.590140 0.455682 0.250326 -0.004959 0.002494 0.011088 0.028856 -0.000331 -0.000247 0.004542 0.142052 0.001519 -0.001152 -0.128713 0.042491 0.001138 0.000109 0.000277 0.000180 -0.000180 -9999.000000 -9999.000000 -9999.000000 -9999.000000 -9999.000000 -9999.000000 -9999.000000 -9999.000000 -9999.000000 -9999.000000 -9999.000000 -9999.000000
-0.375119 0.017786 0.013960 -0.000421 -0.046016 -0.041060 -0.034158 0.000217 0.011287 -0.106014 -0.373055 -0.192911 0.078982 0.128838 0.129694 -0.190866 -0.009371 0.652421 0.630992 0.566204 0.669299 2.016386 1.501002 1.640076 1.714381 0.716175 0.717687 0.607271 0.339220 0.003275 0.000261 0.008127 0.241001 0.009274 -0.000554 0.031280 0.037047 0.002792 -0.013191 -0.224833 0.014219 0.003862 0.000358 -0.000063 -0.000346 -9999.000000 -9999.000000 -9999.000000 -9999.000000 -9999.000000 -9999.000000 -9999.000000 -9999.000000 -9999.000000 -9999.000000 -9999.000000 -9999.000000 -9999.000000
