use_cases/Flooding_chicago/flooding_data/output/hUy_960.asc
ncols 337
nrows 393
xllcorner 428428.000000
yllcorner 4602440.000000
cellsize 26.757400
NODATA_value -9999.000000
[rows 104 to 129 of 393, columns 232 to 289 of 337]
-0.314653 -0.117617 -0.144369 -0.095627 -0.141161 -0.870148 -0.657885 -0.014498 -0.002039 0.002687 0.094149 0.068153 -0.028180 -0.006698 -0.006698 -0.013170 -0.010945 -0.164191 0.516341 0.001608 0.001194 -0.000380 -0.002415 0.000912 0.000421 0.050364 -0.027517 0.000114 0.000118 0.000531 0.006948 0.032784 0.028435 0.024719 -0.027497 -0.259624 -0.000003 -0.000208 0.799090 0.452164 -0.145023 1.114629 0.805115 1.872065 0.850564 0.124551 0.747770 0.729769 0.883145 -0.391957 0.078406 0.026491 0.013384 0.029862 0.304140 1.419180 0.923773 0.306471
-0.276425 -0.121463 -0.366937 -0.251739 -0.266084 -0.354981 -0.467717 -0.057621 -0.009959 -0.010114 0.000947 0.096784 0.092708 -0.014261 -0.012765 -0.036747 -0.121304 -0.274044 0.843492 0.023747 0.000296 -0.000238 -0.002161 -0.001884 -0.000547 -0.000018 -0.009252 -0.007888 -0.000600 -0.000449 -0.000015 0.002069 0.000326 0.008958 0.000294 -0.193200 -0.015597 0.565374 1.195110 0.562280 0.044078 0.782778 0.650416 1.991453 0.484258 0.155456 0.477731 0.866145 1.256899 0.035117 0.007745 0.018868 0.012726 0.029972 0.180346 0.039969 0.047598 0.022582
0.070374 0.194972 0.037931 0.024532 0.043913 -0.118610 -0.583956 -0.337356 -0.005323 0.000018 0.000388 0.000901 0.000000 -0.004351 -0.002900 -0.262782 -0.059054 -0.228634 0.906875 0.010053 -0.000328 0.000041 -0.001588 -0.001686 -0.011167 -0.037795 -0.007474 -0.012024 -0.007360 -0.007138 -0.022424 -0.002738 -0.000208 -0.000003 0.000122 -0.097062 0.038505 0.602693 1.351189 0.082681 0.047433 0.978553 0.551142 2.193272 0.383738 0.186176 0.142545 0.267002 0.466652 0.120322 0.001235 0.009311 0.009922 0.036411 0.113728 0.046694 0.021280 0.026346
0.095331 0.098880 0.000399 0.000621 0.000017 0.007089 -0.852711 -0.010173 -0.005359 -0.002968 -0.000987 -0.001290 -0.011566 -0.002865 -0.002420 -0.034304 -0.151094 0.307455 0.977635 0.001153 0.000763 -0.000243 -0.000868 -0.012336 -0.020963 -0.206242 -0.004190 -0.006620 -0.007066 -0.005508 -0.072429 -0.040070 -0.007371 -0.006221 -0.001604 -0.000005 0.138223 0.608482 1.180655 0.152210 0.088274 0.359296 0.586595 3.279416 0.095844 0.040863 0.008553 0.098434 0.594255 0.221665 0.013245 0.000360 0.000360 0.027649 0.028101 0.034907 0.024990 0.013167
0.115329 -0.185518 -0.000323 -0.000043 -0.014511 0.102794 -0.694934 0.076173 0.079544 -0.004673 -0.008398 -0.009431 -0.052059 -0.026486 -0.003828 0.136541 -0.064562 0.032471 0.025804 -0.000264 -0.001414 -0.008147 -0.004363 -0.026134 -0.021159 -0.175556 -0.001190 -0.003294 -0.005455 -0.002839 -0.077603 -0.092878 -0.009650 -0.163283 0.053245 -0.000502 0.254534 0.827038 1.261816 0.259268 0.152819 0.237653 0.260531 2.745075 0.270357 0.032665 0.033229 0.250634 0.691423 0.059317 0.016063 -0.000360 -0.000360 0.001727 0.001445 0.001213 0.013774 0.005981
-0.060890 -0.400317 -0.001343 -0.000527 -0.032755 0.131130 -0.554958 0.066515 0.134166 -0.006535 -0.008117 -0.006589 -0.162167 -0.078343 0.151849 0.001323 0.001942 0.020770 -0.000056 -0.001986 -0.005063 -0.008012 -0.014537 -0.023692 -0.148417 -0.176940 -0.000094 -0.002142 -0.002802 -0.013496 -0.012078 -0.327246 -0.130526 -0.074015 0.051318 0.143340 0.346350 0.455491 0.622033 0.402067 0.125840 0.365685 0.500164 1.794186 0.252372 0.086060 0.073594 0.309143 0.439705 0.108023 0.021439 -0.007953 -0.012593 -0.001452 -0.000545 -0.000093 -0.000000 -0.000003
-0.274870 -0.447392 -0.001399 -0.000436 0.139805 0.128700 -0.259642 0.102962 0.261401 -0.161676 -0.007516 -0.003249 -0.036090 0.035076 0.197753 0.001136 0.000241 0.000109 -0.000561 -0.045685 -0.003346 -0.004845 -0.003371 -0.003479 -0.078894 -0.134552 -0.006908 -0.008904 -0.012165 -0.415956 -0.184711 -0.205256 -0.179481 -0.047046 0.045197 0.227183 0.432583 0.581792 0.855492 0.257884 0.321173 0.261733 0.759112 0.938049 0.258909 0.146124 0.033280 0.153377 0.278548 0.344366 0.097797 -0.021068 -0.043489 -0.014532 -0.024269 -0.010272 -0.019328 -0.011000
-0.397944 -0.458151 -0.002653 -0.007920 0.357359 0.221588 -0.061475 0.198633 0.301648 -0.104620 -0.516674 -0.157287 0.040168 0.225783 0.329971 0.004574 -0.000027 -0.000722 -0.006397 -0.082885 -0.041320 -0.016137 -0.005919 -0.002707 -0.032351 -0.219636 -0.406682 -0.301637 -0.339227 -0.443772 -0.498114 -0.119965 -0.026153 -0.022224 0.108913 0.086583 0.280213 0.358577 0.689001 0.421858 0.959684 0.778244 0.291703 0.417083 1.303437 0.172205 0.028952 0.034415 0.134337 0.470203 0.286006 -0.046895 -0.066682 -0.027868 -0.054660 -0.044366 -0.028056 -0.023097
-0.215008 -0.426128 -0.209642 -0.426145 1.211164 0.391813 0.084664 0.174831 0.256357 -0.164958 -0.526465 -0.049127 0.132183 0.326989 1.138290 0.006090 0.000781 -0.002081 -0.123127 -0.097797 -0.105840 -0.025294 -0.002482 -0.012748 0.008875 -0.142923 -0.406971 -0.205788 -0.464608 -0.346611 -0.287793 0.003931 0.044721 -0.012076 0.006227 0.000546 0.362171 0.429817 1.004004 1.083570 1.107066 0.550101 0.395287 0.715573 0.533526 0.288922 0.079986 0.045753 0.174705 0.262584 0.511219 0.404193 -0.433525 -0.872754 -0.627408 -0.047658 -0.065159 -0.059645
-0.000959 -0.000050 -0.000002 -0.825384 2.537144 0.548673 0.195179 0.176327 0.311158 -0.225169 -0.545874 -0.032086 0.344657 0.269198 0.024515 0.001572 0.002016 -0.000161 -0.282113 -0.038928 -0.316153 -0.297746 -0.012459 -0.018888 0.056362 -0.046851 -0.323827 -0.154019 -0.087947 -0.093943 -0.247999 -0.000394 0.000016 0.000366 0.000012 0.000417 0.253375 0.348617 2.755734 1.581766 0.814246 0.355095 0.131942 0.591708 0.032168 0.065990 0.065038 0.074357 0.035060 0.007971 1.378083 0.485058 -0.137923 -0.433610 -0.133599 -0.255978 -0.083897 -0.007544
0.000199 -0.004284 -0.056094 -0.029314 1.820158 0.627747 0.206533 0.352430 0.031633 -0.009001 -0.201213 0.290681 0.891108 0.022672 0.000654 0.000263 0.000000 -0.001125 0.000215 -0.016750 -0.403485 0.351566 -0.622635 -0.313914 0.069501 0.065612 -0.368285 -0.239148 -0.159177 -0.159108 -0.158997 0.124681 -0.016695 -0.001151 -0.013240 -0.000133 0.156058 0.170251 3.216103 1.918194 0.863153 -0.018287 0.118641 0.508912 0.024435 0.015966 0.029197 0.079643 0.031748 0.004526 0.656369 0.441948 -0.184169 -0.183783 0.167586 0.706710 -0.020475 -0.001007
-0.000020 -0.002205 0.127651 0.592548 1.834484 0.631232 0.416733 0.013383 0.001744 0.018598 0.059092 0.052341 0.018908 0.001027 -0.000807 -0.002116 -0.012858 -0.002424 -0.000664 -0.007172 -0.248965 0.661253 -0.395383 -0.329508 0.060046 0.110649 -0.338650 -0.158361 -0.170577 -0.162576 -0.045319 0.153428 0.164248 0.219221 -0.022896 0.019499 0.022659 0.022371 4.294440 1.910020 0.807217 0.312648 0.059056 0.059004 0.009579 0.002810 0.003373 0.079896 0.001880 0.000222 0.021748 0.517899 -0.284882 -0.182992 0.150944 0.902401 -0.009726 0.006007
-0.000354 0.000513 0.387758 0.634490 1.809308 0.045544 0.053821 0.020824 0.000930 0.013208 0.007980 0.008763 0.012039 0.000149 -0.018956 -0.024055 -0.039107 -0.027235 -0.020331 -0.004707 0.055178 0.459282 -0.320050 -0.260262 0.061461 0.203449 -0.407854 -0.146716 -0.154959 -0.149326 0.010931 0.002173 0.267924 0.389011 0.015319 0.046465 0.092297 0.205160 3.288336 0.934972 0.574704 0.037189 0.024642 0.069588 0.000278 0.004541 0.005550 0.024497 0.006143 -0.000222 0.009242 0.020558 -0.047137 -0.141337 0.049689 1.365962 -0.078944 0.000005
0.000963 0.240645 0.573600 0.588340 2.151047 0.062821 0.072329 0.031738 0.000107 0.000101 0.000380 0.000340 0.000252 -0.000090 0.064814 0.043988 0.037771 -0.148484 -0.714410 0.227571 0.072247 0.245317 -0.229504 -0.391082 0.082030 0.587421 -0.637933 -0.083464 -0.087913 -0.061903 0.047869 0.004652 0.046324 0.199670 0.026938 0.031150 0.096038 0.374552 2.551299 1.551492 0.399860 0.016901 0.005504 0.054941 0.005782 0.005759 0.000330 0.000401 0.000013 -0.011047 -0.000478 0.017832 0.008534 0.161602 0.168509 0.866973 0.000035 -0.007487
0.011659 0.510386 0.640112 0.497803 2.038694 0.120598 0.139738 0.028905 -0.000091 -0.000065 0.000137 0.000000 0.000297 0.000427 0.040616 0.057449 0.058422 -0.031985 -0.419981 0.319264 0.203881 0.446125 -0.242459 -0.403134 0.094513 0.929250 -0.638180 0.030712 0.091430 0.052744 0.163827 0.289337 0.085151 0.121591 0.133289 0.073940 0.014752 0.746768 1.169668 2.590077 0.222731 -0.000010 -0.000535 0.000305 0.004547 0.020428 -0.000396 -0.000555 0.012789 -0.115746 0.134264 0.035733 0.020575 0.329782 0.016985 0.037953 0.001002 -0.009687
0.013160 1.071649 1.463038 0.740089 1.609530 0.052860 0.118102 0.089048 0.011221 0.004264 -0.000141 -0.000340 -0.000008 0.000099 -0.010339 0.062540 0.067053 -0.023127 -0.293598 0.336454 0.267713 0.464565 -0.182293 -0.403127 0.076350 1.019389 -0.724529 0.320188 0.338273 0.027140 0.325693 0.041430 0.030865 0.072428 0.139316 0.121553 0.063198 0.157281 0.428480 3.292405 0.379891 0.083066 0.034015 0.057938 0.001666 0.022881 -0.077473 -0.079409 0.028437 0.032843 0.037158 0.046336 0.048495 0.281407 0.048445 0.001215 0.000000 -9999.000000
0.515871 1.686419 1.056911 0.074022 0.038384 0.025759 0.022039 0.170043 0.014275 0.042117 -0.000008 -0.006670 -0.007560 -0.000273 0.044792 0.021491 0.017826 -0.000379 -0.106694 0.356134 0.259249 0.569141 -0.114693 -0.352472 0.144640 1.190569 -0.455114 0.050828 0.024457 0.024252 0.038263 0.026402 0.014064 0.027723 0.089641 0.103341 0.019733 0.012565 0.460936 3.346711 0.428100 0.148305 0.131886 0.136702 0.141789 0.044539 0.068985 0.114209 0.024361 0.043845 0.008632 0.028226 0.052930 0.061889 0.035850 0.006003 -9999.000000 -9999.000000
0.132638 0.886526 0.065230 0.041655 0.018012 0.028987 0.020956 0.078420 0.050141 0.015977 0.000941 -0.024576 -0.011736 0.031685 0.078730 0.042611 0.031780 0.030087 0.034773 0.444822 0.272321 0.657466 0.043307 -0.256376 0.000786 0.343524 0.001971 0.026173 0.001322 0.001780 0.008845 0.006668 0.016084 0.013282 0.047530 0.078027 0.011971 0.029050 0.278554 3.407214 0.612750 0.030153 0.059642 0.037780 0.081373 0.068790 0.040012 0.140974 0.018857 0.003709 0.005540 0.021308 0.024375 0.025686 0.006089 0.005465 -9999.000000 -9999.000000
0.170888 0.581475 0.226946 0.023795 0.008085 0.017390 0.017743 0.045018 0.010758 0.009170 0.000655 -0.202794 -0.100137 0.056345 0.070257 0.086669 0.061042 0.118195 0.267028 0.264958 0.222452 0.534261 0.092920 -0.061907 0.001611 0.306359 -0.000290 0.001745 0.002034 0.007117 0.043079 0.016586 0.050895 0.003787 0.037123 0.028484 0.013049 0.098809 0.246978 3.926893 0.636738 0.009281 0.016528 0.003089 0.125904 0.085071 0.099908 0.280123 0.110651 0.025305 0.001802 0.013964 0.087618 0.072560 0.009042 0.000633 -9999.000000 -9999.000000
0.184170 0.349826 0.230336 0.020808 0.000066 0.001897 0.010305 0.002028 0.000622 0.000184 0.000008 -0.043548 0.004363 0.028481 0.065968 0.132596 0.088054 0.130030 0.450709 0.379656 0.294435 0.492395 0.045782 -0.036049 0.005648 0.313564 0.149901 0.003306 0.016786 0.050645 0.037186 0.046499 0.024740 0.008244 0.008426 0.010401 0.001099 0.151857 0.254114 2.611382 1.307823 0.000989 0.003265 0.011422 0.196514 0.150245 0.045524 0.049511 0.026761 0.026993 0.010622 0.066010 0.044828 0.018444 0.000803 -9999.000000 -9999.000000 -9999.000000
0.119386 0.143301 0.183467 0.107319 0.009747 0.002347 0.000445 0.000175 -0.000263 -0.000153 -0.000074 0.013215 0.010856 -0.003086 0.070146 0.516929 0.235388 0.142209 0.589458 0.354351 0.292879 0.485120 0.066990 -0.023788 0.026903 0.034322 0.408768 0.026445 0.013964 0.032225 0.020822 0.013491 0.014039 0.000376 0.000723 0.000376 0.000070 0.183875 0.186839 1.722096 2.154671 0.002582 0.003366 0.026816 0.132992 0.051764 0.030007 0.009379 0.019048 0.004711 0.018766 0.068646 0.006621 0.000212 -9999.000000 -9999.000000 -9999.000000 -9999.000000
0.009416 0.016417 0.092169 0.095147 0.069714 0.019392 0.000581 -0.000535 -0.005275 -0.006907 -0.000468 0.069373 0.021218 -0.091133 0.356967 0.592502 0.287010 0.196641 0.870155 0.688412 0.504754 0.594744 0.321302 0.041658 0.048164 0.040958 0.048215 0.024154 0.015237 0.014291 0.007168 0.001330 0.018815 -0.000376 -0.000723 -0.000376 -0.000259 0.244710 0.125255 0.593538 3.023032 1.432206 0.000120 0.011935 0.098751 0.067692 0.005018 0.000096 0.001895 0.001405 0.023629 0.020602 0.001230 -9999.000000 -9999.000000 -9999.000000 -9999.000000 -9999.000000
0.007171 0.006994 0.072709 0.047977 0.016670 0.028317 0.001037 -0.007499 -0.020500 -0.049319 -0.018935 0.051911 0.021034 0.022956 0.379711 0.714398 0.463931 0.292219 0.073002 0.145540 0.106085 0.571468 0.597878 0.218455 0.047174 0.016496 0.014428 0.012696 0.005869 0.000340 0.000156 0.000095 0.000007 0.345163 0.169947 0.155444 0.146228 0.307838 0.105406 0.050385 1.596990 1.810892 0.172141 0.009283 0.067566 0.054419 0.016021 0.001789 0.000385 0.003123 0.015745 0.000759 -9999.000000 -9999.000000 -9999.000000 -9999.000000 -9999.000000 -9999.000000
0.000021 0.000809 0.057949 0.007978 0.008172 0.023320 0.001756 -0.013995 0.403821 -0.369042 -0.298369 -0.021855 0.021807 0.221526 0.300170 0.710038 0.387785 0.049023 0.045086 0.117637 0.094191 0.233133 0.214534 0.293774 0.059724 0.003139 0.005343 0.000858 0.000338 0.000000 -0.000100 -0.000215 0.301494 0.352116 0.008075 0.011727 0.007941 0.022438 0.002100 0.000870 0.199556 2.128161 0.373998 0.031206 0.036743 0.014954 0.023268 0.005355 -0.000145 0.001876 0.003699 -9999.000000 -9999.000000 -9999.000000 -9999.000000 -9999.000000 -9999.000000 -9999.000000
-0.008908 0.000950 0.019605 0.001489 0.001879 0.011143 0.001394 0.036819 0.742437 -0.308050 -0.371540 0.009185 0.041474 0.463623 0.713948 0.957734 0.093306 0.021445 0.006638 0.109761 0.104209 0.122015 0.091036 0.316593 0.042545 0.035119 0.000765 0.003298 0.000528 -0.000340 -0.001099 0.101923 0.246605 0.001255 0.000600 0.000779 0.000388 0.000667 0.000367 0.000660 0.167132 1.657197 1.503157 0.019296 0.006293 0.020949 0.025142 0.010185 -0.000302 0.002687 0.009197 0.002482 -9999.000000 -9999.000000 -9999.000000 -9999.000000 -9999.000000 -9999.000000
-0.021767 0.000222 0.000363 0.000767 0.002577 0.000675 0.013330 0.059608 0.035818 0.037502 0.055476 0.025998 0.137454 0.576178 0.292166 0.269717 0.073917 0.016353 0.025366 0.154713 0.164396 0.065689 0.109121 0.138685 0.045407 0.076742 0.001983 0.027779 0.002382 0.001575 -0.001176 0.121582 0.131303 0.000599 -0.000292 -0.000726 -0.000369 0.000902 0.000761 0.000999 0.081563 1.542664 1.516593 0.000778 0.000628 -0.024391 0.226372 0.090588 0.001781 0.001152 0.028106 0.003826 -9999.000000 -9999.000000 -9999.000000 -9999.000000 -9999.000000 -9999.000000
