use_cases/Flooding_chicago/flooding_data/output/hUy_1860.asc
ncols 337
nrows 393
xllcorner 428428.000000
yllcorner 4602440.000000
cellsize 26.757400
NODATA_value -9999.000000
[rows 130 to 155 of 393, columns 232 to 289 of 337]
0.001506 0.000105 -0.000515 -0.001495 0.000000 -0.000073 0.009230 0.031494 0.018270 0.016858 0.035612 0.976750 0.838402 1.377293 0.258307 0.171170 0.065609 0.043732 0.056359 0.067428 0.079730 0.080342 0.109966 0.088022 0.034553 0.054461 0.014092 0.023247 0.001306 0.001306 0.656090 0.241726 0.181901 -0.000489 -0.000619 -0.023470 -0.005063 0.003943 0.001679 0.012972 0.376983 2.919542 3.603299 -0.001411 -0.004354 -0.042760 0.081194 0.102083 0.037648 0.000971 0.006566 0.001070 -9999.000000 -9999.000000 -9999.000000 -9999.000000 -9999.000000 -9999.000000
0.006248 -0.001386 -0.018099 -0.026863 -0.006416 -0.000796 0.000583 0.000716 0.000375 0.000312 0.017980 1.708087 0.767023 0.564831 0.364846 0.105791 0.025246 0.114241 0.110342 0.134530 0.156488 0.063770 0.058722 0.096908 0.014252 0.008999 0.006769 0.014548 0.001852 0.001852 0.053804 0.041578 0.047290 0.001018 -0.006888 -0.114782 -0.003174 0.005335 0.000346 0.005850 0.022628 2.507637 4.519581 -0.028788 -0.016665 0.000202 0.000736 0.032580 0.009299 0.000360 0.000360 0.000297 -9999.000000 -9999.000000 -9999.000000 -9999.000000 -9999.000000 -9999.000000
-0.003577 -0.008941 -0.050686 -0.056869 -0.014777 -0.011377 -0.001518 -0.000935 -0.000416 0.000407 0.024300 2.222601 0.520614 0.222273 0.114378 0.101563 0.097922 0.021912 0.077125 0.096308 0.067299 0.083055 0.039866 0.097142 0.086926 0.001312 0.000133 0.000130 0.000360 0.000360 0.018595 0.018941 0.028344 0.001587 -0.011768 -0.144891 -0.000987 0.000180 -0.000180 0.000094 0.034151 2.005648 3.509432 1.547320 -0.026041 -0.000103 0.000066 0.000860 0.001064 -0.000360 -0.000360 -0.000911 -9999.000000 -9999.000000 -9999.000000 -9999.000000 -9999.000000 -9999.000000
-0.006661 -0.005823 -0.079014 -0.368051 -0.025993 -0.032948 -0.005434 -0.002540 -0.006814 -0.001106 0.141309 1.703392 0.968590 0.146125 0.001368 0.052062 0.084015 0.028682 0.032359 0.049614 0.050829 0.095644 0.025340 0.043279 0.115589 0.007701 -0.000136 -0.000130 -0.000360 -0.000360 0.000819 0.008544 0.010896 0.015739 -0.007216 -0.217031 -0.000539 -0.000346 -0.012309 -0.000869 0.144022 1.125471 2.558798 2.419448 -0.036799 -0.012015 -0.000367 0.000443 0.001531 -0.001612 -0.007501 -0.005196 0.001234 -9999.000000 -9999.000000 -9999.000000 -9999.000000 -9999.000000
-0.025528 0.285512 -0.290192 -0.127711 -0.060177 -0.008978 -0.001716 -0.000121 -0.003914 -0.001629 0.312369 2.329953 0.278489 0.251310 0.005085 0.109381 0.035346 0.022224 0.017878 0.013868 0.039915 0.083687 0.013127 0.005277 0.058536 0.112839 0.008892 -0.002244 -0.012633 -0.013707 -0.000197 0.000222 0.000136 0.007496 0.006820 -0.200961 -0.144415 -0.127012 -0.403037 1.279874 0.972697 1.560389 1.397249 1.178205 0.066173 0.000690 0.000426 0.000726 0.000335 -0.000514 -0.091090 -0.014196 -0.001689 -9999.000000 -9999.000000 -9999.000000 -9999.000000 -9999.000000
-0.478261 0.411307 -0.063128 -0.131760 -0.007799 -0.000902 0.000555 0.000396 0.000334 0.000439 0.580794 1.729275 0.529755 0.336335 0.023940 0.042730 0.031134 0.017623 0.011933 0.011324 0.030988 0.027103 0.004208 0.000232 0.000003 0.019373 0.018955 -0.004095 -0.045916 -0.029866 -0.000260 -0.000222 -0.000105 0.000086 0.000255 0.000219 0.069310 0.712723 1.565302 1.995528 1.076210 1.715800 0.297779 0.019451 0.016847 0.027076 0.000321 0.000166 0.000158 0.000222 0.000005 -0.004862 -0.002580 0.000296 -9999.000000 -9999.000000 -9999.000000 -9999.000000
-0.381700 0.328873 0.063192 0.146691 -0.000000 -0.000013 -0.000401 -0.000330 0.011653 0.002836 0.325918 2.335675 0.083524 0.069460 0.012715 0.015237 0.020162 0.007156 0.000765 0.010488 0.001106 0.000448 0.000018 -0.000100 -0.027428 0.213373 -0.111600 -0.133081 -0.199062 -0.008950 -0.009178 -0.008447 -0.013521 -0.000867 -0.000064 0.000033 0.425483 1.571758 1.660455 1.308208 0.319611 0.361707 0.033652 0.000287 0.000768 0.009987 0.000218 -0.000024 -0.000300 -0.000222 -0.000446 -0.006481 -0.038230 -0.003404 -9999.000000 -9999.000000 -9999.000000 -9999.000000
-0.068434 0.372216 0.173390 0.064508 -0.010909 -0.018127 -0.005288 -0.017279 0.325701 0.163339 0.467671 2.222591 0.083470 0.018510 0.000499 0.000347 0.000107 -0.000001 -0.000090 0.000000 -0.000791 -0.000591 -0.007386 -0.008072 0.542611 0.365400 -0.370338 -0.397379 0.000144 -0.005754 -0.007260 -0.029814 -0.035869 -0.000795 -0.000503 -0.000184 0.657443 2.094169 0.722053 0.515266 0.061511 0.124243 0.116759 0.000013 -0.000307 -0.000044 -0.000558 -0.000367 -0.001309 -0.013401 -0.001308 -0.003242 -0.069594 -0.019295 -9999.000000 -9999.000000 -9999.000000 -9999.000000
0.143553 0.681513 0.424701 0.016492 -0.458031 -0.416917 -0.846268 -0.700856 1.077078 0.417845 0.979911 1.746507 0.019786 0.015203 -0.000456 -0.000315 -0.000243 -0.009583 -0.007952 -0.014340 -0.013360 -0.008653 -0.029531 -0.544173 0.893374 0.386499 -0.838633 -0.406728 -0.001083 -0.003047 -0.029752 -0.086567 -0.032196 -0.017719 -0.013206 -0.001326 0.663171 2.086481 0.792191 0.063117 0.089742 0.177601 0.397896 -0.000314 -0.000549 -0.011663 -0.002071 -0.013930 -0.015657 -0.030969 -0.011684 -0.015489 -0.072652 -0.045547 -0.004722 -9999.000000 -9999.000000 -9999.000000
0.643081 1.114704 0.725768 -0.042655 -0.770837 -0.119182 0.025671 0.232493 1.557568 0.215657 0.938034 1.121611 0.023675 0.007170 0.020820 0.274810 0.487572 -0.051784 -0.017543 -0.031511 -0.026874 -0.027118 0.124607 0.534064 1.270346 0.415981 -0.701455 -0.440109 -0.023338 0.022261 -0.080871 -0.052881 -0.083326 -0.337997 -0.261683 -0.135731 0.912766 1.744169 0.827628 0.047433 0.066636 0.594425 0.632565 -0.407739 -0.087470 -0.035409 -0.014801 -0.034986 -0.014477 -0.048420 -0.031402 -0.024050 -0.074565 -0.038821 0.109416 -9999.000000 -9999.000000 -9999.000000
1.135878 1.622047 0.849718 -0.033778 -1.568641 0.048827 0.469816 0.720516 1.541153 -0.145505 0.837152 0.815175 0.012254 0.040947 0.016073 0.008849 0.512261 0.417537 -0.057055 -0.006962 -0.006544 -0.140516 0.294453 0.755428 1.293551 0.559363 -0.725254 -0.205648 0.154712 0.155079 0.091448 0.044317 -0.112977 -0.246339 -0.382778 -0.411729 0.591490 1.565503 1.604946 0.363043 0.434753 0.926896 0.652696 -0.843592 0.024128 -0.029026 -0.149206 -0.010118 -0.023256 -0.078058 -0.058268 -0.030283 0.047865 0.075690 0.193081 -9999.000000 -9999.000000 -9999.000000
1.395937 1.573112 0.943870 0.012299 -1.550378 0.039777 2.180149 2.092576 2.256955 -0.092048 0.921823 0.611261 0.075848 0.032353 0.027845 0.011847 0.001304 0.633916 0.315576 -0.045983 -0.073829 0.034142 0.373066 0.937912 1.440432 0.827527 -0.557084 -0.086578 0.061875 0.040423 0.025847 0.014131 -0.174753 -0.012546 -0.087984 -0.355645 0.352048 1.173160 1.151036 0.156652 0.203982 1.359121 1.431834 -0.325314 0.179677 -0.007716 0.000199 0.000222 -0.019125 -0.287228 -0.005364 -0.319605 0.131049 0.114704 0.174223 -9999.000000 -9999.000000 -9999.000000
1.276222 1.740481 1.146840 -0.325982 -1.796921 0.029820 0.012442 0.006295 0.022089 0.119233 0.131317 0.038764 0.070769 0.028556 0.025680 0.005206 0.000779 0.037497 0.206367 0.221981 0.115169 0.123290 0.612910 0.988663 1.485908 0.613265 -0.533175 0.033494 0.000000 0.000000 0.000000 0.000000 0.000000 0.445954 0.325933 -0.152262 1.025210 0.026947 0.015722 0.005663 0.014742 0.630958 0.768497 0.035608 0.024647 -0.000022 -0.000512 -0.000222 -0.001707 0.691294 0.357117 0.098789 0.128999 0.001408 0.014119 -9999.000000 -9999.000000 -9999.000000
0.855521 1.154802 0.773179 -0.672444 -1.243281 0.022620 0.000014 0.000624 0.007541 0.087662 0.068283 0.028585 0.041035 0.024317 0.021230 0.001052 0.000028 0.000268 -0.060357 0.332158 0.126125 0.076765 0.554017 0.951456 1.435853 0.731522 -0.384145 0.084591 0.050895 0.033809 0.006230 0.034048 0.162130 0.149167 0.516116 -0.019321 0.042322 0.002536 0.000459 0.001163 0.000765 0.837129 0.001373 0.020648 0.002654 -0.051088 0.003408 -0.003946 0.641433 0.708772 0.730245 0.437427 0.043224 0.002086 0.001621 -9999.000000 -9999.000000 -9999.000000
0.539499 0.781296 0.201845 -0.914897 0.209076 0.012523 0.000178 0.000940 0.021135 0.040541 0.010336 0.016722 0.011133 0.015741 0.015898 0.001169 -0.010927 -0.000301 0.016044 0.285169 0.032440 0.067371 0.557164 1.012946 1.487749 0.788361 -0.109696 0.144625 0.136924 0.061130 0.020279 0.011734 0.067456 0.039741 0.426725 0.040564 0.043447 0.009609 -0.000338 -0.000747 -0.000011 0.955396 0.004307 0.002966 0.001775 0.043413 0.082832 0.063933 0.234554 0.147858 0.008625 0.027394 0.066877 0.004320 0.002557 -9999.000000 -9999.000000 -9999.000000
0.301811 0.452118 -0.192316 -0.812090 0.018810 0.002291 0.001220 0.000674 0.001228 0.000546 0.000172 0.000066 0.000160 0.000340 0.007457 0.000425 -0.043437 -0.004748 0.025323 0.274564 0.092028 0.116237 0.625276 0.878311 1.326944 0.784326 -0.047600 0.019140 0.029794 0.038076 0.045094 0.000222 0.039179 0.023175 0.192092 0.026645 0.035798 0.046097 0.011143 -0.000965 -0.132678 1.170843 0.319797 0.006306 0.002832 0.034581 0.034080 0.047303 0.053086 0.018421 0.004586 0.012559 0.006551 0.003118 0.000397 -9999.000000 -9999.000000 -9999.000000
0.029390 0.132849 -0.358055 -0.134660 0.004379 0.006040 0.004727 -0.000828 -0.001053 -0.000422 0.000004 -0.000064 -0.000137 0.000000 0.000197 0.000235 -0.053776 -0.102880 -0.003016 0.255249 0.104895 0.158563 0.690261 0.942374 1.412094 0.579651 -0.006585 0.000495 0.001191 0.055271 0.057075 -0.000222 0.069818 0.044413 0.093144 0.017268 0.012959 0.012007 0.048130 -0.389656 -0.182290 1.121573 0.636950 0.142028 0.001378 0.008191 0.014496 0.020403 0.031879 0.009570 0.023759 0.001714 0.000259 0.000127 -0.000830 -9999.000000 -9999.000000 -9999.000000
-0.225680 -0.127237 -0.328881 0.002489 0.022820 0.008519 0.016502 -0.000947 -0.039650 -0.043896 -0.001666 -0.013236 -0.007584 -0.000340 -0.000061 0.000128 -0.004300 -0.362098 -0.049396 0.233282 0.121264 0.189989 0.916821 1.274417 1.440166 0.610635 0.001149 -0.000176 0.002168 0.092943 0.099317 0.038227 0.519753 0.272983 0.011624 0.008529 0.000743 0.005450 0.006130 -0.374104 -0.133376 0.827730 0.569247 0.094395 -0.000605 0.000023 0.000478 0.000730 0.008918 0.007433 0.009243 0.000086 -0.000121 -0.000146 -9999.000000 -9999.000000 -9999.000000 -9999.000000
-0.369661 -0.238487 -0.286153 0.012858 0.080580 0.019245 0.014869 -0.025850 0.040821 0.046102 -0.000612 -0.014969 -0.019094 -0.006948 -0.000846 0.000032 0.003530 -0.006043 -0.066931 0.173659 0.131758 0.196427 0.859896 1.246406 1.462223 0.630468 0.004884 0.018570 0.001907 0.004722 0.007613 0.096080 0.137721 0.060706 0.000800 -0.000010 -0.000250 0.000000 0.000059 0.000163 -0.160029 0.525432 0.350158 -0.073194 0.528320 -0.005125 -0.000129 -0.000080 0.000000 0.000000 0.000000 -0.000412 -0.000910 -9999.000000 -9999.000000 -9999.000000 -9999.000000 -9999.000000
-0.453602 -0.240120 -0.231812 0.039471 0.083015 0.062364 0.059935 -0.043294 0.017162 0.038288 0.002308 -0.000649 -0.003215 -0.014759 -0.002045 -0.000213 0.003193 0.077956 0.009407 0.031024 0.031638 0.046375 0.850670 1.574398 1.464373 0.623566 0.004170 0.011931 0.004050 0.000657 0.000887 0.019938 0.009850 0.006990 -0.000557 -0.007478 -0.012077 -0.013128 -0.000736 -0.000498 -0.214450 0.616928 0.309783 -0.052761 0.512378 0.663121 0.001102 -0.008305 -0.005878 -0.005878 -0.001821 -9999.000000 -9999.000000 -9999.000000 -9999.000000 -9999.000000 -9999.000000 -9999.000000
-0.478023 -0.276676 -0.151366 0.024485 0.032322 0.010520 0.008520 0.000488 0.000019 0.000389 -0.000007 -0.000196 -0.003518 -0.032090 -0.001038 -0.000462 0.028116 0.016895 -0.005434 0.043328 0.039972 0.161696 0.962492 1.697791 1.651979 0.547845 0.000225 -0.000000 -0.000012 -0.000305 -0.000284 -0.000012 0.014168 0.006850 -0.001967 -0.371591 0.135854 -0.320869 -0.017668 0.508819 0.033142 0.408876 0.278560 0.041486 0.465901 0.052208 -0.005446 -0.108935 -0.007948 -0.007948 -9999.000000 -9999.000000 -9999.000000 -9999.000000 -9999.000000 -9999.000000 -9999.000000 -9999.000000
-0.661127 -0.119403 -0.042985 0.011126 0.018140 0.007008 0.000570 -0.000058 -0.024037 -0.001291 -0.014667 -0.019995 -0.026287 -0.055723 -0.007664 -0.001136 0.014028 0.000673 -0.007541 0.181595 0.195641 0.262213 0.975812 1.677313 1.556676 0.694266 -0.000807 -0.011507 -0.021632 -0.009449 -0.000814 -0.003879 0.012864 0.005743 0.114328 -0.157963 0.173090 -0.075400 0.005461 0.161675 0.151278 0.270346 0.037490 0.066305 0.034858 0.013229 0.000321 0.000008 -9999.000000 -9999.000000 -9999.000000 -9999.000000 -9999.000000 -9999.000000 -9999.000000 -9999.000000 -9999.000000 -9999.000000
-0.714360 -0.093493 0.065426 0.018336 0.006923 0.000536 0.000299 -0.000319 -0.056317 -0.066121 -0.023227 -0.039976 -0.058516 -0.056931 -0.014692 -0.008824 -0.000300 -0.006513 0.016486 0.210502 0.247876 0.507109 1.058007 1.525759 1.355637 0.526663 0.083155 -0.011896 -0.180517 -0.043540 0.000283 0.002010 0.017922 0.006253 0.019209 0.045210 0.168543 0.001021 0.001369 0.000494 0.456917 0.010858 0.002405 0.024418 0.002773 0.007631 -9999.000000 -9999.000000 -9999.000000 -9999.000000 -9999.000000 -9999.000000 -9999.000000 -9999.000000 -9999.000000 -9999.000000 -9999.000000 -9999.000000
-0.608404 0.303248 0.032612 0.006814 -0.000015 -0.000442 -0.000548 0.000179 -0.006729 -0.203025 -0.028990 -0.057180 -0.091458 -0.015285 -0.029456 -0.018135 -0.009199 -0.044224 0.208346 0.463332 0.433019 0.741610 1.200784 1.717012 1.317933 0.489597 0.126654 0.102484 0.147717 -0.046070 0.002119 0.009083 0.023034 0.000394 0.000569 0.001618 0.109335 0.000930 -0.000324 -0.000312 0.046258 0.012789 0.000444 0.001321 0.004048 0.000346 -9999.000000 -9999.000000 -9999.000000 -9999.000000 -9999.000000 -9999.000000 -9999.000000 -9999.000000 -9999.000000 -9999.000000 -9999.000000 -9999.000000
-0.551896 0.013727 0.027329 -0.000168 -0.010099 -0.011788 -0.007988 0.000318 0.015181 -0.300131 -0.206155 -0.066213 -0.130061 -0.018128 -0.037810 -0.022199 -0.018119 0.061065 0.184256 0.479068 0.537544 0.886348 1.256314 0.831295 0.852001 0.115928 0.114268 0.054800 0.260686 -0.005729 0.002551 0.011248 0.028921 -0.000331 -0.000247 0.004290 0.126793 0.001403 -0.001156 -0.109206 0.038423 0.002162 0.000108 0.000277 0.000180 -0.000180 -9999.000000 -9999.000000 -9999.000000 -9999.000000 -9999.000000 -9999.000000 -9999.000000 -9999.000000 -9999.000000 -9999.000000 -9999.000000 -9999.000000
0.118480 0.006816 0.013972 -0.000421 -0.046016 -0.041059 -0.034158 0.000217 0.011287 -0.143003 -0.268837 -0.401103 -0.295448 0.029921 0.026472 -0.117949 -0.003494 0.182485 0.449576 0.390939 0.503499 1.504310 0.857239 0.984026 0.987683 0.163935 0.170459 0.039318 0.414558 -0.002444 0.000305 0.008217 0.241499 0.009259 -0.000554 0.029842 0.034183 0.002508 -0.008410 -0.207011 0.014177 0.002896 0.000361 -0.000063 -0.000346 -9999.000000 -9999.000000 -9999.000000 -9999.000000 -9999.000000 -9999.000000 -9999.000000 -9999.000000 -9999.000000 -9999.000000 -9999.000000 -9999.000000 -9999.000000
