use_cases/Flooding_chicago/flooding_data/output/hUy_780.asc
ncols 337
nrows 393
xllcorner 428428.000000
yllcorner 4602440.000000
cellsize 26.757400
NODATA_value -9999.000000
[rows 104 to 129 of 393, columns 232 to 289 of 337]
-0.407204 -0.067208 -0.087856 -0.057494 -0.070653 -0.322462 -0.361456 -0.014544 -0.002109 0.006931 0.025607 0.242528 0.041212 -0.006698 -0.006698 -0.013170 -0.011483 -0.159856 0.444615 0.001608 0.001194 -0.000380 -0.002415 0.000912 0.000421 0.029822 0.035307 -0.000168 0.000118 0.000531 0.006948 0.032078 0.027561 0.024317 0.106052 -0.139999 -0.000003 -0.000208 0.534139 0.300213 -0.022171 0.796494 0.533846 1.282390 0.491318 -0.013835 1.159306 0.769423 -0.147750 -0.969843 0.032195 0.026493 0.013384 0.029863 0.267545 1.203129 1.168998 0.249251
0.055203 -0.044203 -0.188072 -0.097373 -0.120685 0.048416 -0.691469 -0.030702 -0.006899 0.006470 0.000947 0.047192 0.048874 -0.014260 -0.012765 -0.035301 -0.081385 -0.254246 0.715935 0.023747 0.000296 -0.000238 -0.002161 -0.001884 -0.000547 -0.000018 0.000151 -0.004417 -0.000600 -0.000449 -0.000015 0.002059 0.000326 0.008964 0.000294 -0.085473 -0.007677 0.427541 0.816851 0.338471 0.078548 0.600576 0.349335 1.487415 0.277093 0.127563 0.742709 0.830226 0.290666 0.014063 0.007350 0.018868 0.012726 0.029971 0.180189 0.039712 0.045969 0.022581
0.157559 0.132706 0.022515 0.010485 0.014787 0.114849 -0.734349 -0.289810 -0.002959 0.000018 0.000389 0.000905 0.000000 -0.004350 -0.002900 -0.245232 -0.030166 -0.179118 0.776384 0.010053 -0.000328 0.000041 -0.001588 -0.001685 -0.011166 -0.034726 -0.002188 -0.007004 -0.006750 -0.006990 -0.022131 -0.002709 -0.000208 -0.000003 0.000122 -0.031480 0.024877 0.476383 0.967435 0.020468 0.016563 0.872380 0.279260 1.752735 0.243130 0.088250 0.068110 0.130186 0.225687 0.049088 0.000818 0.009311 0.009922 0.036411 0.113727 0.046692 0.021279 0.026346
0.183000 0.036632 0.000399 0.000621 0.000017 0.065675 -0.707894 -0.013057 -0.002675 -0.004757 -0.000987 -0.001296 -0.011704 -0.002873 -0.002386 -0.043144 -0.132871 0.354150 0.880354 0.001153 0.000763 -0.000243 -0.000868 -0.012336 -0.020963 -0.201542 -0.002379 -0.004826 -0.006547 -0.005350 -0.071781 -0.039915 -0.007370 -0.006221 -0.001604 -0.000005 0.081093 0.491743 0.872917 0.063730 0.049193 0.208137 0.427740 2.692957 0.043740 0.026925 0.004041 0.021430 0.316041 0.126729 0.009267 0.000360 0.000360 0.027650 0.028101 0.034906 0.024989 0.013167
0.210532 -0.189902 -0.000323 -0.000042 -0.008640 0.083815 -0.373910 0.063256 0.037627 -0.004517 -0.006206 -0.007507 -0.036968 -0.016167 -0.002995 0.111759 -0.058026 0.031593 0.025150 -0.000264 -0.001414 -0.008147 -0.004363 -0.026133 -0.021159 -0.169459 -0.000726 -0.002796 -0.005218 -0.002771 -0.076937 -0.092409 -0.009665 -0.138226 0.038360 -0.000502 0.166503 0.632429 0.923651 0.154812 0.100098 0.171568 0.180389 2.043622 0.173143 0.018199 0.015297 0.094546 0.392555 0.021910 0.007847 -0.000360 -0.000360 0.001727 0.001446 0.001213 0.013774 0.005981
0.068572 -0.314709 -0.000871 -0.000527 -0.096245 0.031385 -0.098144 0.125975 0.083343 -0.002740 -0.005829 -0.005155 -0.139440 -0.094887 0.008425 0.000744 0.001941 0.020729 -0.000056 -0.001985 -0.005063 -0.008012 -0.014537 -0.023692 -0.146786 -0.172298 -0.000089 -0.002023 -0.002733 -0.013405 -0.011535 -0.263622 -0.094969 -0.055582 0.040134 0.112870 0.244918 0.311657 0.421215 0.280977 0.091851 0.278720 0.384696 1.440479 0.163394 0.053256 0.031733 0.166940 0.240427 0.035457 0.004072 -0.007953 -0.012593 -0.001452 -0.000545 -0.000093 -0.000000 -0.000003
-0.151424 -0.249285 -0.000825 -0.000436 0.023816 -0.026072 0.207310 0.194290 0.224814 -0.090000 -0.002953 -0.002354 -0.019366 0.074145 0.004161 0.000451 0.000243 0.000109 -0.000561 -0.045685 -0.003346 -0.004845 -0.003371 -0.003479 -0.077574 -0.131851 -0.006892 -0.008841 -0.012735 -0.199653 -0.179583 -0.185510 -0.150357 -0.032008 0.041390 0.197720 0.308949 0.422611 0.621982 0.190287 0.245566 0.200634 0.597221 0.704831 0.190215 0.098426 0.015634 0.083776 0.153936 0.163367 0.024961 -0.021071 -0.043490 -0.014531 -0.024269 -0.010271 -0.019328 -0.011001
-0.280674 -0.246515 -0.002219 -0.008010 0.130067 0.048204 0.457132 0.353170 0.268131 -0.070526 -0.193126 0.096911 -0.175407 0.527918 -0.004384 0.001701 -0.000027 -0.000722 -0.006397 -0.082894 -0.041332 -0.016137 -0.005919 -0.002707 -0.031786 -0.208852 -0.187062 -0.077388 -0.037416 -0.632721 -0.734848 -0.105252 -0.006145 -0.012774 0.100037 0.064111 0.196495 0.253712 0.490304 0.317791 0.784004 0.657061 0.231015 0.321530 1.149329 0.117754 0.017357 0.017026 0.064635 0.250735 0.106231 -0.044373 -0.065748 -0.027900 -0.054661 -0.044334 -0.028065 -0.023097
-0.148636 -0.253071 -0.113527 -0.236485 0.755196 0.296485 0.924144 0.360736 0.231010 -0.116355 -0.422138 0.218712 -0.302497 0.712654 -0.018079 0.002661 0.000781 -0.002081 -0.121115 -0.096227 -0.104556 -0.025294 -0.002482 -0.012744 -0.012197 -0.825061 -0.649146 -0.311315 -0.578870 -0.354247 -0.425546 0.002497 0.031093 -0.005488 0.006177 0.000477 0.261496 0.312032 0.739756 0.842304 0.911552 0.476643 0.347702 0.633480 0.449502 0.240621 0.061649 0.031272 0.109674 0.136623 0.228153 0.191709 -0.378708 -0.522973 -0.359558 -0.046134 -0.064009 -0.057984
-0.000518 -0.000027 -0.000001 -0.061623 1.660119 0.635344 0.777595 0.258070 0.175162 -0.116205 -0.464637 0.435191 -0.224928 0.696835 0.021547 0.001572 0.002016 -0.000160 -0.281824 -0.039665 -0.210286 -0.127803 -0.011724 -0.018734 -0.006962 -0.145313 -0.286026 -0.129205 -0.000046 -0.000057 -0.347292 -0.000258 0.000015 0.000344 0.000000 0.000000 0.180502 0.248623 2.213141 1.241596 0.671966 0.322506 0.138393 0.541150 0.031342 0.062811 0.059791 0.069278 0.035027 0.008003 0.922299 0.324867 -0.053972 -0.275526 -0.188511 -0.265205 -0.080659 -0.007362
0.000220 -0.002149 -0.020429 0.268739 1.819164 1.166610 0.587415 0.186357 0.007089 0.149356 0.298880 1.494378 0.191236 0.015017 0.000654 0.000264 0.000000 -0.001124 0.000216 -0.013374 -0.407578 0.078801 -0.911737 -0.056458 -0.008584 0.088505 -0.369082 -0.286129 -0.062173 -0.123886 -0.180527 0.047197 -0.016508 -0.001084 -0.012038 -0.000477 0.106797 0.063690 2.621146 1.566859 0.732347 0.002209 0.149611 0.442310 0.024257 0.015844 0.029075 0.079412 0.031696 0.004528 0.425844 0.339679 -0.078676 -0.152345 -0.042646 0.600214 -0.018809 -0.000956
-0.000015 -0.001365 0.191317 0.948657 1.904354 0.328916 0.258268 0.007114 0.001744 0.018598 0.041953 0.041070 0.018853 0.001026 -0.000806 -0.002118 -0.012913 -0.002426 -0.000664 -0.003648 -0.194569 0.684700 -0.519147 -0.249377 -0.005478 0.102059 -0.287478 -0.159783 -0.048936 -0.125743 -0.047722 0.083357 0.148178 0.175343 -0.020420 0.012262 0.015696 -0.065916 3.654900 1.644839 0.693163 0.288414 0.057164 0.057439 0.009478 0.002727 0.003341 0.079649 0.001874 0.000222 0.020592 0.344498 -0.198092 -0.178202 -0.107368 0.851449 -0.008216 0.005658
-0.000354 -0.000724 0.349600 0.928859 1.662856 0.020713 0.042264 0.017590 0.000930 0.013208 0.007980 0.008764 0.012038 0.000149 -0.018767 -0.023390 -0.035129 -0.017877 -0.015504 -0.002950 0.000086 0.631981 -0.303835 -0.114426 -0.057407 0.146892 -0.290610 -0.111703 0.052005 -0.088117 -0.075555 0.001917 0.244669 0.298440 0.010721 0.031079 0.068916 0.149375 2.688424 0.765494 0.478462 0.036150 0.023890 0.067568 0.000260 0.004291 0.005495 0.024420 0.006125 -0.000222 0.009237 0.019442 -0.003834 -0.077790 -0.238181 1.356553 -0.027843 0.000005
-0.000170 0.230938 0.717177 0.915610 1.741639 0.038727 0.067901 0.029096 0.000107 0.000101 0.000380 0.000340 0.000252 -0.000186 0.095019 0.074703 0.076061 -0.158023 -1.002796 0.334284 -0.000464 0.366406 -0.168916 -0.175583 0.107826 0.494884 -0.431079 0.012089 0.445036 0.026871 -0.093959 0.003877 0.040355 0.178059 0.021804 0.021414 0.070237 0.269015 2.083416 1.296856 0.320651 0.016434 0.005255 0.053328 0.005255 0.005295 0.000330 0.000401 0.000013 -0.011048 -0.000478 0.016924 0.007768 0.167543 -0.147441 0.721137 0.000035 -0.007487
0.006617 0.467175 0.799438 0.739539 1.507692 0.088272 0.130540 0.028905 -0.000091 -0.000065 0.000137 -0.000000 0.000297 0.000267 0.109558 0.088695 0.087776 -0.013029 -0.555531 0.540488 0.083534 0.955166 -0.149185 -0.243823 0.161821 0.808054 -0.374255 0.185678 0.506043 0.218714 0.109720 0.085408 0.078736 0.110411 0.118288 0.059549 0.008069 0.537699 0.898915 2.217877 0.130089 -0.000009 -0.000508 0.000277 0.004216 0.019108 -0.000396 -0.000555 0.011805 -0.121321 0.134612 0.034976 0.018452 0.303869 0.010344 0.031108 0.001002 -0.009687
0.005804 0.893344 1.691353 0.841198 0.944031 0.052860 0.118101 0.089047 0.011221 0.004264 -0.000141 -0.000340 -0.000008 0.000099 0.002306 0.109911 0.096687 -0.000997 -0.319348 0.611384 0.379977 1.151743 -0.146508 -0.334140 0.299776 0.890233 -0.408414 0.053016 0.059277 0.024148 0.126462 0.040993 0.029875 0.068415 0.128129 0.101963 0.039532 0.096018 0.258826 2.833964 0.242416 0.064829 0.029016 0.054137 0.001472 0.021387 -0.076039 -0.078265 0.026873 0.031297 0.035834 0.045363 0.042628 0.263492 0.033672 0.001219 0.000000 -9999.000000
0.464893 1.402455 0.867218 0.066648 0.038423 0.025758 0.022040 0.170044 0.014275 0.042116 -0.000008 -0.006670 -0.007560 -0.000273 0.009151 0.012846 0.008423 0.004336 0.077778 0.562698 0.485348 1.499245 -0.135438 -0.374460 0.007516 1.077850 -0.220157 0.051008 0.024449 0.024233 0.038265 0.026402 0.014064 0.027723 0.089383 0.102450 0.017969 0.009482 0.290007 2.860954 0.273452 0.143501 0.121012 0.131893 0.133219 0.042360 0.071941 0.105175 0.022765 0.042080 0.008637 0.028225 0.052931 0.061901 0.035861 0.006000 -9999.000000 -9999.000000
0.131299 0.875589 0.064894 0.041640 0.018012 0.028987 0.020956 0.078421 0.050141 0.015976 0.000941 -0.024576 -0.011736 0.005808 0.016291 0.010262 0.004122 -0.001036 0.003121 0.669062 0.690301 1.767795 0.063535 -0.070654 0.000668 0.340073 0.001940 0.026170 0.001322 0.001780 0.008845 0.006668 0.016085 0.013279 0.047530 0.078028 0.011974 0.025368 0.154820 2.889986 0.401777 0.028270 0.057617 0.036211 0.077465 0.065884 0.044504 0.131940 0.017400 0.003713 0.005540 0.021309 0.024375 0.025686 0.006089 0.005463 -9999.000000 -9999.000000
0.169948 0.579600 0.226184 0.023787 0.008085 0.017390 0.017743 0.045017 0.010758 0.009170 0.000655 -0.147649 -0.092885 0.005372 0.003425 -0.000484 -0.000976 0.148532 0.024915 0.204679 0.420516 1.330250 0.225248 0.001074 0.001635 0.317812 -0.000277 0.001746 0.002033 0.007117 0.043079 0.016587 0.050895 0.003787 0.037123 0.028485 0.013049 0.091315 0.170315 3.393309 0.461129 0.009006 0.016222 0.002987 0.120979 0.082063 0.105173 0.271807 0.106071 0.025314 0.001802 0.013963 0.087618 0.072560 0.009042 0.000633 -9999.000000 -9999.000000
0.183212 0.348750 0.229778 0.020795 0.000066 0.001897 0.010305 0.002028 0.000622 0.000184 0.000008 -0.022814 0.002294 -0.014249 -0.015079 -0.007265 -0.002386 0.255041 0.429545 0.088432 0.395378 1.227726 0.218240 0.009474 0.005629 0.301263 0.131470 0.003306 0.016787 0.050646 0.037188 0.046498 0.024742 0.008244 0.008426 0.010401 0.001099 0.144615 0.179464 2.202032 1.021458 0.000620 0.003149 0.011046 0.191088 0.146358 0.045196 0.049575 0.026761 0.026992 0.010621 0.066010 0.044829 0.018443 0.000803 -9999.000000 -9999.000000 -9999.000000
0.118784 0.142889 0.183302 0.107283 0.009748 0.002347 0.000445 0.000175 -0.000263 -0.000153 -0.000074 0.013027 0.010257 -0.031010 -0.021753 0.439419 0.205268 0.305626 0.715492 -0.088609 0.240634 1.153074 0.570231 0.025093 0.026847 0.034027 0.367628 0.026445 0.013964 0.032225 0.020821 0.013491 0.014043 0.000376 0.000723 0.000376 0.000070 0.175451 0.131718 1.420893 1.754040 0.000022 0.003205 0.025982 0.130244 0.050730 0.029693 0.009379 0.019048 0.004711 0.018767 0.068646 0.006621 0.000212 -9999.000000 -9999.000000 -9999.000000 -9999.000000
0.009417 0.016417 0.092167 0.095148 0.069713 0.019393 0.000581 -0.000535 -0.005275 -0.006907 -0.000468 0.068793 0.019702 -0.007568 0.166089 0.567625 0.302723 0.345739 1.104340 -0.091872 0.329277 1.215868 1.097807 0.057562 0.048163 0.040960 0.048215 0.024154 0.015238 0.014291 0.007168 0.001330 0.018819 -0.000376 -0.000723 -0.000376 -0.000259 0.235596 0.113077 0.445761 2.489597 1.160927 0.000097 0.011564 0.096758 0.066400 0.004861 0.000096 0.001896 0.001405 0.023629 0.020602 0.001230 -9999.000000 -9999.000000 -9999.000000 -9999.000000 -9999.000000
0.007171 0.006994 0.072709 0.047977 0.016670 0.028315 0.001037 -0.007499 -0.020500 -0.049298 -0.018923 0.051642 0.019202 0.142359 0.228553 0.771933 0.616289 0.472938 0.068681 0.131870 0.103769 0.374622 0.421592 0.198216 0.047172 0.016496 0.014428 0.012696 0.005869 0.000340 0.000156 0.000095 0.000007 0.322548 0.177410 0.160708 0.161070 0.300230 0.099247 0.047144 1.163480 1.526257 0.078494 0.008941 0.066172 0.053364 0.015574 0.001695 0.000385 0.003123 0.015745 0.000759 -9999.000000 -9999.000000 -9999.000000 -9999.000000 -9999.000000 -9999.000000
0.000021 0.000809 0.057949 0.007978 0.008172 0.023319 0.001756 -0.013995 0.406459 -0.369982 -0.297650 -0.021870 0.021682 0.182514 0.234408 0.788097 0.175838 0.049008 0.045065 0.117625 0.094174 0.233111 0.214525 0.293773 0.059725 0.003139 0.005343 0.000858 0.000338 -0.000000 -0.000100 -0.000215 0.282289 0.329758 0.008075 0.011727 0.007941 0.022386 0.002095 0.000869 0.089492 1.817926 0.214739 0.030492 0.035952 0.014545 0.022649 0.005158 -0.000145 0.001876 0.003699 -9999.000000 -9999.000000 -9999.000000 -9999.000000 -9999.000000 -9999.000000 -9999.000000
-0.008910 0.000950 0.019605 0.001489 0.001879 0.011143 0.001394 0.036819 0.746786 -0.309923 -0.374246 0.008998 0.041416 0.429885 0.471042 0.866377 0.094473 0.021445 0.006637 0.109750 0.104203 0.122004 0.091031 0.316583 0.042544 0.035118 0.000765 0.003298 0.000528 -0.000340 -0.001100 0.098322 0.231314 0.001244 0.000600 0.000779 0.000388 0.000665 0.000367 0.000660 0.089872 1.407663 1.194868 0.018873 0.006113 0.020472 0.024576 0.009903 -0.000302 0.002687 0.009197 0.002482 -9999.000000 -9999.000000 -9999.000000 -9999.000000 -9999.000000 -9999.000000
-0.021763 0.000222 0.000363 0.000767 0.002577 0.000675 0.013331 0.059608 0.035818 0.037501 0.055476 0.025995 0.137370 0.569242 0.272812 0.256250 0.073929 0.016351 0.025365 0.154707 0.164392 0.065689 0.109122 0.138680 0.045407 0.076741 0.001983 0.027779 0.002382 0.001575 -0.001177 0.118171 0.122985 0.000595 -0.000292 -0.000725 -0.000369 0.000895 0.000759 0.000997 0.053707 1.266388 1.244583 0.000747 0.000590 -0.024238 0.224769 0.089944 0.001739 0.001152 0.028106 0.003825 -9999.000000 -9999.000000 -9999.000000 -9999.000000 -9999.000000 -9999.000000
