use_cases/Flooding_chicago/flooding_data/output/hUy_1680.asc
ncols 337
nrows 393
xllcorner 428428.000000
yllcorner 4602440.000000
cellsize 26.757400
NODATA_value -9999.000000
[rows 130 to 155 of 393, columns 116 to 173 of 337]
-0.032087 -0.176685 0.002790 0.001759 -0.016927 -0.601619 -0.194794 0.441410 0.318900 -0.232350 -0.258127 -0.372860 -0.194392 -1.124000 -2.068721 -1.291838 -0.220137 -1.545191 -0.284599 0.114118 0.061456 -0.256679 -0.294073 0.001031 -0.000132 0.173865 -0.587993 -0.210506 -0.026747 -0.047460 -0.069463 0.000222 -0.021275 -0.141085 -0.027037 -0.024565 -0.016392 -0.013556 -0.000240 -0.000150 0.000000 0.000000 -0.000069 -0.000066 0.000047 0.000146 0.003159 0.195203 0.212399 0.035161 0.016923 0.027931 0.036739 0.025823 0.030516 0.026455 0.025516 0.033730
-0.050735 -0.208272 0.004098 0.002578 0.012363 -0.421841 -0.165236 0.460069 0.161960 -0.214366 -0.253434 -0.287662 -0.197807 -1.062909 -1.537801 -1.213478 -0.257973 -1.408220 -0.426667 0.059031 -0.002464 -0.211593 -0.174692 -0.000692 -0.000372 0.197761 -0.373089 -0.024744 -0.296937 -0.024027 -0.038315 -0.000222 -0.005099 -0.035635 -0.412111 -0.064930 -0.049516 -0.014740 -0.014086 -0.001443 -0.010881 -0.009050 -0.015672 -0.006182 -0.000443 0.000124 0.007547 0.112570 0.107972 0.037147 0.016290 0.018832 0.031350 0.017935 0.029764 0.012587 0.013969 0.001976
-0.120690 -0.231313 0.001616 0.001361 0.000552 -0.499479 -0.169252 0.472242 0.290899 -0.184994 -0.150420 -0.259248 -0.192711 -0.991491 -1.428995 -0.953060 -0.226424 -1.001096 -0.404173 0.020233 -0.089248 -0.312849 -0.178952 -0.062421 -0.128601 0.292906 -0.308184 0.044043 -0.191885 0.019806 -0.146815 -0.006412 -0.002953 -0.245905 -0.172228 -0.293294 -0.061416 -0.032943 -0.026770 -0.009448 -0.017085 -0.020062 -0.036572 -0.023542 -0.041511 0.000000 0.002822 0.030260 0.065357 0.033062 0.000605 0.007410 0.014215 0.009476 0.016527 0.000347 0.000008 -0.000173
-0.313160 -0.335957 -0.004002 -0.002378 -0.000643 -0.358171 -0.070983 0.484104 0.190255 -0.085701 -0.107274 -0.139569 -0.170150 -1.045592 -1.629206 -0.844220 -0.203790 -0.849142 -0.351749 0.026081 -0.113298 -0.282026 -0.138720 -0.057037 -0.102362 0.292146 -0.284718 0.037069 -0.181999 0.035535 -0.090413 -0.039647 -0.004407 0.002615 -0.162931 -0.160548 -0.440646 -0.066079 -0.029892 -0.015948 -0.018227 -0.026822 -0.037910 -0.041594 -0.097745 -0.027475 -0.000329 0.002676 0.024995 0.011018 0.000294 0.000093 0.000091 0.000000 0.000000 -0.000178 -0.005152 -0.021789
-0.480266 -0.457391 -0.004686 -0.002530 -0.010846 -0.189857 0.015303 0.208308 0.147911 -0.071952 -0.091807 -0.105575 -0.088619 -0.921109 -1.466872 -1.028030 -0.237199 -0.706532 -0.208956 0.046781 -0.147169 -0.340715 -0.125948 -0.053619 -0.108047 0.120021 -0.235101 -0.009202 -0.183676 0.047224 0.005934 -0.011705 -0.004531 0.000576 0.002203 0.000451 -0.241495 -0.667075 -0.032651 -0.017867 -0.019124 -0.048479 -0.010730 -0.049597 -0.135565 -0.099358 -0.010402 -0.000201 0.000102 0.000098 -0.000002 -0.000144 -0.000852 -0.011185 -0.008591 -0.010178 -0.016174 -0.044500
-0.256943 -0.419863 -0.164918 -0.111217 -0.088540 0.111513 0.177826 0.153588 0.142746 -0.207606 -0.206398 -0.195036 -0.062437 -0.685133 -1.349260 -0.997656 -0.473689 -0.721260 -0.179683 -0.009985 -0.173111 -0.317795 -0.156713 -0.101694 -0.078075 -0.014117 -0.242334 -0.046421 -0.161407 0.072339 0.061993 0.000000 -0.006180 -0.002341 0.098454 -0.047156 -0.042852 -0.541261 -0.139548 -0.046985 -0.046256 -0.049304 -0.022552 -0.054741 -0.180351 -0.155866 -0.033143 -0.000688 -0.000224 -0.001324 -0.013548 -0.009762 -0.008292 -0.023370 -0.016078 -0.022101 -0.026321 -0.027809
-0.001200 -0.264688 -0.151875 -0.250120 -0.127886 0.412550 0.228704 0.217663 0.109370 -0.201339 -0.204344 -0.192504 -0.080380 -0.665379 -0.890525 -0.699370 -0.402548 -0.659230 -0.171648 -0.045372 -0.197418 -0.382580 -0.196568 -0.134320 -0.200553 -0.154535 -0.232177 -0.087207 -0.093341 0.117280 0.002155 -0.006758 -0.147074 -0.075269 0.398946 0.041825 -0.017950 -0.430838 -0.166502 -0.019587 -0.019221 -0.016494 -0.044442 -0.030649 -0.646040 -0.612301 -0.018684 -0.000737 -0.009146 -0.006059 -0.071885 -0.018567 -0.025213 -0.015884 -0.020873 -0.024678 -0.021256 -0.028968
-0.113389 -0.119926 -0.069511 -0.591913 0.110294 0.170209 0.234962 0.243032 0.068985 -0.168494 -0.168562 -0.111066 -0.044966 -0.497425 -0.845211 -0.646200 -0.454017 -0.512769 -0.142105 -0.056161 -0.114687 -0.314820 -0.230921 -0.124411 -0.223818 -0.261222 -0.264522 -0.108570 -0.113703 0.000227 0.001016 -0.432463 0.054982 0.114201 0.636997 0.017462 -0.042537 -0.411371 -0.247334 -0.015070 -0.011840 -0.006848 -0.010334 0.001554 -0.552124 -0.328032 -0.002364 -0.018607 -0.019630 -0.008884 -0.112770 -0.029953 -0.020591 -0.036064 -0.026385 -0.031748 -0.032916 -0.090872
-0.274545 -0.161239 -0.149691 -0.271496 -0.055389 0.191810 0.209399 0.265256 0.006891 -0.185173 -0.198493 -0.101250 -0.048654 -0.478108 -0.717402 -0.692621 -0.411418 -0.655482 -0.084451 -0.050064 -0.103020 -0.320140 -0.201851 -0.058233 -0.176234 -0.331220 -0.303121 -0.110772 -0.102608 -0.075434 -0.027795 -0.120739 0.118584 0.178875 0.701785 -0.090837 -0.073990 -0.460613 -0.382986 -0.007601 -0.054147 -0.035311 -0.007076 0.020633 -0.326458 -0.190358 -0.281849 -0.651923 -0.038250 -0.027294 -0.096040 -0.061743 -0.015655 -0.059729 -0.054440 -0.020094 -0.030662 -0.350735
-0.176716 -0.116637 -0.131908 -0.022431 -0.028536 0.166817 0.137018 0.300120 -0.085443 -0.186680 -0.213593 -0.128961 -0.077394 -0.475935 -0.517403 -0.449093 -0.446787 -0.648040 -0.071610 -0.050084 -0.061539 -0.241554 -0.106599 -0.027421 -0.026102 -0.242049 -0.263978 -0.183243 -0.138401 0.055904 0.151358 0.049237 0.207700 0.420328 1.038139 -0.208906 -0.149393 -0.187316 -0.360710 -0.200425 -0.144569 -0.423693 -0.113417 -0.029594 -0.113337 -0.251463 -0.203035 -0.429425 -0.597500 -0.050254 -0.067401 -0.090046 -0.747375 -0.751571 -0.800943 -0.013474 -0.002914 0.044099
0.000002 -0.039513 -0.085879 -0.037370 0.197452 0.225573 0.136304 0.306691 -0.140095 -0.208015 -0.219450 -0.101701 -0.063761 -0.454348 -0.492853 -0.460449 -0.460557 -0.442913 -0.031948 -0.023033 -0.039484 -0.105600 -0.055147 0.026606 0.005355 -0.155976 -0.160188 -0.109094 0.005858 0.121124 0.171726 0.292789 0.444498 0.479410 1.167668 -0.143058 0.027105 0.200517 -0.155621 -0.753019 -0.219459 -0.210115 -0.064885 -0.305624 0.085430 -0.196997 -0.244120 -0.481295 -0.520228 -0.428951 -0.379953 0.267978 1.072316 0.530884 -0.448384 -0.666568 -0.007218 2.033525
-0.007278 -0.041650 -0.264673 -0.025779 0.274696 0.132730 0.060943 0.099374 -0.088129 -0.211386 -0.263585 -0.092639 -0.029903 -0.487599 -0.463389 -0.545923 -0.620311 -0.331538 0.002409 -0.020119 -0.006100 -0.060242 0.017045 0.090895 0.043060 0.003783 0.118880 0.120082 0.176832 0.218741 0.310206 0.792572 0.881157 0.784308 0.013350 0.023506 0.893601 0.012504 0.022032 0.043294 0.168859 0.358540 -0.059243 -0.663096 0.526645 -0.006503 -0.306104 -0.212671 -0.570486 0.162815 0.652488 0.507511 0.400199 0.320929 -0.938800 -1.121509 -0.010240 0.449069
0.036954 0.001112 0.396895 0.092467 0.511721 0.028711 -0.014366 0.053723 -0.006543 -0.209448 -0.245621 -0.147150 -0.133682 -0.385030 -0.444540 -0.423807 -0.593446 -0.291610 0.025575 -0.044571 0.054286 -0.037689 0.027439 0.188938 0.174693 0.140576 0.575674 0.457822 0.812086 0.538503 0.062425 0.047361 0.071237 0.022981 0.013223 0.006653 0.052250 0.012288 0.009545 0.012849 0.022599 0.038687 -0.005988 -0.088339 0.562539 0.111096 -0.116286 0.187933 -0.219049 0.345349 0.602332 0.007130 0.001621 0.001335 -0.676682 -1.229954 0.017021 0.201739
0.176874 0.180716 0.557535 0.221278 0.401055 -0.110487 -0.092399 0.037920 0.056061 -0.097664 -0.183507 -0.207799 -0.171309 -0.410708 -0.436078 -0.368465 -0.488115 -0.244838 0.005679 -0.013679 0.090005 -0.001899 0.006741 0.453745 0.065743 0.066789 0.090298 0.152431 0.138571 0.138299 0.006224 0.044936 0.056488 0.010511 0.000600 0.001970 0.003101 0.001737 0.000080 0.000545 0.004741 0.032629 0.012752 0.038637 0.517212 0.181458 0.167659 0.321981 0.041431 0.081400 0.013414 0.001244 0.001087 0.001367 -0.221648 -0.783630 0.025550 0.201167
0.199137 0.041810 0.079789 0.040767 0.032536 -0.254530 -0.207257 0.151355 0.067342 -0.005273 -0.039146 -0.184865 -0.307071 -0.428652 -0.419325 -0.386525 -0.456667 -0.102453 0.020144 -0.008318 0.153240 -0.000987 -0.005457 0.012337 0.028893 0.023865 0.052962 0.072194 0.059196 0.036747 0.021628 0.020169 0.025358 0.001129 -0.000285 0.000108 0.003489 0.001574 -0.000510 0.000287 0.000408 0.019304 0.002065 0.000774 0.000787 0.010805 0.020214 0.377807 0.001424 0.000731 0.000554 0.000813 0.001019 0.015884 -0.075022 -0.617979 0.049514 0.179534
0.010191 0.000316 0.007353 0.033499 0.017960 -0.254785 -0.182189 0.335552 0.189500 0.055421 -0.018687 -0.036470 -0.353462 -0.676207 -0.609466 -0.311123 -0.414440 0.077094 0.129181 0.061818 0.000471 0.000021 0.000489 0.000326 0.013007 0.003111 0.021508 0.021874 0.130019 0.102899 0.010329 0.001727 0.001612 -0.000144 -0.008462 -0.001233 0.002925 0.001751 -0.000898 -0.000293 -0.000470 -0.000040 -0.000285 0.000283 0.002854 0.015226 0.040077 0.465836 0.006953 0.001273 0.000247 0.000331 0.001892 0.007367 0.035911 -0.390888 0.061129 0.147260
0.000000 -0.000014 0.037189 0.025811 0.012756 -0.135391 -0.112903 0.411060 0.284627 0.090754 0.005657 0.047240 -0.362469 -0.778829 -0.699973 -0.359683 -0.283136 -0.002648 -0.001901 -0.003319 -0.004638 -0.020387 -0.000201 -0.000208 -0.000003 0.001046 0.000690 0.009855 0.079025 0.083500 0.000681 0.000848 -0.001759 -0.003973 -0.007571 -0.021914 0.000360 0.000360 -0.001104 -0.000410 -0.018138 -0.011764 -0.028291 -0.003970 0.009110 0.012826 0.100832 0.150783 0.022110 0.004240 -0.000569 -0.000393 0.006097 0.002733 0.056201 -0.021296 0.112517 0.140453
-0.008618 -0.000274 0.086422 0.043528 0.022993 0.092371 0.077772 0.524804 0.293657 0.082296 0.132630 0.072753 -0.414967 -0.864401 -0.758277 -0.673234 -0.340777 -0.004263 -0.003769 -0.003419 -0.162216 -0.162080 0.191330 -0.014043 -0.021229 -0.001043 0.000657 0.001995 0.055358 0.038460 -0.000401 -0.002154 -0.002238 -0.017424 -0.044243 -0.076778 -0.000360 -0.000360 -0.000467 -0.000419 -0.044058 -0.034970 -0.133330 -0.003070 0.001581 0.042738 0.032410 0.033840 0.018946 0.013070 -0.008164 -0.043518 0.003492 0.003067 0.146533 0.048450 0.056983 0.029879
0.276788 -0.129576 0.100757 0.035286 0.007654 0.309096 0.227087 0.623042 0.278095 0.035584 0.000820 -0.051026 -0.565128 -0.881425 -0.858284 -0.847797 -0.768474 0.008670 0.025289 -0.038608 -0.144431 -0.023407 0.281748 -0.033911 -0.044660 -0.010445 -0.000263 0.002530 0.017229 0.002901 -0.000973 -0.001694 -0.001876 -0.028812 -0.095251 -0.113148 -0.012421 -0.015495 -0.009158 -0.000867 -0.039825 -0.118901 -0.137272 -0.001385 0.001246 0.013669 0.006355 0.005002 0.025910 0.009974 -0.002847 0.151877 0.090073 0.111167 0.137275 0.032681 0.043469 0.024853
0.394578 -0.119428 0.002988 -0.013955 -0.268168 0.707917 0.296281 0.748232 0.253673 -0.041050 -0.086227 -0.133120 -0.603048 -1.160238 -0.795121 -0.830434 -0.419023 0.000251 0.038980 -0.021337 0.002586 0.008791 0.457367 -0.500632 -0.671943 -0.028022 -0.006685 0.000487 0.000775 -0.001034 -0.016620 -0.014093 -0.002625 -0.021492 -0.089277 -0.149084 -0.074949 -0.024677 -0.021714 -0.011935 -0.000460 -0.080051 -0.156280 -0.171286 0.000056 0.000222 0.007618 0.007830 0.007090 0.000222 0.000103 0.503279 0.703904 0.497715 0.115022 -0.068886 -0.029581 -0.020876
0.461806 0.067625 0.019089 -0.036344 0.540957 1.001477 0.373018 0.776872 0.055880 -0.054529 -0.082789 -0.116580 -0.782176 -1.007186 -0.984563 -0.554750 -0.540819 -0.000308 0.000282 0.000507 0.003564 0.000000 0.062530 0.042612 0.010980 -0.058596 -0.014300 0.000048 0.001263 -0.000930 -0.038430 -0.043622 -0.024983 -0.005509 -0.023834 -0.146774 -0.829378 -0.788700 -0.022885 -0.024400 -0.001402 0.000685 -0.631517 -0.133010 0.000328 -0.000222 -0.000297 0.001535 0.001824 -0.000222 -0.000103 0.844334 0.709826 0.447042 0.297226 -0.042312 -0.275954 -0.372218
0.067888 0.000000 0.000000 0.197858 0.779769 1.023261 0.061930 0.633424 0.076107 -0.045167 -0.082480 -0.115033 -0.530580 -1.211771 -0.613227 -0.556471 -0.535749 -0.269897 -0.058082 -0.092189 0.001330 0.003815 0.000000 0.032337 0.016747 0.001037 0.000322 0.000182 0.000340 0.035847 -0.020678 -0.117139 -0.102786 -0.007836 -0.051238 -0.144055 -0.266292 -0.431162 -0.031748 -0.036270 -0.004648 0.000281 -0.273264 -0.139079 -0.000082 -0.003736 -0.007132 -0.005742 -0.005459 -0.014899 -0.032168 0.944957 0.862283 0.010742 0.005094 -0.063203 -0.216849 -0.675616
0.000000 -0.005237 0.106821 1.161404 0.172209 0.111202 0.029170 0.896409 0.294787 0.130868 0.005210 0.002886 -0.540286 -0.574844 -0.741775 -1.229453 -1.164315 -0.169992 0.022086 -0.106392 -0.001830 -0.001513 -0.009626 0.009345 0.003642 0.001880 0.000630 0.000245 -0.000000 0.006522 -0.001042 -0.503623 -0.414475 0.096479 -0.050831 0.070069 -0.059144 -0.317622 -0.561228 -0.016943 -0.006158 -0.001691 -0.275594 -0.183811 -0.001286 -0.004406 -0.006974 -0.007039 -0.004517 -0.230902 0.089621 1.271281 0.848543 0.000000 0.000000 0.000072 -0.062435 -0.325727
-0.065092 0.022156 1.420737 1.658569 0.027488 0.056339 0.048948 0.187887 0.088198 0.054655 0.009845 0.003387 -0.357007 -0.494726 -0.353496 -0.951010 -1.248873 -0.186152 0.109313 0.073580 -0.007090 -0.008371 -0.015217 0.001625 0.002399 0.000614 0.002144 0.000111 -0.000340 0.000332 0.010591 -0.279389 -0.223869 0.204141 0.102730 0.001019 0.047859 -0.275196 -0.900458 -0.008088 -0.006496 -0.002201 -0.215032 -0.832272 -0.168662 -0.178828 -0.089186 -0.003866 -0.003211 -0.311104 0.106181 1.334345 1.147671 0.156904 -0.004072 -0.000140 0.154190 0.174419
0.051668 0.088301 0.478842 0.409855 0.059670 0.101767 0.096243 0.085278 0.000360 0.000360 0.003973 -0.000354 -0.145903 -0.146599 -0.238268 -0.798569 -0.646653 -0.173604 0.023960 0.017698 0.013141 -0.008207 -0.014995 -0.000739 0.001269 0.001748 0.021142 -0.000202 -0.001265 0.000365 0.007824 -0.173035 -0.193239 0.053708 0.028701 0.001154 0.161249 -0.069346 -0.480722 -0.399830 -0.002564 -0.071041 -0.814928 -0.333570 -0.088163 0.078729 0.165030 -0.086273 0.257758 -0.455094 0.087622 0.934626 1.019869 0.268183 -0.049514 0.589876 0.471848 1.177142
0.308606 0.004671 0.011879 0.000973 0.066628 0.406389 0.174561 0.077681 -0.000360 -0.000360 0.004348 -0.001956 0.085387 0.101088 -0.178502 -0.524089 -0.545000 -0.181392 -0.011102 -0.048618 0.028004 -0.100941 -0.010006 -0.005231 0.014914 0.015939 0.008289 -0.000607 -0.001145 -0.000362 -0.000008 0.000260 -0.167114 -0.036312 -0.129272 0.231528 0.184985 -0.001037 -0.467519 -0.386800 -0.241792 -0.231154 -0.749503 -0.214454 -0.062298 0.132610 0.172962 -0.270677 0.187375 -0.082477 0.204450 0.588650 0.666019 0.276033 0.598936 0.317043 0.295476 0.499705
