use_cases/Flooding_chicago/flooding_data/output/hUy_2640.asc
ncols 337
nrows 393
xllcorner 428428.000000
yllcorner 4602440.000000
cellsize 26.757400
NODATA_value -9999.000000
[rows 260 to 285 of 393, columns 58 to 115 of 337]
0.964517 0.115065 0.091602 0.006764 0.018857 0.057896 0.300017 0.133712 0.902198 1.872225 0.028243 0.018085 0.010630 0.010035 0.772499 0.507515 0.007516 0.000135 -0.000484 -0.050651 -0.008872 -0.005770 -0.000519 0.000004 0.005272 0.028895 -0.004131 -0.012052 0.090017 -0.086794 0.314268 0.364993 1.849161 3.247402 3.044188 1.783472 1.701674 1.264274 1.397897 1.323461 1.267843 1.206089 0.982308 1.024296 0.717887 0.780116 0.096423 -0.009989 0.150726 0.212917 0.101836 0.003964 0.235215 0.411992 0.138776 0.100888 0.168490 0.126954
0.104578 0.036778 0.028907 0.013660 0.015084 0.028365 0.263542 0.051253 0.076869 0.079626 0.016537 0.005982 0.000326 0.000229 0.405751 0.443996 0.000051 -0.001455 -0.021373 -0.019841 -0.036352 -0.021654 -0.011860 -0.000689 0.000080 0.006974 -0.002731 -0.001336 0.293398 0.081025 0.264737 0.589260 2.011799 3.162523 2.014555 1.642188 1.600988 0.716662 0.739929 0.750381 0.660981 1.153122 0.973667 1.031193 1.161528 0.758094 0.441310 -0.395448 0.301246 0.206364 0.160894 0.000155 0.189991 0.307671 0.057516 0.055245 0.086787 0.012916
0.166040 0.072567 0.051927 0.052174 0.034795 0.068065 0.111233 0.035219 0.019548 0.033138 0.005330 -0.000003 -0.000208 -0.000107 0.466472 0.550786 -0.001233 -0.016048 -0.050043 -0.005944 -0.055917 -0.029123 -0.054938 -0.005691 -0.000381 0.000121 -0.000858 0.247850 0.611747 0.137982 0.280284 1.058844 2.811069 3.096020 1.880567 1.261539 1.216155 0.252640 0.676821 0.723112 0.559964 0.967591 0.912441 1.003700 1.271171 0.779477 0.477950 -0.005518 0.417517 0.320368 0.182384 -0.049785 0.185950 0.254377 0.051691 0.039843 0.103798 -0.021228
0.092931 0.134944 0.113231 0.031826 0.088408 0.133141 0.085884 0.017939 0.035881 0.008679 0.014508 0.014821 0.002701 -0.031376 0.488378 0.891343 0.089860 -0.082678 -0.096941 0.016738 -0.062937 -0.055083 -0.101317 -0.103720 -0.038949 -0.003000 -0.018090 0.960570 0.666983 0.222807 1.121196 1.660705 2.895517 3.095413 1.955662 0.344915 0.375268 0.001733 0.297500 0.757264 0.475135 0.866968 0.941592 1.060959 1.382075 1.123781 0.675182 0.152692 0.539491 0.642602 0.309158 0.093595 0.492954 0.266906 0.012541 0.037333 0.113083 0.017988
0.176851 0.255246 0.009203 0.007457 0.009316 0.020701 0.197514 0.035686 0.048247 0.030057 0.014040 0.029677 0.010996 0.050170 0.351212 0.899935 0.256728 -0.023102 0.073854 0.074973 0.074595 0.102393 -0.011882 -0.186922 -0.107604 -0.022436 -0.099418 1.669354 0.807669 0.485972 1.313478 1.789469 2.692301 2.862812 1.317823 0.274408 0.394560 -0.000168 0.005420 0.592943 0.537816 0.788638 0.699691 0.722727 1.280622 1.384468 0.662392 0.371839 0.668547 0.789160 0.349998 0.224779 0.290106 0.377761 0.074688 0.147003 0.163665 0.170138
0.110153 0.328787 0.000111 0.000219 0.000977 0.009271 0.091754 0.065517 0.094181 0.007823 0.005030 0.076422 0.040046 0.283367 0.411534 0.856988 0.072311 0.004578 0.008197 0.004669 0.011896 0.012153 -0.008073 -0.091449 -0.129666 -0.167094 0.515112 2.136794 1.037596 0.447133 1.571234 1.538138 1.660043 1.740075 0.348290 0.264736 0.410605 0.504996 0.000122 0.013484 0.015007 0.368010 0.838472 0.754899 1.196781 1.402445 1.189025 0.449461 0.567373 0.684666 0.549217 0.318727 0.364938 0.304225 0.148245 0.002344 0.003054 0.003613
0.010912 0.435204 -0.000089 -0.000031 0.001899 0.003137 0.020896 0.141114 0.034735 0.001110 0.010022 0.016002 0.105873 0.114979 0.229301 0.163509 0.026808 0.012792 0.000190 0.000077 0.000000 0.004467 0.000156 0.049484 0.057103 0.585075 0.603905 0.970999 0.911451 0.393898 1.956409 2.125205 1.577896 1.677491 0.001481 0.001063 0.384562 0.688407 -0.000220 0.000000 0.000000 0.411999 0.447642 0.324308 0.957476 1.256197 1.391125 0.561147 0.571224 0.670517 0.641057 0.693251 0.714050 0.739997 0.272876 0.001238 -0.001926 -0.000749
0.010005 0.394385 0.198879 0.000578 0.002275 0.006603 0.010865 0.037421 0.030232 0.001837 0.004422 0.003426 0.038565 0.003426 0.300578 0.026890 0.053742 0.029652 -0.000036 -0.000542 -0.007444 -0.000259 -0.000108 0.251779 0.266980 0.630238 0.025388 0.657535 0.635996 0.251385 2.098206 1.969452 1.965887 2.236756 0.124132 0.000314 0.000343 0.842736 -0.001237 -0.002920 -0.013195 0.467225 0.417784 0.274999 0.314954 0.745734 0.810834 0.587628 0.498374 0.742424 0.687295 0.901157 0.985420 1.335053 0.613954 -0.063529 -0.128953 -0.055645
0.010387 0.078258 0.189708 0.003484 0.001642 0.006848 0.001323 0.000992 0.000460 0.000018 0.003794 0.004918 0.012744 0.002478 0.283580 0.049203 0.068325 0.051879 -0.000442 -0.005361 -0.016928 -0.008579 0.137826 0.473073 0.428061 0.016598 0.018565 0.048302 0.428967 0.120282 1.904097 2.033290 1.922831 2.161856 0.467972 -0.001102 -0.000335 0.781166 0.089751 -0.001629 0.222990 0.492687 0.395129 0.012902 0.276984 0.223241 0.681293 0.667572 0.201538 0.529132 0.463208 1.022913 0.937319 1.524403 0.562829 0.159885 0.015044 0.196821
0.047557 0.006265 0.149473 0.002944 0.000421 0.000803 0.000851 -0.000651 -0.000562 -0.026273 -0.003797 0.000360 0.000360 0.001138 0.077396 0.060392 0.143699 0.162295 -0.093987 -0.008368 -0.026481 -0.031609 0.343790 0.420845 0.200714 0.012493 0.017299 0.034181 0.029615 -0.203775 1.807612 2.061060 1.358100 2.168012 0.770415 0.156634 0.411518 0.797090 0.221628 0.036229 0.266113 0.531978 0.030306 0.041611 0.027262 0.161531 0.581360 0.618573 0.049938 0.453888 0.355468 1.014717 1.299874 1.592981 0.578088 0.237731 0.046464 0.270947
0.045603 0.016346 0.057360 0.009426 0.001655 0.000464 -0.000581 -0.007000 -0.015283 -0.258191 -0.001680 -0.000360 -0.000360 0.002905 0.002296 0.038682 0.144763 0.168606 0.010197 -0.111109 0.000222 0.006959 0.429826 0.223018 0.012385 0.005903 0.012681 0.020020 0.019634 -0.197662 1.622073 1.961650 1.203763 1.931831 1.370421 0.202682 0.557899 0.963024 0.429575 0.023633 0.309389 0.033862 0.069897 0.071405 0.051421 0.187345 0.445031 0.604118 -0.106758 0.385262 0.204183 0.987030 1.514624 2.091983 0.637938 0.341569 0.061996 0.411837
0.014164 0.005204 0.004683 0.004307 0.003446 -0.000153 -0.000498 -0.002546 -0.031784 -0.253973 -0.007673 -0.001921 -0.004446 -0.001975 0.000387 0.021635 0.119908 0.119584 0.007014 -0.040657 -0.000222 0.000134 0.412722 0.007821 0.000510 0.001524 0.000816 0.007046 0.022532 -0.099013 1.140994 1.783726 1.404441 1.684419 1.686300 0.462507 0.792547 1.167624 0.635379 0.020456 0.011735 0.000000 0.104419 0.100237 0.084053 0.074742 0.071565 0.040862 -0.136578 0.585301 0.256138 1.306238 1.777860 1.941119 0.869373 0.552195 0.104335 0.584284
0.000222 0.003258 0.000467 -0.001069 -0.004178 -0.000740 -0.000829 -0.000890 -0.056553 -0.227332 -0.007268 -0.001561 -0.004580 -0.003984 -0.002908 0.059710 0.120589 0.089585 0.006385 -0.026566 -0.002820 0.031732 0.407242 0.024576 -0.000275 0.000471 0.000035 0.000190 0.011329 0.008066 0.056179 1.216923 1.318484 1.714087 1.796750 1.730772 1.638084 2.650747 0.938080 0.026647 0.000340 0.048259 0.107037 0.111419 0.086119 0.088875 0.089134 0.000745 0.000981 0.039826 0.059726 0.830864 1.003864 2.478381 0.716108 0.673904 0.004538 0.026521
-0.000222 -0.004600 -0.004708 -0.005292 -0.006748 -0.000882 -0.000900 -0.000623 -0.111956 -0.260666 -0.007739 -0.000564 -0.001564 -0.006584 -0.007717 0.138167 0.085666 0.117714 0.108128 -0.004034 0.008050 0.269641 0.356546 0.075946 0.125046 -0.000455 -0.000778 -0.000210 0.000280 0.000519 0.010134 0.031066 0.827830 1.449288 1.015492 1.432754 1.881103 3.149256 1.390447 0.085099 0.000000 0.082458 0.471994 0.408245 0.066417 0.067716 0.067638 0.000000 0.000000 0.000000 0.136718 1.020018 1.077480 1.638953 0.858666 0.014100 0.005301 0.000000
-0.003516 -0.003767 -0.036327 -0.030910 -0.030735 -0.028747 -0.007900 -0.001273 -0.160684 -0.292075 -0.007109 0.000395 0.001663 0.002859 0.001651 0.076444 0.087561 0.000614 0.000473 0.000016 0.034589 0.330858 0.035573 0.006646 0.009706 0.000244 -0.000929 -0.002706 -0.000433 0.000198 0.000005 0.020781 0.085106 1.257970 0.716252 0.917395 1.266886 3.433532 2.921690 0.925677 -0.000340 0.136560 0.123998 0.079973 0.049336 0.049904 0.047996 -0.000745 -0.000981 0.063921 0.911564 1.606013 1.059576 1.635134 0.084909 0.000878 0.001200 0.007687
-0.002825 -0.017661 -0.023690 -0.161922 -0.179748 -0.073699 -0.084897 -0.038790 -0.235887 -0.340135 -0.004165 0.000480 -0.000342 0.001284 0.000213 0.000013 -0.000006 -0.000453 -0.000517 -0.114787 0.061762 0.056527 0.000000 0.000000 0.000000 -0.000182 -0.000376 -0.001183 -0.010008 -0.000921 0.009187 0.062684 0.072646 0.336067 0.008232 0.066712 1.428187 3.084944 3.410702 2.069948 0.034871 0.162513 0.136263 0.080339 0.002886 0.004267 0.001835 0.040874 0.053270 0.830372 1.026701 1.457117 0.748143 1.538517 0.133530 0.000371 0.000585 0.000339
-0.001850 -0.042542 -0.008594 -0.126400 -0.136536 -0.187813 -0.089791 -0.044331 -0.105602 -0.114491 0.000210 -0.001203 -0.003366 -0.002659 -0.001532 -0.057978 -0.016043 -0.002981 0.062904 -0.030892 0.035438 0.051825 -0.024236 -0.006465 -0.008877 -0.001167 0.003124 -0.014318 -0.025129 0.000225 0.006439 0.078745 0.203685 0.087939 0.005117 0.010556 0.174468 3.304414 4.127867 2.468670 0.315131 0.163193 0.121902 0.001427 0.004144 0.006855 0.002144 0.040837 0.067642 0.932773 1.128085 0.244951 0.238318 1.519984 0.193128 -0.000783 -0.001290 -0.000472
-0.019468 -0.004772 -0.102017 -0.115823 -0.119191 -0.101853 -0.027552 -0.026353 -0.070697 -0.075845 -0.000673 -0.002419 -0.003310 -0.002352 -0.177881 -0.045936 -0.012221 -0.000542 0.086404 0.001172 0.014988 0.027238 -0.015304 -0.101692 -0.089150 -0.007743 0.001325 -0.018188 0.003373 0.012568 0.006915 0.048716 0.150885 0.144091 0.000360 0.000360 0.000131 2.765506 3.570292 2.298895 0.483133 0.449103 0.112719 0.000089 0.000717 0.006299 0.000346 0.036655 0.075543 0.971209 1.051939 0.581572 0.619300 1.310202 0.214345 -0.000734 0.016971 0.009615
-0.037356 -0.022827 -0.672506 -0.285303 -0.251580 -0.064265 -0.038341 -0.038407 -0.023499 -0.152465 -0.009967 -0.018229 -0.007075 -0.012582 -0.230756 -0.019907 0.000684 0.002030 0.110195 0.023577 0.009308 0.001491 0.000597 -0.046079 -0.032583 -0.002550 -0.001780 -0.008187 0.005284 0.002968 0.003431 0.001957 0.001931 0.015630 -0.000360 -0.000360 -0.000182 2.058717 3.329860 2.735934 0.694926 0.492616 0.160129 -0.001351 -0.003474 0.000180 -0.000180 0.000092 0.114602 0.850917 1.253718 0.732771 0.671615 1.457821 0.313331 -0.025990 0.014255 0.009517
-0.035459 -0.396533 -0.547508 -0.220519 -0.163093 -0.034708 -0.037039 -0.095232 -0.118204 -0.221002 -0.092245 -0.030728 -0.003228 -0.193664 -0.234409 -0.005188 -0.000053 0.002685 0.005575 0.005106 0.003401 0.000807 -0.000176 -0.040098 -0.037008 0.000000 -0.002132 0.043024 0.001139 -0.001540 -0.002729 -0.001740 -0.001565 0.000000 -0.009477 -0.005609 0.027765 1.940624 2.463893 2.432811 0.859398 0.626153 0.172495 0.068260 -0.001157 -0.000346 -0.012340 -0.000916 0.180652 0.698830 1.003003 0.623942 0.613684 1.426449 0.396989 -0.000436 0.010763 0.035852
-0.013375 -0.331781 -0.703409 -0.219158 -0.001201 -0.019652 -0.026768 -0.032759 -0.453560 -0.088978 0.016801 0.021808 -0.001029 -0.216785 -0.199415 -0.002393 0.003135 0.001744 0.007768 0.005759 0.001685 -0.000875 -0.017849 -0.039520 -0.038386 -0.011515 -0.001050 0.001911 -0.003116 -0.003764 -0.019023 -0.078796 -0.077780 -0.003663 -0.020825 -0.284331 0.279003 2.460787 2.552300 2.813297 1.293689 0.920783 0.649650 0.426244 0.002105 -0.004295 -0.034008 0.026513 0.154552 0.636580 0.953824 0.489601 0.649834 1.484081 0.401252 0.061320 0.027770 0.060153
-0.006797 -0.360188 -0.928723 -0.000114 -0.002163 -0.010347 -0.011425 -0.354100 -0.402695 -0.188408 0.017357 0.023807 -0.067025 -0.207755 -0.492620 0.110118 0.033904 0.002389 0.182873 0.027707 -0.000249 -0.002811 -0.026403 -0.037593 -0.031480 -0.012008 -0.007249 0.000966 0.002109 -0.000429 -0.009258 -0.171377 -0.508527 -0.365913 -0.384572 0.108935 0.287686 1.607783 1.626608 1.793664 1.291404 1.014561 0.846515 0.779840 0.303008 -0.406674 0.022791 0.055126 0.312207 0.865623 0.901783 0.490275 0.500711 1.135424 0.411695 0.103339 0.140745 0.065837
-0.003101 -0.000138 -0.757232 -0.273888 -0.191085 -0.102315 -0.141632 -0.336796 -0.359856 0.002537 0.011555 0.004638 -0.067967 -0.172332 -0.033246 0.006087 0.009303 0.000934 0.031849 -0.003879 -0.002120 -0.000130 -0.032569 -0.028970 -0.021034 -0.007817 -0.005626 0.000006 0.000551 0.002215 -0.001286 -0.048924 -0.444471 -0.154197 -0.081705 0.147263 0.292590 1.454291 1.530353 0.910924 1.192670 1.041397 1.048245 1.233431 0.612521 -0.146355 0.202639 0.229028 0.445772 0.779878 0.847202 0.520503 0.409732 1.143114 0.416363 0.186977 0.076547 0.085150
-0.001136 -0.013052 -0.959922 -1.125195 -0.680530 -0.068442 -0.082434 -1.177759 -0.155895 -0.002050 0.000393 0.000569 -0.108311 -0.152455 0.000259 0.000640 0.000787 0.001006 0.000044 -0.004512 -0.002496 -0.026089 -0.017225 0.144159 0.000478 -0.165720 -0.003109 -0.001320 -0.001706 0.001631 0.001891 0.005638 -0.305243 -0.037477 0.086347 0.145956 0.313924 1.586121 1.347011 0.809777 0.202038 0.592567 0.940809 1.311938 0.815823 -0.018095 0.321908 0.349614 0.573416 0.763207 0.810713 0.381852 0.105819 0.771291 0.556675 0.445873 0.075840 0.068280
0.003044 -0.263945 -0.599855 -1.049976 -0.327151 -0.580479 -0.555305 -0.956508 0.051173 -0.000009 -0.000331 -0.000247 -0.132486 -0.099270 0.000185 0.000378 0.000355 -0.000318 -0.000814 -0.009855 -0.039296 -0.073898 -0.006307 0.008154 0.027621 -0.138984 -0.109797 -0.019453 -0.018715 -0.002628 0.004938 0.013756 -0.248847 0.074167 0.181914 0.078608 0.190361 1.364961 1.132969 1.060459 0.215632 0.579083 0.530811 0.983267 0.800326 0.033290 0.323270 0.433211 0.553057 0.721337 0.754626 0.369472 0.175104 0.630325 0.455977 0.441563 0.150920 0.028050
0.012774 -0.374939 -0.899143 -0.884690 -0.466038 -0.549753 -0.482710 -0.642412 0.181089 -0.004856 -0.010104 -0.000554 -0.063345 -0.294644 -0.000083 -0.000419 -0.000569 -0.000760 -0.000890 -0.018342 -0.179277 -0.011285 -0.000920 0.000326 0.007213 0.000257 -0.247837 -0.110380 -0.033956 -0.043667 -0.007803 0.041058 0.042722 0.390942 0.376773 -0.026954 0.243578 1.153646 1.145420 1.124840 0.620948 0.584099 0.709441 0.934206 0.561414 0.057448 0.336004 0.414561 0.564908 0.675887 0.700381 0.339906 0.162797 0.559302 0.449042 0.468760 0.324663 0.012841
