use_cases/Flooding_chicago/flooding_data/output/hUy_1560.asc
ncols 337
nrows 393
xllcorner 428428.000000
yllcorner 4602440.000000
cellsize 26.757400
NODATA_value -9999.000000
[rows 182 to 207 of 393, columns 58 to 115 of 337]
0.000222 0.000103 0.000365 0.000302 -0.001815 -0.002294 -0.002079 -0.000974 -0.011714 -0.000376 0.056608 0.001074 0.002202 0.012822 0.023116 0.002893 -0.009931 -1.057113 -1.246205 -1.102512 -0.258628 -0.211730 0.091203 0.004203 -0.000081 0.000000 0.000000 0.005734 0.056001 0.071462 0.004300 -0.258666 -1.606980 -1.936861 0.222029 -0.041470 -0.001234 0.000247 0.000331 0.000131 -0.000658 -0.032275 0.072071 -0.037699 0.491035 -0.025731 0.361121 2.474943 2.134509 1.326461 0.734528 -0.036302 -0.668048 -0.203807 -0.174177 -0.109837 -0.651202 -0.005963
-0.000222 -0.000103 -0.000822 -0.003161 -0.002654 -0.035349 -0.025620 -0.013572 -0.035075 -0.003082 0.016984 0.000961 0.002795 0.001042 0.000589 -0.000109 -0.003404 -1.115519 -1.349770 -1.185667 -0.012766 0.013731 0.032960 0.012772 -0.000285 -0.011740 -0.005347 -0.000139 -0.000003 -0.000000 -0.000000 -0.000000 -0.826550 -1.776905 -0.003806 0.000093 -0.000664 -0.000569 -0.000393 -0.000136 -0.000376 -0.279763 0.185126 0.457353 1.095673 0.655413 1.186586 3.142048 2.329160 1.078148 0.249645 -0.276007 -0.860984 -0.560931 -0.315199 -0.148845 -0.209017 -0.014709
-0.011543 -0.009321 -0.024378 -0.015503 -0.029982 -0.057084 -0.043405 -0.023059 -0.006866 -0.073730 -0.005094 0.000871 0.002299 0.000107 -0.000124 -0.000210 -0.000911 -0.998824 -2.415946 -1.022403 -0.005386 0.000513 0.001212 0.011430 0.003902 -0.682040 -0.028937 -0.010437 -0.021735 -0.011861 -0.019219 -0.006705 -0.884377 -1.188084 -0.001330 -0.000274 -0.001554 -0.010255 -0.007441 -0.010601 -0.000479 0.000518 0.002826 0.825401 1.643449 1.663405 1.803510 2.491589 0.595636 0.007336 0.004636 -0.113783 -0.417994 -0.593160 -0.395613 -0.202160 0.028414 0.069675
-0.037635 -0.027137 -0.067344 -0.036625 -0.093180 -0.102584 -0.063429 -0.030119 -0.060990 -0.088890 -0.000032 -0.000577 0.000000 -0.000305 -0.000292 -0.002434 -0.002255 -0.834379 -2.291329 -0.759067 -0.001799 -0.000217 0.000880 0.001182 0.003816 -0.015017 -0.066451 -0.041824 -0.058504 -0.025415 -0.178797 -0.911344 -1.933440 -0.800860 -0.293541 -0.008826 -0.011908 -0.055391 -0.047564 -0.051509 -0.000866 -0.000213 0.151620 1.675916 2.558611 1.723102 1.946486 2.129232 0.453338 0.004804 0.003206 -0.097901 -0.253654 -0.570761 -0.406809 -0.203300 0.453890 0.074851
-0.006198 -0.059929 -0.031708 -0.011156 -0.022746 -0.210817 -0.193274 -0.154814 -0.067092 -0.077561 -0.036819 -0.001586 -0.000981 -0.012403 -0.007649 -0.001358 -0.102189 -0.565931 -2.253620 -1.638020 -0.044807 -0.009393 -0.000812 0.000284 0.000310 -0.003983 -0.009865 -0.139490 -0.166690 -0.583413 0.347552 0.192028 -1.370812 -1.899482 -1.206805 -0.241497 -1.104458 -0.180490 0.045568 -0.132880 -0.139958 -0.216353 0.542020 2.319117 2.534628 1.668401 1.612430 1.463623 0.534938 -0.000343 -0.002006 0.000346 0.012096 -0.257156 -0.421188 -0.118832 0.000006 0.000203
-0.001424 -0.016666 -0.021103 -0.009895 -0.000361 0.001924 -0.092617 -0.079851 -0.347484 -0.316216 -0.018467 -0.001232 -0.001112 -0.023128 -0.026333 -0.012770 -0.075724 -1.086194 -1.975122 -1.364207 -0.437409 -0.020851 -0.000999 -0.001377 -0.000495 -0.001431 -0.001824 1.286752 3.974283 0.147157 0.355060 0.549586 -1.085867 -0.996801 -0.689788 -0.232137 -0.632571 0.234740 0.079239 -0.005270 -0.200422 -0.069382 0.506242 2.424323 2.691996 1.675204 1.453938 1.196890 0.564709 -0.230773 -0.001705 -0.000180 0.000180 -0.142427 -0.247029 -0.578917 0.032374 -0.000462
-0.002140 -0.006732 -0.112160 -0.006736 -0.001404 0.003866 0.002049 -0.037219 -0.243525 -0.452336 -0.250527 -0.001012 -0.000988 -0.002325 -0.092816 -0.015368 -0.052156 -0.885022 -1.726017 -1.254067 -0.502582 -0.006057 -0.022030 -0.006588 -0.021799 -0.014966 -0.018627 0.609854 0.708014 -0.111776 -0.031979 0.565359 -0.306929 0.926726 -0.160796 -0.357870 -0.300504 -0.160054 -0.139746 -0.078648 -0.202200 -0.083039 0.309031 3.395510 2.872145 1.660850 1.320080 1.175714 0.570448 -0.050470 0.130611 0.001902 -0.000346 0.011447 0.031192 -0.326423 0.039520 -0.198257
-0.001117 -0.001868 -0.118961 -0.002596 -0.001505 -0.000419 0.001427 -0.009409 -0.126979 -0.524054 -0.362995 -0.007796 -0.014174 -0.001612 -0.048466 -0.104539 -0.336395 -0.730714 -1.995934 -2.130957 -1.253275 -0.001709 -0.051067 -0.009213 -0.043437 -0.024834 -0.286299 0.415669 0.541544 0.000577 0.000687 0.063204 0.009708 0.000000 0.008223 -0.484565 -0.190682 -0.322509 -0.234794 -0.137965 -0.260481 -0.146950 0.288206 3.555926 3.786461 2.004709 1.134847 0.948627 0.598073 -0.008678 0.129881 0.007239 0.033532 0.145803 0.192507 -0.032273 -0.004397 -0.388901
-0.051400 -0.149771 -0.067293 -0.025098 -0.000878 -0.004870 -0.001473 0.000199 0.000364 -0.367040 -0.459090 -0.003259 -0.029688 -0.012140 0.062709 0.128451 -0.156621 -0.765696 -1.331134 -1.735353 -0.948743 -0.152388 -0.027233 -0.621499 -0.361335 -0.247356 0.029619 0.384091 0.401338 -0.000530 -0.000393 -0.000022 -0.000121 -0.005027 -0.000142 0.000037 -0.000918 -0.321534 -0.218195 -0.281688 -0.389911 -0.120053 0.321994 5.008894 4.145035 2.147852 1.046186 1.039206 0.665742 0.193887 0.002836 0.000699 0.006966 0.028875 0.021991 0.608403 0.593504 0.387084
-0.095490 -0.123187 -0.189179 -0.012835 -0.017273 -0.006131 -0.003257 -0.000833 -0.000039 -0.284299 -0.298629 -0.151810 -0.087057 0.152129 0.353524 0.240301 -0.022300 -0.534541 -1.347392 -1.256586 -0.770916 -0.255416 0.400716 0.532998 0.021520 -0.340751 -0.160548 0.427485 -0.346373 -0.192658 -0.143831 -0.449127 -0.022693 -0.721166 -0.007394 -0.000565 -0.250211 -0.182026 -0.254992 -0.071113 -0.616313 0.007873 0.525924 4.498170 3.738745 1.510024 0.755700 0.737171 0.811360 0.470524 0.439921 -0.000041 0.000746 0.010016 0.009448 0.049475 0.029095 0.034185
-0.022217 -0.299074 -0.437917 -0.023817 -0.038006 -0.002559 -0.032415 -0.006290 -0.001250 -0.126310 -0.313704 -0.405493 -0.292983 0.508056 0.587793 0.483893 0.159237 -0.099746 -0.800026 -0.616476 -0.495824 0.086138 0.632545 0.455022 0.097726 -0.229411 -0.242534 0.272146 -0.436190 -1.100568 -0.690375 -0.745324 -0.503707 -1.819555 -0.490630 -0.256466 -0.204479 -0.144753 -0.145143 0.090615 -0.496395 0.119954 0.758196 4.830302 3.880560 1.545741 0.494911 0.478189 0.850310 0.628239 0.902075 -0.010752 -0.000084 0.000066 0.001415 0.016860 0.001506 0.001120
0.000010 -0.259287 -0.308846 -0.246222 -0.009466 -0.009879 -0.078542 -0.002792 -0.001854 -0.047255 -0.126589 -0.733153 -0.028592 0.480055 0.689636 0.514607 0.281443 0.067463 -0.416238 -0.403627 -0.380717 0.248671 0.593131 0.266689 0.312744 0.240909 0.397617 0.448269 0.045322 -0.759717 -0.188693 -0.518714 -0.975122 -1.107371 -0.890772 -0.886739 -0.401008 0.087663 0.035854 0.293494 -0.418629 -0.019712 0.639694 4.933773 4.005452 2.647104 0.564442 0.147989 0.709511 0.407705 0.805832 1.003216 0.010530 -0.004361 -0.000178 0.000493 0.001622 0.001188
-0.006804 -0.108913 -0.360973 -0.305960 -0.128236 -0.096052 -0.120099 -0.008209 -0.002264 -0.015988 -0.038155 -0.197656 0.008885 0.648721 0.624536 0.615450 0.235292 0.087326 -0.359594 -0.318720 -0.211647 0.274420 0.474317 0.337245 0.028396 0.037822 0.033729 0.023148 0.004204 0.002030 0.845411 0.111099 -1.442871 -0.663421 -0.519249 -0.595061 -0.415059 0.384791 0.541981 0.742298 -0.497069 -0.407090 0.532708 5.433335 4.690682 3.019738 0.489542 -0.220605 0.492026 0.066878 0.250590 1.245881 0.071844 0.000490 -0.010612 -0.000424 -0.000966 0.000919
-0.019106 -0.028189 -0.203174 -0.161071 -0.154880 -0.143439 -0.387830 -0.271971 -0.013734 -0.007026 -0.013940 0.011208 -0.029700 0.430202 0.429314 0.580689 0.156842 0.090812 -0.282621 -0.216141 -0.072309 0.273273 0.393697 0.400523 0.034730 0.083442 0.079288 0.061541 0.008142 -0.000446 1.081895 0.422594 -1.306144 -0.339739 -0.035370 0.008092 0.013826 1.005723 1.348485 1.384053 -0.309770 -0.309445 1.014455 5.765289 4.597089 2.763209 0.494377 0.216335 1.183854 0.026567 0.014126 0.015692 0.010568 0.152427 -0.057717 -0.006414 -0.000486 0.000000
-0.002545 -0.010629 -0.258502 -0.229575 -0.066091 -0.087341 -0.876826 -1.036349 -0.001695 -0.058440 -0.007071 0.108525 -0.075662 0.441479 0.369106 0.658013 0.112009 0.138161 -0.074586 -0.063335 0.085673 0.313511 0.201059 0.062825 0.090020 0.030465 0.029142 0.029537 0.025080 0.140100 0.785964 0.307127 -0.931115 0.027438 0.013955 0.457388 0.024371 0.025398 0.012783 0.006818 0.019598 0.016702 1.590185 5.815095 3.230203 2.194325 0.015991 0.021287 0.010794 0.009095 0.005982 0.000326 0.000153 0.006132 0.038370 -0.023266 -0.017380 -0.005350
-0.013863 0.004923 -0.128247 -0.123913 -0.045404 -0.125859 -0.407754 -0.522081 -0.165069 -0.045119 -0.054173 0.105069 -0.141800 0.641130 0.269298 0.573332 0.047330 0.133879 0.011638 0.046482 0.193608 0.160147 0.038469 0.017488 0.017954 0.021345 0.016836 0.022540 0.019380 0.056981 0.057322 0.013903 0.020336 1.034223 0.207483 0.017251 0.011097 0.006337 0.006034 0.000175 0.000260 0.006829 1.160117 3.819708 3.736867 1.142466 0.000000 -0.000000 -0.000000 -0.000000 -0.000003 -0.000208 -0.000106 -0.000001 -0.000085 -0.327602 0.210024 -0.645034
-0.058332 0.001951 0.002868 0.001549 0.000868 -0.137206 -0.134715 -0.410789 -0.299144 -0.252448 -0.083812 0.067340 -0.280302 0.842546 0.115697 0.592436 -0.087137 0.119455 0.045908 0.120257 0.186372 0.034444 0.000381 0.008894 0.000326 0.000852 0.017020 0.006075 0.006421 0.025448 0.015672 0.001304 0.014323 0.078146 0.023767 0.006383 0.000000 0.000000 0.000000 -0.007869 0.000008 0.395784 2.058022 4.672680 4.306697 1.811527 -0.064503 -0.045552 -0.006202 -0.011913 -0.007326 -0.007686 -0.013586 -0.010808 -0.491683 -1.040932 0.705494 1.043148
-0.017443 -0.001623 -0.005957 -0.002485 -0.000837 0.000106 0.038406 -0.214639 -0.387068 -0.247186 -0.180410 -0.002547 -0.109958 0.980612 0.037337 0.857088 -0.131570 0.061329 0.102265 0.123397 0.131919 0.001934 0.000418 -0.000003 -0.000208 0.000724 0.001544 0.000000 0.000000 0.000178 0.000005 -0.000065 0.001935 0.009031 0.013133 0.000512 -0.009776 -0.007076 -0.007448 -0.063581 0.077306 0.885692 2.141157 4.538984 4.151157 1.783786 0.277389 0.076912 -0.051669 -0.027618 -0.013604 -0.013809 -0.040425 -0.734588 -1.060027 -1.144197 1.919439 2.071719
-0.000028 -0.001045 -0.001743 -0.030829 -0.037433 -0.000628 -0.000015 -0.005382 -0.241791 -0.212333 -0.198215 -0.053284 0.177707 1.145374 0.027931 1.390135 0.640535 0.051276 0.027750 0.041144 0.075941 0.006066 0.000009 -0.008749 -0.014182 -0.002829 -0.002467 -0.012736 -0.006438 -0.000347 -0.006003 -0.042735 -0.000401 0.000000 0.000000 -0.000137 -0.023627 -0.043681 -0.024571 0.005867 0.406287 1.044873 2.190337 3.782906 2.426372 1.580629 0.404609 0.207032 -0.006294 -0.348432 -0.426958 -0.431309 -0.801197 -0.931649 -0.847650 -0.259490 0.436463 0.942318
-0.001657 0.015679 0.002698 -0.099802 -0.184019 -0.089140 -0.011897 0.036584 0.081025 -0.152036 -0.160424 0.000560 0.416022 0.010857 0.005763 0.044325 0.054613 0.014475 0.012191 0.011482 0.020119 0.003920 -0.000626 -0.030843 -0.038250 -0.029792 -0.025327 -0.027948 -0.024457 -0.016213 -0.015534 -0.080455 -0.046767 -0.005460 -0.011833 -0.031118 -0.011280 -0.017170 -0.007227 0.009636 0.451452 0.984859 1.938121 3.340701 1.908602 0.924223 0.459042 0.268726 -0.127390 -1.304757 -0.838444 -0.216117 -0.273303 -0.553748 -0.096041 0.051966 0.028893 0.886511
-0.000667 0.021236 0.008074 -0.045292 -0.140397 -0.104782 -0.164342 0.007029 0.007674 0.043090 -0.115492 -0.049421 0.130204 0.000730 0.001651 0.004786 0.001738 0.029972 0.014311 0.012944 0.000222 0.001333 -0.001860 -0.115085 -0.208158 -0.216799 0.097548 -0.006188 -0.024320 -0.056494 -0.033280 -0.115899 -0.179081 -0.218298 -0.217918 -0.153181 -0.006566 -0.010596 -0.004469 -0.003440 0.432735 1.073284 1.904422 3.159545 1.569193 0.546025 0.285763 0.159523 -0.198280 -0.562016 -0.551789 0.124524 0.402403 0.488935 0.257217 0.001064 0.010682 0.449461
-0.001701 0.000606 0.000732 0.000379 -0.167652 -0.138212 -0.106978 0.000569 0.000393 0.000175 -0.004463 -0.072084 0.085052 0.000845 0.002523 0.018174 0.002609 0.061723 0.003192 -0.001120 -0.000222 -0.002658 -0.001694 -0.054966 -0.232727 -0.105620 0.094976 -0.001590 -0.003394 -0.203746 -0.191365 -0.024323 -0.037078 -0.182172 -0.147045 -0.026563 -0.016940 -0.004392 -0.002400 0.012724 0.683117 1.321427 1.751846 2.677717 1.544193 0.347880 -0.013672 0.117271 -0.163197 -0.161378 -0.199978 0.231163 0.623574 1.086482 0.297305 0.105265 0.122088 0.326100
-0.003014 -0.001446 -0.000928 -0.000414 -0.198611 -0.173879 -0.086680 -0.000247 -0.000331 -0.000165 -0.001969 -0.085550 0.072355 0.000380 0.001211 0.005450 0.000744 0.007089 -0.000054 -0.009269 -0.028512 -0.003812 -0.064545 -0.048741 -0.216646 -0.051657 0.000071 0.000000 -0.000711 -0.148021 -0.085525 0.008098 -0.038356 -0.125725 -0.109164 -0.010104 -0.135448 -0.011497 -0.010464 0.276301 0.922566 0.952717 1.144981 1.632895 0.750508 0.249607 -0.156099 0.050001 0.012287 0.094013 0.007784 0.001538 0.003663 0.615131 0.280339 0.241515 0.310060 0.662861
-0.004781 0.011615 -0.069873 -0.107139 -0.175742 -0.146620 -0.000013 -0.000554 -0.010190 -0.007874 -0.100877 -0.007794 0.026609 0.000065 0.000065 0.000000 -0.000250 -0.000010 -0.000000 -0.002634 -0.063262 -0.020411 -0.228765 -0.154368 -0.050963 0.079053 -0.000494 -0.006244 -0.000602 -0.110514 -0.127939 0.031330 -0.051359 -0.128604 -0.043525 -0.028458 -0.046727 -0.169633 -0.135795 0.522445 0.979374 0.975002 1.101018 1.504797 0.703168 0.033436 0.008572 0.015973 0.064456 0.114274 0.112145 0.003537 0.000000 0.012072 0.009544 0.044864 0.117976 0.214920
0.017184 0.065184 -0.093630 -0.505464 -0.081127 -0.654674 -0.013249 -0.004162 -0.037097 -0.217471 -0.039648 -0.001227 -0.000003 -0.000124 -0.000556 -0.005378 -0.019972 -0.009265 -0.012940 -0.008104 -0.130112 -0.158820 -0.137671 -0.111508 -0.017275 0.000222 -0.004409 -0.019735 -0.106654 -0.102168 -0.119960 0.040391 -0.032646 -0.044429 -0.032982 -0.028228 0.065624 -0.023540 0.070223 0.539826 0.926662 0.947970 1.028303 1.407440 0.698823 0.047310 0.033798 0.024254 0.089755 0.111552 0.002883 0.010134 0.003257 0.008955 0.003461 0.001371 0.012259 0.009624
0.091236 0.125314 0.063616 -0.482029 -0.247210 -0.377092 -0.067229 -0.099434 -0.166575 -0.112913 0.078572 0.188645 0.200563 -0.014434 -0.010853 -0.020465 -0.023924 -0.035005 -0.024874 -0.240269 -0.586632 -0.508868 -0.487415 -0.037587 -0.004297 -0.000222 -0.001296 -0.066794 -0.010006 -0.067601 -0.082551 0.058588 -0.192132 -0.032758 -0.018068 0.227743 0.446130 0.054760 0.113928 0.539806 0.800530 0.932268 0.875841 1.636969 1.033621 0.211773 0.156234 0.040002 0.107303 0.105766 0.007763 0.044415 0.004771 0.008393 -0.000443 0.000115 0.000391 0.000793
