use_cases/Flooding_chicago/flooding_data/output/hUy_3600.asc
ncols 337
nrows 393
xllcorner 428428.000000
yllcorner 4602440.000000
cellsize 26.757400
NODATA_value -9999.000000
[rows 78 to 103 of 393, columns 236 to 294 of 337]
-0.000250 -0.062665 -0.056819 -0.044514 0.000003 0.000136 0.004464 0.004252 0.000914 0.002130 0.001473 0.000842 0.242048 -0.373905 0.025827 0.325656 -0.029152 0.000192 0.171012 -0.750526 1.653663 4.215685 5.011659 1.103994 0.074841 1.039408 0.750101 0.574640 -0.581246 1.215732 4.325073 8.358418 6.072562 4.938178 4.846251 4.142470 1.262976 0.187918 1.789193 6.590327 8.870645 6.875351 2.673044 1.166172 0.209166 -0.333680 0.001569 -0.000000 -0.000001 -0.000001 -0.000030 0.002160 0.514722 0.344331 0.867658 1.267533 2.635986 3.526505 2.261229
-0.210376 -0.106899 -0.132620 -0.110037 0.000005 0.000012 0.000795 0.001612 0.001921 0.001807 0.000822 0.000338 0.000562 -0.376695 0.015558 0.312575 0.005138 0.000089 0.516946 -0.603468 2.951632 6.314032 5.589518 0.957754 -0.318579 1.213067 0.138125 0.263729 -0.100509 0.703888 2.032357 5.318502 7.353878 6.923561 5.850702 5.474787 1.714239 1.716307 4.564386 8.174239 7.785093 5.273077 1.918762 1.263542 0.765124 0.060039 0.012101 0.015053 -0.000008 -0.000018 -0.000000 0.689859 2.204640 2.186146 2.059168 2.779179 3.628632 3.072316 1.403268
-0.404819 -0.342353 -0.387198 -0.610897 -0.000002 0.000006 0.000004 0.001240 0.001366 0.001634 0.000096 0.000090 0.000568 0.002530 0.196289 0.547715 0.136298 0.000114 0.000212 0.238162 3.681850 5.156394 2.805369 0.805946 0.251049 1.945543 0.616597 0.546740 1.364496 0.000169 0.586177 3.953155 6.666436 6.266933 6.366286 6.001650 3.390972 3.202440 6.047884 11.110133 5.604520 2.008599 0.798438 0.504218 0.533252 0.016747 0.024426 0.026678 -0.000007 -0.000010 0.015689 1.277663 3.528255 3.440723 4.441042 3.430578 2.840857 1.997174 0.788648
-0.760359 -0.740089 -0.589360 -0.881529 -0.037214 -0.000001 0.000005 0.000356 0.000505 0.000644 0.000004 0.000002 0.000502 0.000248 0.002946 0.002507 0.001911 0.000096 0.000072 0.002304 2.972621 3.542302 3.862089 0.222756 0.121957 0.179904 0.109385 0.153133 0.041211 0.000298 0.043093 1.646307 3.703649 6.332220 6.166997 5.634948 4.973037 5.454868 7.935648 9.710288 7.228983 2.362317 0.371254 0.312067 0.112503 0.033103 0.029060 0.028450 0.034539 -0.064986 1.020633 3.248623 3.990329 4.000690 4.180678 1.338946 0.438880 0.251369 0.091763
-0.896280 -0.909704 -0.785145 -0.914503 -0.395940 -0.000313 -0.000000 -0.000000 -0.000000 -0.000000 -0.000000 -0.000001 0.000006 0.000006 0.000889 0.000781 0.000517 0.000001 0.000000 0.000679 2.605674 3.111746 3.062067 0.306810 0.098088 0.023032 0.001301 0.117358 0.001678 0.000048 0.001929 1.159237 2.836516 3.890465 5.345343 5.860379 5.372734 5.152388 8.034666 11.264134 8.817107 5.293852 1.153179 0.446114 0.000003 0.000006 0.021443 0.021543 0.053938 0.350391 1.772349 4.234558 4.957992 3.728542 1.852558 1.468076 0.009087 0.004202 0.001474
-0.794167 -0.793490 -0.786110 -1.072924 -0.483326 -0.001791 -0.000459 -0.000152 -0.000397 -0.000589 -0.000004 -0.000004 0.000007 0.000018 0.000000 0.000000 0.000000 -0.000001 -0.000112 0.431237 4.179980 4.848591 4.202598 1.230962 0.319324 -0.217519 -0.946345 -0.040293 -0.004796 0.006168 0.000697 0.888309 2.326666 4.641551 5.313953 5.544970 4.761191 5.315124 7.686942 11.209620 10.670596 6.372316 1.869541 0.861963 0.026002 0.000008 0.000005 0.000001 0.074102 0.421373 2.387790 4.610525 4.983044 3.035074 2.815380 1.175056 0.021771 0.000027 0.000436
-0.869219 -0.774893 -1.259974 -1.759678 -1.852032 -0.484899 0.149985 -0.016953 -0.000590 -0.001127 -0.000002 0.000000 -0.000006 -0.000005 -0.000049 -0.004834 -0.003060 -0.008231 -0.050007 2.220628 4.648300 5.460505 3.544341 1.028050 -0.704611 -1.815489 -1.135943 -0.605083 -0.341641 -0.095314 -0.058838 0.083772 0.988548 2.785107 4.469162 6.117344 4.127933 4.764307 7.293930 9.993402 10.202723 6.681154 2.144771 0.823430 0.081051 0.000010 0.000009 -0.000001 0.137548 0.624650 2.582986 4.153986 4.227715 3.597797 2.901216 0.122987 0.000251 0.000043 0.000054
-0.671541 -0.894688 -0.843891 -1.567093 -1.994440 -0.612630 0.090842 -0.070933 -0.029761 -0.020835 -0.000080 -0.000001 -0.000002 -0.000002 0.000039 -0.012245 0.678152 1.032896 0.691804 2.965621 4.875967 5.884423 3.822383 1.052477 0.205214 -2.080568 -0.915562 -1.406224 -1.268464 -0.656255 -0.226445 -0.016088 1.028310 3.647425 4.972965 5.934415 4.268343 5.041869 7.350501 10.397999 11.148727 7.817842 2.262912 1.055462 0.289369 0.199977 0.179070 0.184685 0.442682 1.940826 2.759227 4.291006 4.052096 2.996330 2.387413 0.057439 0.000000 0.000001 0.000001
-0.345484 -0.655868 -0.680920 -1.608973 -2.106910 -0.868305 -0.081909 -0.152888 -0.047154 -0.069499 -0.024855 -0.000158 -0.000279 -0.000014 0.000890 1.143683 0.912544 1.414941 1.044130 3.410218 5.021444 5.621378 3.285025 0.333188 0.282331 -1.931726 -1.386731 -0.838437 -0.582483 -1.934598 -1.487068 -0.394276 2.198890 4.155250 4.559432 5.349347 4.397243 4.318432 5.501826 9.528503 10.129254 7.082672 2.608914 1.372074 0.585805 0.317253 0.324100 0.340917 0.689933 2.208666 3.535725 3.478741 3.252019 2.762006 1.352397 0.091625 -0.000000 -0.000001 -0.000001
-0.113579 -0.511480 -0.471456 -1.369607 -2.080776 -0.940976 -0.215223 -0.204999 -0.073964 -0.218099 -0.020492 -1.128083 -0.893764 0.031565 0.973793 1.908118 1.450795 1.710008 1.842305 3.034796 4.508417 5.149954 0.520225 0.277733 0.609086 -0.645444 -0.164608 0.018988 0.116816 -0.765504 -0.596472 0.380806 2.404745 3.591856 4.503296 4.962276 3.746608 3.229251 4.819499 8.039564 10.032222 7.422508 2.895500 2.405250 1.133983 1.016118 0.634867 0.555462 0.936154 2.268459 2.611145 3.180000 2.426253 0.931543 1.057538 0.130554 -0.000010 -0.000174 -0.000104
-0.122690 -0.292204 -0.354871 -0.769518 -1.525679 -0.904062 -0.187629 -0.010113 0.135252 -0.359965 0.009709 -0.247985 -0.033797 0.423829 1.409732 1.756655 1.568226 1.991228 2.298801 3.261074 3.905864 3.940680 1.134046 0.722096 0.629438 0.130281 0.448386 0.360496 0.275061 0.319182 0.801698 1.000250 2.383255 2.778459 2.590733 2.358990 2.659840 2.746837 3.409839 6.452043 8.568208 7.766361 4.487957 3.164224 1.238948 1.330293 0.734319 0.595072 1.242281 2.287454 2.679932 2.575893 1.155558 0.827901 0.453064 0.105797 -0.000005 -0.004732 -0.001685
-0.160457 -0.265719 -0.214721 -0.665130 -1.049200 -0.669413 -0.130178 0.268322 0.488635 0.065691 0.351502 0.195070 0.377667 0.464967 1.554639 1.629709 2.135530 2.002954 2.855689 3.377193 3.938668 4.136487 1.789491 1.068095 0.902808 0.660590 0.515712 0.354350 0.302865 1.814169 3.114354 1.698285 1.652662 1.463474 1.546813 1.436097 2.048511 1.440234 2.927049 6.472874 10.669653 9.156336 4.145564 3.289297 1.449991 1.404384 0.723258 0.530868 1.422948 2.275190 2.124868 1.897747 0.916705 0.185185 0.397157 0.092759 0.019727 0.000001 -0.000036
0.068183 -0.271290 -0.204203 -0.539004 -0.396005 -0.202564 0.167861 0.559053 0.841000 0.363698 0.638657 0.549258 0.606486 0.481361 1.373741 1.665347 2.041315 2.656981 3.553410 4.149884 5.339170 3.583727 2.258105 1.971618 1.227418 1.480417 -0.024155 -0.491276 0.173198 0.985164 1.180760 1.588873 1.503519 0.565696 0.426521 0.397584 1.271884 0.382506 2.962270 7.563420 11.102410 6.157910 3.195702 2.614660 1.776618 1.822976 0.993940 0.884435 1.647672 1.937525 1.960390 1.217412 0.524030 0.130861 0.178532 0.089580 0.000002 -0.000000 -0.000010
0.265791 -0.096890 -0.239468 -0.419323 -0.141299 0.320678 0.602118 0.869463 1.058000 0.699043 0.867352 0.684436 0.525630 0.616712 1.406117 1.788757 2.987774 3.251529 4.251795 4.024653 4.414138 3.263634 2.458697 1.076971 1.033666 0.998761 1.217912 -0.592942 0.194370 0.724159 0.817054 0.716736 1.461797 0.096240 -0.253345 -0.166818 0.496055 -0.345089 2.210291 8.154524 12.750172 8.612313 3.605201 4.597731 3.117774 2.674183 1.234508 0.935373 1.293052 1.125669 0.947042 0.597465 -0.139132 -0.020933 0.000001 0.000003 -0.000001 -0.000053 -0.000028
0.563429 0.104588 -0.348813 -0.455200 0.019975 0.709105 0.965705 0.974416 1.095903 1.042322 0.994801 0.577687 0.601417 1.022759 1.720799 2.452267 3.882547 3.261054 3.620232 4.082226 3.332383 2.840831 2.383401 0.566152 0.445904 0.278110 0.000735 0.001147 0.002392 0.001031 0.000438 0.013786 1.665257 0.012353 -0.219600 -0.164324 0.509599 -0.522931 2.018151 6.487085 12.710093 8.888382 7.372185 5.977841 4.355749 2.825460 1.077268 0.518419 0.672172 0.278212 0.059149 -0.009101 -0.522478 -1.640662 -0.000001 -0.000003 -0.000062 -0.000039 -0.001531
0.563042 0.409004 -0.236446 -0.599645 0.131547 1.004265 1.006535 0.951677 1.483854 1.410292 1.191184 0.616994 1.016630 1.643237 2.454034 2.527391 3.052839 3.099628 3.263777 3.002205 2.942518 1.805251 1.351733 0.016192 0.001041 0.003538 0.000046 0.000052 0.000423 0.000303 0.000162 0.000245 0.000269 0.001340 0.000924 -0.006220 0.826832 -0.766660 2.409697 7.130251 10.436150 9.845057 7.897934 6.069670 5.188932 2.384804 0.763668 0.130909 0.163989 -0.202542 -0.483746 -0.243379 -0.634721 -2.235434 -0.290082 -0.000002 -0.000006 -0.000446 -0.063719
0.592064 0.236747 0.073641 -0.617642 0.209759 1.053637 1.101126 1.164980 1.962895 2.022548 1.440481 0.726039 1.192848 2.204015 2.587349 2.806001 3.096427 3.107095 3.042982 2.395438 2.306128 1.378080 0.001265 0.000140 0.000084 0.002703 0.002041 0.000003 0.000002 0.000003 0.000000 0.000000 0.000000 0.000060 0.000081 0.356852 1.411803 -0.494898 2.799630 8.299826 11.034428 10.775615 9.225637 6.622934 4.782870 1.740780 0.372492 -0.065826 0.212928 -0.463132 -0.669871 -0.326643 -1.048136 -2.660357 -1.249974 -0.643283 -0.746095 -0.033266 0.763455
0.244507 0.289916 -0.039613 -0.518407 0.252444 1.322888 1.585623 1.817013 2.213009 2.222505 1.377355 0.926760 1.554626 2.808323 3.159649 3.160366 3.236004 2.484710 2.444788 2.313663 2.124442 0.492119 0.000000 0.000002 0.000072 0.001167 0.000636 0.000004 -0.000001 -0.000000 -0.000535 -0.000062 -0.000003 -0.000000 0.000000 0.000306 0.000178 0.195636 2.302918 7.166540 11.744523 11.625115 10.277361 7.113570 4.841283 1.274472 0.118075 -0.118098 1.198083 -0.251798 -0.385724 -0.191779 -0.424533 -2.547946 -2.381510 -2.543681 -2.363808 0.025321 0.604611
0.166270 0.158408 -0.016388 -0.355994 0.263953 1.503376 1.630067 1.827489 2.751530 2.333264 1.394992 0.929193 1.823164 3.080232 3.371736 4.076640 2.554391 2.580746 1.580460 1.586700 1.364649 0.074067 -0.000000 -0.000000 0.000000 0.000316 0.000007 0.000000 -0.000060 -0.000175 -0.004457 -0.003995 -0.000201 -0.000091 -0.000001 0.000029 0.000050 0.000055 2.693225 9.540120 14.457026 11.998697 11.036017 8.215012 2.688357 0.166328 0.000443 0.001568 0.000440 0.409016 0.118036 0.167060 0.264264 0.000150 -1.873661 -2.323477 -2.824564 -1.426667 -0.046565
0.078227 0.071087 0.035810 -0.135338 0.439424 1.749355 1.841588 2.373980 3.220253 2.667242 1.389520 0.883819 2.111763 2.999159 3.654090 3.581050 2.540004 1.770406 1.597726 0.567819 0.480657 -0.000001 -0.000154 -0.000132 -0.000123 0.000000 -0.000001 -0.000089 -0.000234 -0.072999 0.213521 0.099997 -0.841134 -0.046114 -0.000001 0.000000 0.000000 0.000000 2.997912 10.786546 15.777744 14.876533 11.482153 4.591219 0.223741 0.000000 0.000000 0.000892 0.000072 0.000150 0.000979 0.001278 0.000172 0.000176 -0.052101 -1.422618 -2.535769 -1.997318 -0.460883
0.015416 0.021097 -0.026167 -0.031934 0.571415 1.894079 1.868158 2.158968 4.199224 2.423008 1.459301 0.857090 2.181569 3.294065 3.380870 2.959600 3.210933 2.292534 0.692462 0.476104 0.317099 0.354720 -0.000401 -0.000590 -0.000221 -0.000092 -0.000320 -0.000369 -0.152140 -0.125364 0.123311 0.095087 -0.420599 0.410513 -0.000000 -0.000038 -0.000079 0.007903 5.573941 11.792797 17.303850 12.419699 9.040545 4.890555 1.578351 0.144534 0.000001 0.000000 0.000000 0.000002 0.000053 0.000079 0.000000 0.000002 0.000001 -0.077597 -1.870422 -2.172978 -1.338189
0.035827 0.061272 -0.037376 0.078441 0.880552 2.090380 1.654672 2.579245 2.929821 2.115374 1.267827 0.763371 2.296875 3.457853 3.736664 3.197643 2.162244 1.083443 0.447107 0.000526 0.120498 0.469822 -0.001867 -0.000719 -0.000203 -0.000165 -0.000601 -0.001495 0.029135 -0.136593 -0.008538 0.090147 -0.313019 0.416982 -0.000001 -0.000062 -0.000171 1.266549 6.617317 13.101214 17.698450 9.458665 6.059664 5.328411 1.839520 0.294552 0.000004 -0.000000 -0.000000 -0.000000 0.000000 0.000000 -0.000000 -0.000002 0.000001 0.000000 -0.261720 -1.680707 -1.177749
0.073728 0.052442 0.034100 0.029282 0.534694 1.734965 1.944212 3.023460 3.260491 1.789557 1.141229 0.775876 2.515601 3.819993 4.116791 3.485542 1.791268 0.857892 0.287461 -0.142279 -0.261615 1.055177 0.195432 -0.191838 -0.000140 -0.043154 -0.874154 0.715022 0.183231 -0.232339 -0.060210 0.147534 -0.193212 0.106222 -0.000003 -0.000276 -0.009555 2.017789 5.228738 10.733653 12.456533 9.241188 5.755146 5.282453 2.156450 0.468112 0.000186 -0.000643 -0.000180 -0.000098 -0.000155 -0.000076 -0.001429 -0.000457 -0.000002 0.024839 -0.312276 -1.040391 -0.864777
0.099092 0.000000 0.000000 0.000000 0.688186 1.924819 2.807854 4.075342 4.195301 1.633274 1.212634 0.923154 2.977474 4.757315 4.636894 3.906202 1.694205 0.421942 0.002585 -0.165490 -0.472444 1.494455 0.590819 -0.414684 -0.072537 -0.038449 -0.715974 1.250668 0.229593 -0.307453 -0.318200 0.108528 -0.247156 -0.325283 -0.094515 -0.042969 1.335234 4.233706 5.203617 10.351022 11.569116 8.446460 5.239557 4.741330 3.116545 1.046996 0.172274 -0.400839 -0.002504 -0.002356 -0.000780 -0.201025 0.105902 -0.149606 0.011354 0.075204 -0.015222 -0.894920 -0.454513
0.107835 -0.103694 -0.000071 -0.000002 0.786080 2.566327 3.142101 4.314883 3.659992 0.111462 0.106529 0.780651 3.097600 3.278085 4.998970 4.018683 0.662515 0.000107 0.000029 0.000147 -0.086008 2.338085 0.705315 0.071025 0.006064 0.251624 -0.409919 1.575946 0.222977 -0.356460 -0.401762 0.003824 -0.087908 -0.435154 -0.035685 1.096942 3.611656 5.156978 6.248473 9.944626 10.840535 7.860684 5.842663 5.049612 3.291257 1.042199 0.369406 -0.055595 0.299687 0.149787 -0.354652 0.144266 0.093706 -0.002724 0.046080 0.055969 0.054660 0.682236 0.433179
0.414094 0.107445 -0.272057 0.118419 1.405923 2.364912 3.034153 3.986808 3.148640 0.129535 0.155866 1.179372 2.460109 3.524550 5.078886 3.876750 0.020063 0.000000 0.000000 0.000002 0.000102 2.040496 1.046035 0.069919 0.034279 0.106381 0.246066 2.384206 0.252551 -0.258541 -0.372186 0.120383 0.147246 0.134405 0.868815 2.419268 4.880312 5.357205 6.309267 7.256753 7.566919 5.099857 5.116841 4.924624 3.090657 0.692336 0.301976 0.019269 0.550907 0.002582 -1.194257 0.648863 -0.066666 0.029113 0.061460 0.000089 0.002738 0.001123 0.002076
