use_cases/Flooding_chicago/flooding_data/output/hUy_1800.asc
ncols 337
nrows 393
xllcorner 428428.000000
yllcorner 4602440.000000
cellsize 26.757400
NODATA_value -9999.000000
[rows 234 to 259 of 393, columns 58 to 115 of 337]
0.035900 0.030802 0.017215 0.027076 0.000621 0.000399 0.001237 0.109882 0.072611 0.000300 0.000414 0.000000 0.000000 -0.000309 -0.000013 -0.017129 -0.006162 -0.069900 -0.348432 -0.028500 -0.013330 -0.022804 -0.007739 -0.002183 -0.001022 -0.137026 -0.136597 -0.130771 -0.000639 -0.001920 -0.046905 0.211516 -0.170381 0.025576 0.214054 1.192403 0.678565 0.188016 0.640435 0.617609 0.328876 0.060884 0.080149 0.000549 0.000554 0.000742 -0.006577 0.025613 0.027229 0.087646 -0.000326 -0.122292 0.000012 0.000243 -0.001329 -0.001173 -0.008953 -0.125534
0.058746 0.042655 0.015727 0.000546 -0.000042 -0.000323 0.003998 0.105644 0.001773 0.000069 0.000000 -0.014804 -0.008974 -0.021126 -0.015226 -0.007619 -0.025978 0.114682 -0.233447 -0.079083 -0.517977 -0.114319 -0.033638 -0.048791 -0.029774 -0.108266 -0.667727 -0.103916 -0.065686 -0.027932 -0.132953 0.266128 -0.012207 0.148997 0.314027 0.614357 0.368998 0.029704 0.680999 0.667127 0.324161 0.084487 0.265002 0.000131 0.000247 0.000331 0.001371 0.001582 0.003333 0.161007 0.079257 0.018769 -0.021424 -0.201500 -0.144081 -0.109151 -0.326936 -0.171673
0.269968 0.026254 0.013044 0.001256 -0.000527 0.000469 0.088971 0.008580 0.007703 -0.000570 -0.006239 -0.035353 -0.018732 -0.370114 -0.648025 -0.380241 -0.393080 0.255923 0.055361 0.018792 -0.174157 0.041800 -0.449518 -0.605923 -0.020673 -0.069683 -0.081032 -0.060878 -1.095635 -0.878645 -0.237126 0.230288 0.026652 0.301338 0.693112 0.679103 0.010775 0.020378 0.753545 1.147395 0.262221 -0.001872 0.000393 -0.000159 -0.000569 -0.000393 -0.001346 0.000897 0.000957 0.145654 0.091178 0.064995 -0.030756 -0.234842 -0.190241 -0.003051 -0.171344 -0.045203
0.326938 0.008560 0.003382 0.003409 -0.000436 -0.001205 -0.000666 0.045045 -0.000985 -0.005474 -0.023695 -0.039528 0.125438 -0.123812 -0.457184 -0.118752 0.089986 0.563834 0.307425 0.197257 -0.023717 0.159449 -0.154204 0.031180 -0.013911 -0.045206 -0.051125 -0.036950 -0.012644 -0.010566 -0.412698 0.025064 -0.112083 0.277277 0.940532 1.120678 0.359349 0.008966 0.744857 0.741860 0.443234 -0.002567 -0.001006 -0.008703 -0.006861 -0.006778 -0.032332 -0.000133 0.001034 0.128173 0.054097 0.107454 0.060159 -0.130916 -0.269935 0.009437 -0.070456 -0.096728
0.243762 0.005990 0.004318 0.000000 -0.011037 -0.008764 -0.007284 -0.004271 -0.005689 -0.004454 -0.076889 -0.008921 0.122530 -0.270479 -0.457273 -0.098526 0.169665 0.733464 0.410103 0.230690 0.007910 0.161007 -0.095053 0.449795 -0.329533 -0.234780 -0.236209 -0.017380 -0.008812 -0.005997 -0.730391 -0.197902 -0.298305 0.170719 0.916714 1.502411 0.989216 0.501069 0.883433 0.830577 0.250614 -0.122681 -0.178448 -0.072475 0.009221 0.017169 0.028312 0.000997 -0.000508 -0.000029 -0.000017 -0.000537 -0.000299 -0.056626 -0.340457 -0.067805 -0.062784 -0.074522
0.043431 0.010146 -0.000972 -0.024463 -0.009886 -0.010987 -0.010269 -0.007501 -0.005371 -0.023408 -0.025552 -0.003863 0.056750 -0.336160 -0.281942 -0.102838 0.147984 0.843749 0.450698 0.290458 0.054034 0.165132 0.060319 0.443600 0.056690 0.114629 0.192971 -0.239471 -0.317905 -0.378384 -0.961323 -0.447563 -0.363745 0.188708 1.002522 1.877744 1.016111 1.043494 1.396899 0.568455 -0.118904 -0.209455 -0.079187 -0.019154 0.010181 0.012242 0.006551 0.000356 -0.000415 -0.091708 -0.140466 -0.053143 -0.107360 -0.430407 -0.333234 -0.035880 0.000332 -0.095937
0.002282 0.000830 -0.001405 -0.107583 -0.081634 -0.006039 -0.007489 -0.007010 -0.003211 -0.006862 -0.045614 -0.004625 0.029045 -0.231895 -0.229298 -0.106308 0.126359 0.639979 0.468802 0.248965 -0.016837 0.023279 0.002592 0.355446 0.014247 0.271859 0.355206 -0.160779 -0.914713 -1.569312 -0.851057 -0.536881 -0.226571 0.305511 1.161277 2.302770 3.180470 1.342718 1.351617 0.495395 -0.317856 -0.182376 0.030618 0.000268 0.000167 0.000000 0.000000 -0.000167 -0.062460 0.061242 -0.046800 -0.090576 -0.192673 -0.286536 -0.318746 0.041182 -0.000201 -0.062992
0.000641 -0.000120 -0.000655 -0.070092 -0.644173 -0.289360 -0.023813 -0.003136 -0.010848 0.002388 -0.045343 -0.007690 0.022502 -0.191516 -0.168826 0.002075 0.001446 0.375790 0.185716 0.111303 -0.126254 -0.232117 -0.328679 -0.000431 -0.233644 0.280010 0.330405 -0.077577 -0.243148 -0.509875 -0.673232 -0.679999 -0.232482 0.474706 1.610859 3.171123 4.133113 2.439380 0.899179 0.429160 -0.133748 0.013563 0.005996 -0.000091 -0.000356 -0.006551 -0.164834 -0.212788 -0.062702 0.071099 0.019468 -0.056560 -0.291822 -0.319229 -0.291436 0.134037 -0.158050 -0.383152
-0.001993 -0.017409 -0.009342 0.186417 -0.358011 -0.096522 -0.521616 -0.001008 -0.006775 0.000222 -0.018377 -0.009594 0.027961 -0.174438 -0.078576 0.063621 -0.000331 0.049065 -0.152481 -0.065489 -0.199257 -0.588426 -0.658020 -0.305818 -0.375401 -0.009210 0.163081 0.245699 0.312903 0.167435 -0.197709 -0.552795 -0.097058 0.635592 1.657281 3.235809 5.364035 2.800013 1.097687 0.295113 -0.106571 0.000297 0.000322 -0.001035 -0.102367 -0.037463 -0.119429 -0.208376 -0.168897 0.069650 0.086371 -0.056462 -0.359522 -0.478820 -0.228987 0.333634 -0.296119 -0.465102
-0.017833 -0.048073 -0.450766 0.443588 -0.262071 -0.121240 -0.203719 -0.012372 0.000000 0.000000 -0.008893 -0.079817 0.005175 -0.043982 0.022945 0.092687 -0.057317 -0.056759 -0.245714 -0.145582 -0.275641 -0.684658 -0.689444 -0.339785 -0.338238 -0.125300 0.022326 0.500951 0.515486 0.660675 -0.108869 -0.159313 0.218310 0.729453 0.687832 1.326911 5.234565 4.202842 0.759402 0.778650 -0.029424 0.000006 -0.000127 -0.001166 -0.246988 -0.040600 -0.124870 -0.201206 -0.099675 0.134665 0.052384 -0.123606 -0.465412 -0.536353 -0.201579 0.162423 -0.403356 -0.547088
-0.120125 -0.181437 -0.132421 0.481288 -0.343597 -0.079764 -0.083019 -0.556575 -0.019124 -0.009281 -0.220915 0.247218 -0.051852 0.019936 0.090653 0.112048 -0.031207 -0.293958 -0.238414 -0.104941 -0.228043 -0.586683 -0.581860 -0.237469 -0.251071 -0.170632 -0.000482 0.546082 0.744667 0.890362 -0.000655 -0.283024 0.090340 0.783595 1.172221 2.570489 7.580171 3.660865 0.567806 0.662903 0.174691 -0.000298 -0.000427 -0.000008 -0.051723 -0.059631 -0.165716 -0.200551 -0.090380 0.000554 0.103063 -0.198976 -0.557276 -0.486714 -0.188607 0.032594 -0.271135 -0.552264
-0.380124 -0.109409 -0.073697 0.688205 -0.067092 0.040137 0.010373 -0.553342 -0.146181 -0.600426 0.040442 0.438071 -0.011537 0.087373 0.154051 0.185309 -0.071408 -0.325783 -0.119285 -0.011094 -0.161656 -0.467893 -0.573593 -0.220113 -0.236993 -0.085129 0.039601 0.583578 0.738445 0.873841 -0.154508 -0.323480 0.085671 0.989757 1.452035 3.255358 7.124059 3.751894 0.763298 0.189131 0.328825 0.532022 -0.038727 -0.017017 -0.046464 -0.044031 -0.184657 -0.164736 -0.032013 0.000247 0.000331 -0.184897 -0.584523 -0.592675 -0.272857 -0.021119 -0.083440 -0.549399
-0.188052 -0.344248 -0.049458 0.885507 0.032371 0.135899 0.047703 -0.131857 -0.092181 -0.727813 0.040844 0.200985 0.047355 0.130367 0.205647 0.144875 -0.146823 -0.273447 0.025333 0.069078 -0.077458 -0.477717 -0.462121 -0.073458 -0.117726 -0.089587 0.072995 0.608345 0.743596 0.938509 -0.132904 -0.067087 0.639959 1.208821 1.612432 2.815503 5.074674 2.441613 0.194311 0.158083 0.292789 0.648651 0.111232 -0.014654 -0.037749 -0.038015 -0.196642 -0.048941 -0.029190 -0.000569 -0.000393 -0.048457 -0.410200 -0.554512 -0.776356 -0.026889 -0.075734 -0.583376
0.008503 -0.342244 -0.032198 0.763131 0.072682 0.175024 0.138446 -0.001020 -0.044137 -0.167316 0.099416 0.029566 0.058373 0.167762 0.473708 0.262735 -0.165200 -0.169952 0.178157 0.152617 -0.026731 -0.352665 -0.311341 -0.018319 -0.108763 0.070607 0.007287 0.010160 0.826609 1.141709 -0.122779 0.302457 0.206511 0.601623 0.736485 3.228909 4.943538 2.705508 0.004230 0.002142 0.003414 0.693109 0.903641 -0.261358 -0.036879 -0.030843 -0.182053 -0.043395 -0.032942 -0.140516 -0.123066 -0.330111 -0.614237 -0.507059 -0.661313 -0.131616 -0.313394 -0.497096
-0.002108 -0.007695 0.028856 0.501368 0.150321 0.219898 0.005829 0.002664 0.036263 -0.121651 0.176002 -0.064300 -0.006771 0.548304 0.689920 0.284048 -0.185257 -0.021986 0.320881 0.268999 0.063714 -0.339545 -0.314232 0.044739 -0.117870 0.005405 0.028261 0.001500 0.021848 1.661334 -0.056538 0.140792 0.245812 0.819606 0.950132 3.294644 5.182790 2.792645 0.483818 0.000893 0.000731 0.409291 0.806867 0.021327 0.186703 -0.216376 -0.040168 -0.037563 -0.039167 -0.448510 -0.322873 -0.521370 -0.585654 -0.382590 -0.381199 0.221680 -0.110006 -0.545702
0.000940 0.158998 0.000374 0.348570 -0.000172 0.008797 0.010484 0.005677 0.113093 -0.097383 0.575809 -0.207623 -0.201184 0.683907 0.959782 0.289967 -0.194594 0.095155 0.522417 0.280004 0.145469 -0.301285 -0.377965 0.275055 0.029481 0.019303 0.008028 0.003102 0.000756 1.199320 0.021982 0.000662 0.002019 0.935820 1.898726 4.284290 3.311054 2.574985 1.140551 -0.003843 0.114788 0.206239 0.505365 0.096881 0.272536 0.439086 -0.075387 -0.199883 -0.375802 -0.477729 -0.373555 -0.492584 -0.537760 -0.301962 -0.083647 0.366557 0.058498 -0.334858
0.000884 0.236699 -0.106394 0.487519 -0.002020 0.010487 0.012827 0.007360 0.019212 -0.007635 0.536655 -0.235848 -0.248667 0.905871 1.161102 0.327798 -0.238648 0.203322 0.895804 0.568551 0.238061 -0.142759 -0.219235 0.394008 0.464639 0.009015 0.000778 0.001478 -0.000204 0.760383 0.000223 -0.000465 -0.000607 0.842667 1.776119 3.764951 2.720455 2.191688 1.187128 0.191606 0.145843 0.150497 0.021024 0.163406 0.253021 0.331100 0.158779 -0.019410 -0.285055 -0.351675 -0.230262 -0.263506 -0.371682 0.116140 0.007258 0.277867 0.101208 -0.186285
0.000455 0.015704 0.118004 0.617333 0.031909 0.013067 0.012380 0.001462 0.001688 0.043972 0.015690 -0.023998 -0.008837 1.101175 1.235435 0.268561 -0.230698 0.339052 1.064551 0.827757 0.511103 -0.462434 -0.090354 0.017092 0.025269 0.002985 0.000926 -0.000407 0.105444 1.149948 -0.064753 -0.038371 0.042497 0.810785 1.861244 3.675412 3.684494 1.994606 1.358674 0.352435 0.244764 0.193043 0.045423 0.242928 0.027371 0.058689 0.058804 0.042521 -0.235103 -0.262106 -0.042152 -0.147969 -0.015109 0.000103 0.000222 0.158481 0.203784 0.136940
-0.001028 0.000209 0.048785 0.515291 0.075800 0.016453 0.000348 0.000657 0.001266 0.012339 0.000794 0.014156 0.540303 1.302572 0.857069 0.196999 -0.402567 0.285661 0.977334 0.622522 0.324706 -0.245628 0.034743 0.011511 0.008103 0.004318 -0.000065 -0.000746 0.131944 0.897933 -0.005130 -0.014027 0.088227 0.830920 1.905609 3.550402 2.164403 1.811569 1.804289 0.890217 0.498736 0.270133 -0.002244 0.005661 0.000360 0.000360 -0.011153 0.007864 -0.286319 -0.253807 0.001265 -0.057872 0.003758 -0.000103 -0.000222 0.001071 0.000222 0.001127
-0.001249 -0.000518 0.096036 0.073426 0.046993 0.029845 -0.000521 -0.001526 -0.001765 0.000000 -0.000100 0.736748 2.240182 1.840492 1.012716 -0.022663 -1.301617 0.541311 1.136096 0.482689 0.423664 -0.130742 0.019913 0.003946 0.000702 0.001804 0.001639 0.163553 0.098395 0.648843 0.361624 0.096531 0.165149 1.451953 2.500942 3.253938 2.606106 1.632689 1.592489 0.903285 0.489780 0.621586 -0.000767 0.002802 -0.000360 -0.000360 -0.010415 -0.083071 -0.309558 -0.254047 0.003057 0.016379 0.018127 -0.011145 -0.012789 -0.000389 -0.000222 -0.001724
0.050294 -0.040477 0.091329 0.064567 0.034897 0.008435 -0.081799 -0.074885 -0.069621 -0.003980 0.547308 3.050356 2.366280 1.034740 0.509580 -0.100843 -1.581826 0.958460 1.515944 0.659852 0.781482 0.052194 0.010997 0.000222 0.001020 0.017492 0.024384 0.350195 0.044204 0.015177 0.025212 0.022733 0.002457 1.409803 2.268369 2.872497 2.248923 1.939190 1.560325 1.032850 0.550193 0.381669 -0.001445 -0.007293 -0.344719 -0.085267 -0.069400 -0.128768 -0.272617 -0.215738 0.018307 0.077736 0.284992 0.155480 -0.067682 -0.001030 -0.006910 -0.011120
0.080384 0.158176 -0.014510 0.019278 0.002822 -0.160359 0.096372 0.124920 -0.035317 -0.760837 1.460545 1.776178 1.122854 0.962438 0.033315 0.394966 -0.847672 2.117570 0.038238 0.037485 0.049015 0.071098 0.005389 -0.000222 0.002126 0.012152 0.008508 0.139853 0.007729 0.006698 0.006698 0.000669 -0.000023 1.549480 2.229182 2.561458 2.077017 1.666809 1.488315 1.111672 0.628454 0.345659 -0.002030 -0.298994 -0.316673 -0.065244 -0.051494 -0.185900 -0.212280 -0.162430 0.081571 0.152362 0.341572 0.204240 -0.013516 -0.001911 -0.015267 0.071443
0.092931 0.211117 0.068135 -0.079147 -0.223028 0.179557 0.303530 0.286253 0.220234 -0.329562 1.096249 1.209904 0.957896 0.574132 0.102118 0.184683 0.029301 0.030443 0.022506 0.038394 0.017858 0.045842 0.034920 0.011644 0.005865 0.001299 0.000799 0.049316 0.000010 0.000360 0.000360 0.000110 -0.000227 1.677693 2.620548 2.217832 1.838503 1.447951 1.531304 1.414435 1.043486 0.292741 0.024340 -0.221330 -0.304964 -0.045211 -0.029245 -0.094962 -0.018361 -0.005386 0.152342 0.241592 0.450254 0.291763 0.000000 -0.000449 -0.038789 0.081182
0.110353 0.200920 0.397393 0.064308 -0.410962 0.214902 0.306349 0.266957 0.373746 -0.285906 0.728785 0.872133 0.789828 0.302319 0.201913 0.142457 0.000824 0.000935 0.013264 0.017486 0.007317 0.018923 0.020785 0.037008 0.002610 -0.000367 -0.000008 0.000149 -0.027450 -0.000360 -0.000360 -0.000215 0.606349 1.693512 2.586313 1.849294 1.561014 1.420379 1.330807 1.177947 1.034475 0.241986 0.074036 -0.064894 -0.209997 -0.006108 0.059379 0.132411 0.041902 0.039666 0.209615 0.198800 0.499609 0.372141 -0.122628 -0.000879 0.030311 0.028920
0.113594 0.220147 0.798436 0.261219 -0.357264 0.279740 0.384533 0.205677 0.490362 -0.248240 0.379956 0.054032 1.134931 0.605418 0.502260 0.213489 0.008253 0.007665 0.004515 0.000007 0.000352 0.006416 0.010469 0.007603 -0.000686 -0.021044 -0.003209 -0.000459 -0.158004 -0.007325 -0.005117 -0.000483 0.729515 1.799840 2.657941 1.809102 1.561028 1.276260 1.129447 1.200565 1.218684 0.905818 0.212391 0.138221 0.089687 -0.002229 0.000552 0.005948 -0.007971 -0.071303 0.220016 0.293109 0.470960 0.541451 0.115921 0.060850 0.127293 0.085502
0.166078 0.289609 0.709827 0.009511 0.082455 0.831480 0.205155 0.147622 0.560609 0.113277 0.076555 0.021508 0.019207 0.354520 0.652872 0.365495 0.013821 0.006129 -0.000108 -0.007635 -0.000352 -0.000007 0.000068 0.000120 0.014722 -0.059352 -0.016237 -0.006877 -0.064267 -0.184017 -0.008231 -0.018804 1.391416 1.913701 1.821845 1.286596 1.147069 1.126500 1.312920 0.867862 0.950421 0.720608 0.445499 0.294165 0.351214 0.004249 -0.000068 0.000000 -0.009759 -0.255860 0.013001 0.109038 0.223579 0.434805 0.115900 0.072241 0.175003 0.136553
