use_cases/Flooding_chicago/flooding_data/output/hUy_1620.asc
ncols 337
nrows 393
xllcorner 428428.000000
yllcorner 4602440.000000
cellsize 26.757400
NODATA_value -9999.000000
[rows 52 to 77 of 393, columns 232 to 289 of 337]
0.013658 0.010790 0.036557 0.001263 0.000131 0.000330 0.000401 0.000013 0.000000 0.000000 -9999.000000 -9999.000000 -9999.000000 -9999.000000 -9999.000000 -9999.000000 -9999.000000 -9999.000000 -9999.000000 -9999.000000 -9999.000000 -9999.000000 -9999.000000 -9999.000000 -9999.000000 -9999.000000 -9999.000000 -9999.000000 -9999.000000 -9999.000000 -9999.000000 -9999.000000 -9999.000000 -9999.000000 -9999.000000 -9999.000000 -9999.000000 -9999.000000 -9999.000000 -9999.000000 -9999.000000 -9999.000000 -9999.000000 -9999.000000 -9999.000000 0.004488 -0.000598 -0.014393 -0.171167 -0.141614 -0.159734 -0.024276 -0.050383 -0.076761 0.000512 0.001221 0.002552 -0.007695
0.000634 0.000353 0.000142 -0.002702 -0.000136 -0.000396 -0.000555 -0.010184 -0.004809 0.000046 -9999.000000 -9999.000000 -9999.000000 -9999.000000 -9999.000000 -9999.000000 -9999.000000 -9999.000000 -9999.000000 -9999.000000 -9999.000000 -9999.000000 -9999.000000 -9999.000000 -9999.000000 -9999.000000 -9999.000000 -9999.000000 -9999.000000 -9999.000000 -9999.000000 -9999.000000 -9999.000000 -9999.000000 -9999.000000 -9999.000000 -9999.000000 -9999.000000 -9999.000000 -9999.000000 -9999.000000 -9999.000000 -9999.000000 -9999.000000 0.000360 0.000360 -0.000340 -0.001010 -0.357951 0.019530 0.283247 -0.190478 -0.177479 -0.060151 -0.000215 0.000976 0.000927 -0.003771
-0.000907 -0.000414 -0.000147 -0.155744 -0.009115 -0.008169 -0.008258 -0.026972 -0.008662 0.002044 -9999.000000 -9999.000000 -9999.000000 -9999.000000 -9999.000000 -9999.000000 -9999.000000 -9999.000000 -9999.000000 -9999.000000 -9999.000000 -9999.000000 -9999.000000 -9999.000000 -9999.000000 -9999.000000 -9999.000000 -9999.000000 -9999.000000 -9999.000000 -9999.000000 -9999.000000 -9999.000000 -9999.000000 -9999.000000 -9999.000000 -9999.000000 -9999.000000 -9999.000000 -9999.000000 -9999.000000 -9999.000000 -9999.000000 -9999.000000 -0.000360 -0.000360 -0.000512 -0.000417 -0.167693 0.040392 0.359838 0.168516 -0.014778 -0.152607 -0.000725 -0.000325 0.000913 -0.001027
-0.009349 -0.007506 -0.000732 -0.205771 -0.159300 -0.014281 -0.014460 -0.042220 -0.003557 0.014019 -9999.000000 -9999.000000 -9999.000000 -9999.000000 -9999.000000 -9999.000000 -9999.000000 -9999.000000 -9999.000000 -9999.000000 -9999.000000 -9999.000000 -9999.000000 -9999.000000 -9999.000000 -9999.000000 -9999.000000 -9999.000000 -9999.000000 -9999.000000 -9999.000000 -9999.000000 -9999.000000 -9999.000000 -9999.000000 -9999.000000 -9999.000000 -9999.000000 -9999.000000 -9999.000000 -9999.000000 -9999.000000 -9999.000000 -9999.000000 -0.001711 -0.003480 -0.001440 -0.000683 0.032288 0.049241 0.331939 0.315295 0.031205 -0.210554 -0.000714 -0.000522 0.000877 -0.001117
-0.027224 -0.040172 -0.001560 0.081677 -0.083469 -0.087465 -0.059235 -0.123778 -0.006006 0.006081 0.000695 0.001378 0.000095 -9999.000000 -9999.000000 -9999.000000 -9999.000000 -9999.000000 -9999.000000 -9999.000000 -9999.000000 -9999.000000 -9999.000000 -9999.000000 -9999.000000 -9999.000000 -9999.000000 -9999.000000 -9999.000000 -9999.000000 -9999.000000 -9999.000000 -9999.000000 -9999.000000 -9999.000000 -9999.000000 -9999.000000 -9999.000000 -9999.000000 -9999.000000 -9999.000000 -9999.000000 -9999.000000 -9999.000000 -0.000615 -0.002303 -0.014604 -0.040625 0.493080 0.335494 0.563744 0.448044 0.056432 -0.486848 -0.000277 -0.000251 0.000000 -0.001488
-0.023083 0.000360 0.000360 0.000410 -0.046832 -0.036989 -0.170622 0.001281 0.016350 -0.005287 -0.062117 -0.007748 -0.021148 -9999.000000 -9999.000000 -9999.000000 -9999.000000 -9999.000000 -9999.000000 -9999.000000 -9999.000000 -9999.000000 -9999.000000 -9999.000000 -9999.000000 -9999.000000 -9999.000000 -9999.000000 -9999.000000 -9999.000000 -9999.000000 -9999.000000 -9999.000000 -9999.000000 -9999.000000 -9999.000000 -9999.000000 -9999.000000 -9999.000000 -9999.000000 -9999.000000 -9999.000000 -9999.000000 0.000000 0.000147 -0.006390 -0.829759 -0.072225 0.948755 0.655120 0.644306 0.629236 0.036588 -0.682220 -0.010704 -0.011095 -0.002845 -0.002683
-0.002167 -0.000360 -0.000360 0.000404 -0.015586 -0.021475 -0.080602 0.076802 0.086999 0.000378 -0.110575 -0.070168 -0.142438 -0.020345 -0.002875 -9999.000000 -9999.000000 -9999.000000 -9999.000000 -9999.000000 -9999.000000 -9999.000000 -9999.000000 -9999.000000 -9999.000000 -9999.000000 -9999.000000 -9999.000000 -9999.000000 -9999.000000 -9999.000000 -9999.000000 -9999.000000 -9999.000000 -9999.000000 -9999.000000 -9999.000000 -9999.000000 -9999.000000 -9999.000000 -9999.000000 -9999.000000 -9999.000000 0.000519 0.000101 -0.060138 -0.733187 -0.180686 0.906314 0.725392 0.690282 0.535938 0.082436 -0.324459 0.113873 -0.059032 -0.002213 -0.168522
-0.013705 -0.013056 -0.006012 -0.000176 -0.000004 -0.004903 -0.032989 0.178074 0.008647 0.057492 0.006227 -0.047094 -0.083513 -0.025352 -0.292408 0.000207 0.000000 0.000000 0.000000 -9999.000000 -9999.000000 -9999.000000 -9999.000000 -9999.000000 -9999.000000 -9999.000000 -9999.000000 -9999.000000 -9999.000000 -9999.000000 -9999.000000 -9999.000000 -9999.000000 -9999.000000 -9999.000000 -9999.000000 -9999.000000 -9999.000000 -9999.000000 -9999.000000 -9999.000000 -9999.000000 -9999.000000 0.000467 0.000163 -0.006178 -0.895269 -0.459625 0.989788 0.885200 0.541993 0.662471 0.193036 -0.235593 0.080023 0.263074 0.374571 -0.266719
-0.024014 -0.025833 -0.020338 -0.004096 -0.007867 -0.065116 0.094710 0.014727 0.006917 0.009454 -0.000320 -0.009667 -0.030297 -0.502444 -0.248083 -0.248085 0.053762 0.103206 0.000201 0.000000 0.000000 -9999.000000 -9999.000000 -9999.000000 -9999.000000 -9999.000000 -9999.000000 -9999.000000 -9999.000000 -9999.000000 -9999.000000 -9999.000000 -9999.000000 -9999.000000 -9999.000000 -9999.000000 -9999.000000 -9999.000000 -9999.000000 -9999.000000 -9999.000000 -9999.000000 0.000000 -0.000023 -0.000000 0.000715 -0.544602 -0.577305 0.770475 0.527621 0.149779 0.500141 0.260652 -0.212700 -0.140796 0.035679 0.510750 0.117960
0.026518 -0.970939 -0.038872 -0.030442 -0.081507 -0.048577 0.025910 0.007737 0.003946 0.000224 -0.000745 -0.600439 -0.816470 0.093745 -0.178343 -0.100623 0.087638 0.178512 -0.002152 -0.026444 -0.011747 0.000000 -9999.000000 -9999.000000 -9999.000000 -9999.000000 -9999.000000 -9999.000000 -9999.000000 -9999.000000 -9999.000000 -9999.000000 -9999.000000 -9999.000000 -9999.000000 -9999.000000 -9999.000000 -9999.000000 -9999.000000 -9999.000000 -9999.000000 0.001010 -0.000326 -0.000566 -0.000207 0.000712 -0.010671 -0.242228 0.379672 0.278086 -0.218741 0.275628 0.228706 0.192436 -0.056343 -0.019113 0.000944 0.042103
0.359439 -0.487925 0.088525 -0.824814 -0.099553 -0.006663 0.020475 0.000345 0.000222 0.000164 -0.000202 -0.573628 -0.735541 0.325449 -0.005573 0.251008 0.328200 -0.030458 -0.173627 -1.454825 0.161718 0.133892 0.000000 0.015987 0.000009 0.000411 -9999.000000 -9999.000000 -9999.000000 -9999.000000 -9999.000000 -9999.000000 -9999.000000 -9999.000000 -9999.000000 -9999.000000 -9999.000000 -9999.000000 -9999.000000 -9999.000000 -9999.000000 0.001196 0.000659 0.000186 0.000139 0.000185 0.052553 0.104801 0.487928 0.324156 -0.274501 0.169353 0.096894 0.417049 -0.053083 -0.004176 0.000092 0.000222
0.204315 -0.287873 0.094941 0.013308 -0.212247 0.013492 0.006644 0.000200 -0.000222 -0.000003 -0.000000 0.029266 -0.005413 0.872877 0.405016 0.723820 0.603533 -0.212146 -0.340183 -0.904343 0.095678 0.312971 0.002226 0.024341 -0.000770 -0.000013 0.000326 0.000276 0.000696 0.000719 -9999.000000 -9999.000000 -9999.000000 -9999.000000 -9999.000000 -9999.000000 -9999.000000 -9999.000000 -9999.000000 -9999.000000 -9999.000000 0.001319 0.001779 0.000871 0.001171 -0.000307 0.183445 0.704568 1.055119 0.611972 -0.316556 0.082355 -0.040580 0.010393 -0.052366 -0.000774 -0.000260 -0.000222
0.256985 -0.176864 0.485423 0.892351 0.031520 0.011839 0.000452 -0.001332 -0.007172 -0.004890 -0.005134 0.094856 0.114241 0.102890 0.125863 0.110500 0.076802 -0.078099 -0.005806 -0.940941 -0.273118 0.168160 0.003396 0.016013 -0.006812 -0.007010 -0.000208 -0.000003 -0.000575 -0.000623 -0.000034 -0.000001 -0.000000 -0.000000 -0.000000 0.019922 3.255045 0.144085 0.000277 0.000186 0.000428 0.000384 0.001141 0.000066 0.008829 -0.000374 0.446210 1.449956 1.150231 0.638955 -0.361634 0.211999 -0.059505 -0.187548 0.065748 0.003546 0.005623 0.013063
0.264436 -0.121941 0.024106 0.019392 0.026282 0.007512 -0.000334 -0.001373 -0.011023 -0.015537 0.128491 0.201010 0.098405 0.131164 0.193315 0.228812 0.074880 0.000717 0.409924 -0.299203 -0.540635 -0.059808 0.000360 0.000360 -0.005151 -0.081820 -0.010392 -0.009855 -0.001112 -0.009886 -0.090857 0.164361 0.054392 0.146301 0.041113 1.192699 3.569871 0.038964 0.000022 0.000039 0.000247 0.000272 -0.000097 -0.000294 0.029582 1.200159 0.789751 0.674628 0.501338 1.155514 -0.015091 0.833375 0.132315 0.192150 0.068109 0.003781 0.019612 0.052537
0.265097 -0.108603 0.000526 0.001900 0.019098 -0.000018 -0.000738 -0.009689 -0.000734 -0.115727 -0.037471 0.160617 0.000856 0.107158 0.233531 0.238841 0.054595 0.000959 0.001043 0.012974 -0.235010 -0.259083 -0.000360 -0.000360 -0.003746 0.160877 -0.733572 -0.699477 -0.074380 -0.048396 0.201798 0.137979 0.031018 0.085718 0.060799 1.378473 1.936905 0.097494 -0.000273 -0.000182 -0.000282 -0.000000 -0.000193 -0.000116 0.122758 0.467779 0.441287 0.579839 0.242471 0.097205 0.210805 0.045400 0.007443 0.098909 0.046050 0.000101 0.000777 0.013764
0.461578 -0.315502 0.000488 0.000305 0.000248 -0.002465 -0.001416 -0.045310 -0.004368 0.007725 -0.114032 0.140889 0.105634 0.153088 0.284647 0.152723 0.048275 0.000335 0.000041 0.000002 -0.183617 -0.264657 -0.004488 -0.028032 -0.005370 0.350293 0.042916 0.083205 0.043643 0.007516 0.181472 0.142739 -0.036142 -0.022719 0.537225 1.331409 2.977308 0.555142 -0.022586 -0.010585 -0.000410 -0.000272 -0.000471 0.000204 0.291473 0.319814 0.293921 0.816282 0.011079 0.035050 0.027945 0.041549 0.004552 0.015924 0.024632 0.000018 0.000211 0.000391
0.613955 0.114014 0.000453 -0.000193 -0.000687 -0.002998 0.000011 -0.006442 -0.001148 0.040988 0.198750 0.229641 0.144012 0.101044 0.134281 0.138911 0.039519 -0.000010 -0.001012 -0.003973 -0.000251 -0.311646 0.046519 -0.053447 -0.202077 0.459044 0.203068 0.188037 0.000557 -0.016256 0.306641 0.138076 0.151415 0.228413 0.609287 1.194501 1.316693 0.145535 0.131207 -0.199535 -0.000556 -0.000384 -0.000452 0.081871 0.286450 0.784833 0.941776 0.301006 0.001503 0.014020 0.004702 0.005383 0.006727 0.000569 0.000393 -0.033652 -0.000495 -0.000063
0.383351 0.391824 -0.000095 -0.002225 -0.017406 -0.000765 0.000012 0.000553 0.000960 0.032323 0.031302 0.322825 0.102723 -0.000211 0.000051 0.001131 0.001635 -0.000350 -0.018608 -0.003465 -0.028663 0.139113 0.121583 0.029903 -0.117172 0.392847 -0.007879 -0.106348 0.000219 0.000747 0.296856 0.270891 0.410063 0.282566 0.610581 1.107853 0.985468 0.265038 0.076868 -0.024507 -0.000558 -0.004043 -0.020093 0.277351 0.187095 0.929260 1.042727 0.303046 0.000573 0.000000 0.000587 0.001942 0.000838 -0.000247 -0.000331 -0.067315 -0.008985 -0.000104
0.326277 0.437706 -0.011724 -0.015352 -0.046884 -0.005852 -0.010322 0.000682 0.015157 0.025639 0.026920 0.010754 0.118929 -0.004601 0.033187 0.000099 -0.000101 -0.000764 -0.043255 -0.025251 0.428501 0.449346 0.166196 0.028075 0.346184 0.491505 -0.158967 -0.536620 -0.171122 0.104650 0.451344 0.339793 0.314831 0.587347 0.595801 1.057452 0.715052 0.220552 -0.064240 -0.098109 -0.102553 -0.100713 -0.090112 0.382852 0.005952 0.761510 1.065742 0.307466 0.001459 -0.016018 -0.004506 -0.005208 -0.006308 -0.000554 -0.041857 -0.068132 -0.012213 -0.004382
0.352534 0.426144 -0.049551 -0.087055 -0.083186 -0.011411 -0.023276 0.000848 0.008672 0.010828 0.008968 0.000538 0.000379 -0.010889 0.007413 -0.000583 -0.001312 -0.011619 -0.005283 0.382088 0.991272 0.558560 0.207863 0.048783 0.103214 0.582832 -0.205958 -0.376678 -0.078187 0.347884 0.869905 0.477625 0.306853 0.534733 0.583593 1.526989 0.814252 0.062472 -0.341797 -0.133054 -0.235402 -0.045718 0.079319 0.569098 0.112885 1.044470 1.341095 0.611566 0.042827 -0.538344 0.187057 -0.003929 -0.005898 -0.049953 -0.021313 -0.465883 -0.005334 -0.020692
0.517841 0.639346 0.611879 0.048560 0.194259 -0.030248 -0.011166 0.000149 0.000222 0.000139 0.000096 -0.000037 0.000345 -0.018529 -0.053422 -0.000992 -0.001044 -0.027667 -0.031895 0.470882 1.197368 0.507176 0.002276 0.006719 0.002791 0.020687 -0.230175 -0.284431 0.018760 0.480374 1.157085 1.245206 0.006749 0.024572 0.666166 1.841302 0.756778 -0.171694 -0.636822 -0.011493 0.115085 0.104757 0.008973 0.686514 -0.028744 0.956346 1.812023 0.806176 0.210978 -0.443180 0.180447 0.275737 -0.002134 -0.081188 -0.326992 -0.125827 0.457934 -0.001332
0.142544 0.047417 1.090431 0.997490 1.078252 0.037932 0.023702 0.000314 -0.000222 0.000011 -0.000072 -0.000254 0.000906 -0.016367 -0.119990 -0.000722 -0.009514 0.075648 0.113200 0.460113 1.168126 0.271103 0.001193 0.000554 0.004193 0.000682 -0.116074 -0.226529 0.105947 0.452274 1.072159 0.426854 0.000326 0.007247 1.028544 2.325485 0.573157 -0.036755 -0.558478 0.258133 0.008244 0.011896 0.003929 0.006518 -0.107445 0.961431 2.032906 0.726166 0.200374 -0.400872 0.473670 0.418454 0.914631 0.639053 -0.031084 0.661525 0.020781 0.018034
0.101132 0.027861 0.021828 0.015012 0.030567 0.051003 0.012718 0.000402 -0.004495 -0.000321 -0.000518 0.007871 0.000805 0.047217 -0.093167 -0.011228 0.022401 0.103939 0.157586 0.698890 1.117434 0.019185 0.000630 0.000247 0.000331 -0.000183 -0.000246 0.134175 0.280827 0.775248 0.641019 0.387642 -0.000208 -0.000003 0.546078 0.919757 0.504283 0.533656 0.213766 0.005146 0.000120 0.000000 0.000000 0.000000 0.000000 0.885340 1.965306 0.811737 0.240192 -0.552416 0.409650 0.030337 0.014979 0.017838 0.102495 0.018301 0.006435 0.008750
0.029585 0.024535 0.000063 0.000253 0.003929 0.017207 0.001046 0.000044 -0.016428 -0.004713 -0.000535 0.042216 0.226229 0.123776 -0.036696 -0.011684 0.002394 0.080689 0.199826 0.210882 1.195717 -0.090932 0.000235 -0.000569 -0.000393 -0.020382 0.183335 0.027471 0.197998 0.356942 0.647606 0.300411 -0.014245 -0.009178 1.479016 0.652532 0.000284 0.000000 0.002295 -0.000014 -0.000435 -0.002350 -0.007509 -0.009590 0.198625 1.098315 1.529894 0.735584 0.367118 -0.221270 0.022021 0.013841 0.007560 0.011070 0.011767 0.001351 0.000000 0.000000
0.001026 0.000446 -0.000063 -0.000143 0.000000 0.000000 -0.000159 -0.004018 -0.019564 -0.018232 0.002636 0.141697 0.149395 0.024027 0.062391 -0.009381 -0.010639 0.054211 0.203180 0.663601 0.251258 0.000574 -0.000453 -0.007789 -0.020705 0.020248 0.175234 -0.022366 0.191167 0.343787 0.854766 0.357223 -0.512051 -0.248317 1.564551 1.202544 -0.001953 -0.025945 -0.000538 -0.033031 -0.000791 -0.001477 -0.017104 -0.049858 0.583830 1.142675 0.796900 0.121823 0.435920 -0.052790 0.008361 0.000334 0.000339 0.000001 0.000000 -0.001309 -0.011411 -0.009979
-0.001645 -0.002632 -0.018236 -0.008407 -0.008066 -0.008066 -0.017709 -0.012398 -0.022581 -0.146289 0.002612 0.251798 0.018987 0.041137 0.244843 0.097656 0.162834 0.087132 0.241827 0.448118 0.001085 0.001225 0.006271 0.156744 -0.952427 0.153673 0.243674 -0.177732 0.122976 0.278975 0.643918 0.192544 -0.468624 0.102354 1.260739 1.397143 0.807644 0.069512 0.393941 0.115875 -0.000483 -0.000660 -0.002026 0.541375 0.708793 1.170184 0.743192 0.015191 0.524751 0.065226 0.000367 0.000010 -0.000240 -0.000544 -0.000108 -0.004897 -0.061880 -0.048612
