use_cases/Flooding_chicago/flooding_data/output/hUy_1260.asc
ncols 337
nrows 393
xllcorner 428428.000000
yllcorner 4602440.000000
cellsize 26.757400
NODATA_value -9999.000000
[rows 104 to 129 of 393, columns 116 to 173 of 337]
-9999.000000 -9999.000000 -9999.000000 -9999.000000 -9999.000000 -9999.000000 -9999.000000 -9999.000000 -9999.000000 -9999.000000 -9999.000000 -9999.000000 -9999.000000 -9999.000000 0.000000 0.000000 0.007987 0.004335 0.015074 0.001404 0.002569 0.268355 0.393341 0.028380 0.034832 0.007439 0.002699 0.014424 0.002354 0.014775 -0.002587 -0.050286 0.067532 0.350067 0.017539 -0.515560 0.000304 0.000003 0.000208 0.000424 0.000269 0.000025 0.000001 0.000000 0.000000 0.000000 0.008731 0.031813 0.544886 0.265126 1.408335 -0.373046 -0.073377 0.024164 0.008782 0.009332 0.440081 0.297268
-9999.000000 -9999.000000 -9999.000000 -9999.000000 -9999.000000 -9999.000000 -9999.000000 -9999.000000 -9999.000000 -9999.000000 -9999.000000 -9999.000000 -9999.000000 -9999.000000 -9999.000000 -0.008006 0.000000 0.000000 0.000000 -0.000111 0.005185 0.026348 0.092737 0.026421 0.001875 0.006894 0.001071 0.000609 0.000478 0.056886 -0.128910 0.073640 0.042609 0.067914 -0.037218 -0.019787 -0.000138 -0.008851 -0.000326 -0.000007 -0.000305 -0.002781 -0.018529 -0.015312 -0.005934 0.040391 0.069623 0.153866 0.145983 0.547288 2.054681 0.375771 0.443345 0.003839 0.002473 0.001549 0.146937 0.167571
-9999.000000 -9999.000000 -9999.000000 -9999.000000 -9999.000000 -9999.000000 -9999.000000 -9999.000000 -9999.000000 -9999.000000 -9999.000000 -9999.000000 -9999.000000 -9999.000000 -0.001339 -0.013672 -0.007894 -0.013541 -0.004289 -0.001561 0.000836 0.001951 0.002017 0.000965 0.002273 0.000135 -0.002617 -0.000825 0.000089 0.010264 -0.059266 0.084897 0.117310 -0.030505 -0.060301 -0.022853 -0.005582 -0.022536 -0.004608 -0.000902 -0.000173 -0.001188 -0.024836 -0.067752 -0.063248 0.067254 0.077663 0.058990 0.075038 0.111969 0.264719 0.254318 0.296607 0.026745 0.006786 0.002532 0.165887 0.227953
-9999.000000 -9999.000000 -9999.000000 -9999.000000 -9999.000000 -9999.000000 -9999.000000 -9999.000000 -9999.000000 -9999.000000 -9999.000000 -9999.000000 -9999.000000 -0.000070 -0.000689 -0.024490 -0.019055 -0.067493 -0.040044 -0.005527 -0.003210 -0.001968 -0.000546 -0.000111 -0.000400 -0.000466 -0.044363 -0.000932 -0.000453 0.000066 0.094733 0.140270 0.000438 -0.047456 -0.049954 -0.030249 -0.059359 -0.025684 -0.011498 -0.001555 -0.000491 -0.001794 -0.001278 -0.008194 -0.015598 0.035376 0.027946 0.009636 0.012858 0.131584 0.105242 0.112959 0.204558 0.034408 0.025680 0.004228 0.065831 0.467552
-9999.000000 -9999.000000 -9999.000000 -9999.000000 -9999.000000 -9999.000000 -9999.000000 -9999.000000 -9999.000000 -9999.000000 -9999.000000 -9999.000000 0.000326 -0.022480 -0.001964 -0.006497 -0.061268 -0.027505 -0.016151 -0.005555 -0.045219 -0.002465 -0.002304 -0.001053 -0.000765 -0.000378 -0.112867 -0.007473 -0.001291 -0.000233 -0.000011 0.000015 -0.000097 -0.016156 -0.125001 -0.010963 -0.091212 -0.071733 -0.011608 -0.010994 -0.026810 -0.004728 -0.000124 0.000485 -0.021310 0.000000 0.000205 0.000107 0.002423 0.057258 0.196237 0.241608 0.023002 0.035910 0.022142 0.006674 0.053393 0.574855
-9999.000000 -9999.000000 -9999.000000 -9999.000000 -9999.000000 -9999.000000 -9999.000000 -9999.000000 -9999.000000 0.000421 0.001034 -0.000003 -0.000208 -0.021257 -0.001455 -0.002394 -0.024480 -0.016400 -0.010457 -0.003845 -0.020889 -0.075754 -0.006647 -0.022476 -0.014354 -0.036064 -0.045864 -0.037397 -0.017406 -0.052128 -0.050081 -0.000707 -0.007079 0.017559 -0.316718 -0.026328 -0.039591 -0.030969 -0.027248 -0.062861 -0.063344 -0.002773 -0.000844 0.000858 -0.013918 -0.026076 -0.001980 -0.000202 0.013914 0.081375 0.127196 0.094549 0.015585 0.030742 0.018616 0.037371 0.024900 1.407087
-9999.000000 -9999.000000 -9999.000000 -9999.000000 -9999.000000 -9999.000000 -9999.000000 -9999.000000 0.001049 -0.000424 -0.001201 -0.008203 -0.012744 -0.103158 -0.013160 -0.005777 -0.060338 -0.036024 -0.056334 -0.032452 -0.070451 -0.115895 -0.045829 -0.040837 -0.023137 -0.044641 -0.090293 -0.069532 -0.048785 -1.143745 -0.074442 0.548409 0.014212 0.113944 -0.240931 -0.215338 -0.015667 -0.017127 -0.007662 -0.062340 -0.134511 -0.015927 -0.008337 0.011954 0.717784 0.396270 0.158541 0.155770 0.058298 0.287182 0.010723 0.006779 0.004572 0.016509 0.010245 0.027593 0.023191 0.047992
-9999.000000 -9999.000000 -9999.000000 -9999.000000 0.000378 0.000352 0.000004 0.000119 -0.000576 -0.005358 -0.001070 -0.017280 -0.020274 -0.180815 -0.027812 -0.020989 -0.066161 -0.040970 -0.065945 -0.088310 -0.068344 -0.143656 -0.111689 -0.036093 -0.023449 0.008653 -0.230477 -0.108948 -0.283479 -1.004282 0.009439 0.853536 0.003946 0.007246 -0.159476 -0.136994 -0.126067 -0.005383 -0.015802 -0.084920 -0.214380 -0.091981 -0.009997 0.005906 0.009188 0.012943 0.004345 0.006675 0.015319 0.022309 0.001372 0.003021 0.000852 0.000129 0.000606 0.007903 0.016047 0.010946
-9999.000000 -9999.000000 0.001827 0.000600 -0.000246 -0.000160 -0.000246 -0.000303 -0.001380 -0.003355 -0.017259 -0.018650 -0.026453 -0.275875 -0.034084 -0.032078 -0.036085 -0.045776 -0.047611 -0.131496 -0.100070 -0.173146 -0.153986 -0.034259 -0.002838 0.000000 0.000000 -0.023035 -0.753003 -0.891741 -0.103187 0.693844 0.000222 0.000103 -0.050613 -0.210248 -0.321573 -0.007794 -0.019473 0.024929 -1.384730 -0.086673 -0.000419 0.000000 0.000000 0.000000 0.000000 0.000000 0.000000 0.000067 -0.000077 -0.002912 -0.001718 -0.000065 -0.000064 0.000000 0.000000 0.000000
0.000948 0.002218 0.004970 -0.003571 -0.022668 -0.010128 -0.000197 -0.008261 -0.011092 -0.016281 -0.043122 -0.032968 -0.020991 -0.123230 -0.155902 -0.035487 -0.021836 -0.045218 -0.063353 -0.145365 -0.096302 -0.371503 -0.311788 -0.034118 -0.010277 -0.004212 -0.007712 -0.046730 -0.101525 -0.535866 -0.174805 0.209584 -0.000222 -0.000103 -0.038313 -0.320446 -0.378841 -0.016605 -0.005001 0.010927 -0.287550 -0.213267 -0.004725 -0.007161 -0.005094 -0.003990 -0.018961 -0.028111 -0.005350 -0.000464 -0.009834 -0.033694 -0.046038 -0.009048 -0.021586 -0.008066 -0.008066 -0.012367
0.000000 -0.000384 -0.001883 -0.054261 -0.121072 -0.025750 -0.009001 -0.015781 -0.016051 -0.025811 -0.063972 -0.075238 -0.003991 -0.100714 -0.311201 -0.026405 -0.023011 -0.039814 -0.155988 -0.173281 -0.297208 -0.447844 -0.229479 -0.059167 -0.013937 -0.007710 -0.065814 -0.042982 -0.083893 -0.110079 -0.066054 -0.051006 -0.003946 -0.007246 -0.065118 -0.829577 -0.883171 -0.038959 -0.002151 0.000415 0.019659 -0.373353 -0.366290 -0.017396 -0.026476 -0.008280 -0.031216 -0.083126 -0.008845 -0.011104 -0.019156 -0.083834 -0.096828 -0.071863 -0.067174 -0.014572 -0.015703 -0.049135
-0.002259 -0.002689 -0.001836 -0.060462 -0.068252 -0.099569 -0.014994 -0.030849 -0.012645 -0.034553 -0.047621 -0.143366 -0.008345 -0.085345 -0.309172 -0.122557 -0.118876 -0.168862 -0.221934 -0.079506 -0.358780 -0.313990 -0.093412 -0.007294 -0.023336 -0.006645 -0.133548 -0.091546 -0.039650 -0.058164 -0.036121 -0.113768 -0.055675 -0.030111 0.009086 -0.535511 -0.614998 -0.308984 -0.001175 -0.000533 -0.000019 -0.000000 -0.217287 -0.502134 -0.826329 -0.009306 -0.034582 -0.162055 -0.016668 -0.016596 -0.025585 -0.296979 -0.300272 0.172738 -0.071914 -0.358193 -0.607459 -0.266050
-0.001427 -0.042434 -0.001042 -0.055329 -0.055577 -0.044202 -0.386041 -0.029961 -0.015936 -0.027923 -0.121471 -0.156732 -0.102128 -0.084180 -0.363670 -0.260464 -0.260021 -0.072127 -0.122928 -0.048387 -0.344510 -0.334573 0.104574 0.000506 -0.004960 -0.046031 -0.058672 -0.047351 -0.118475 -0.101066 -0.055241 -0.192499 -0.118843 -0.057427 0.117268 -0.421310 -0.376329 -0.301893 -0.005482 -0.011551 -0.014437 -0.026181 -0.083468 -0.334433 -0.000325 -0.011232 -1.216022 0.095828 -0.839281 -0.042477 -0.033833 0.813544 0.630669 0.523124 0.055733 -0.443409 -0.398308 -0.244867
0.000340 -0.034938 -0.037733 -0.046004 -0.041872 -0.022634 -0.149508 -0.087433 -0.312043 -0.168119 -0.051248 -0.080156 -0.039586 -0.236263 -0.242227 -0.188727 -0.196100 -0.219879 -0.220936 -0.098547 -0.087258 -0.100111 -0.000073 -0.001302 0.000222 -0.009408 -0.041978 -0.104530 -0.209547 -0.141188 -0.067217 -0.350765 -0.182962 -0.017585 0.004030 -0.262056 -0.294257 -0.422451 -0.003736 -0.017781 -0.029116 -0.187620 -0.310057 -0.252351 -0.080559 -0.103253 -0.179940 0.482432 -0.164510 -0.133440 0.107853 1.355810 0.757842 0.024366 0.010612 -0.384270 -1.194986 -0.547606
0.000222 0.000103 -0.028982 -0.043961 -0.035456 -0.013266 -0.070515 -0.016534 -0.182796 -0.147460 0.000222 -0.037402 -0.103002 -0.178028 -0.195387 -0.158702 -0.118871 -0.489781 -0.431987 -0.072399 -0.113730 -0.045445 -0.028263 -0.000632 -0.000222 -0.002262 -0.054594 -0.248733 -0.286480 -0.235566 -0.243890 -0.440184 -0.052264 -0.002480 0.009091 -0.120907 0.246479 -0.352742 -0.132903 -0.093168 -0.247488 -1.150535 -1.043954 -0.286673 -0.393861 -0.250813 0.373312 0.501088 0.264533 0.135344 0.586052 0.903131 0.000056 0.000000 0.000000 0.000063 -0.858691 -0.340966
-0.000222 -0.000103 -0.018301 -0.042337 -0.295524 -0.013138 -0.000845 -0.000060 -0.180296 -0.163787 -0.000222 -0.008885 -0.070835 -0.129635 -0.127654 -0.086863 -0.317963 -0.382855 -0.335005 -0.033083 -0.171899 -0.036964 -0.038051 -0.009117 -0.012116 -0.010954 -0.183563 -0.318058 -0.467326 -0.692557 -0.303937 -0.199903 0.034004 0.009277 0.017465 0.039208 0.020095 -0.297641 -0.125891 -0.031416 0.031271 -0.887520 -0.530711 -0.269792 -0.210091 -0.208879 0.278634 0.553282 0.472831 0.203022 0.555863 0.248697 -0.000883 -0.006375 -0.015733 -0.056468 -0.362321 -0.034100
-0.012187 -0.028875 -0.016902 -0.028974 -0.027376 -0.014067 -0.003241 -0.046831 -0.083597 -0.228383 -0.102820 -0.033156 -0.178157 -0.198691 -0.140751 -0.271808 -0.626911 -0.509237 -0.500272 -0.042993 -0.167652 -0.016888 -0.050427 -0.032567 -0.012265 -0.101483 -0.151440 -0.278399 -0.461594 -0.717195 0.099360 0.233417 0.155083 0.020644 0.021095 0.004236 0.002410 0.002633 -0.172057 -0.032376 -0.001338 -0.449470 -0.528683 -0.103388 -0.024154 -0.082801 -0.005423 0.316085 0.511864 0.161718 0.462479 0.168078 -0.004644 -0.020686 -0.947518 -0.024394 0.037569 0.080109
-0.029501 -0.146844 -0.090567 -0.073107 -0.013309 -0.008649 -0.004394 -0.076975 -0.080629 -0.206889 -0.742377 -0.288484 -0.423919 -0.299537 -0.156187 -0.802135 -1.058343 -0.975972 -0.962274 -0.025479 -0.085404 -0.060169 -0.160558 -0.212760 -0.040025 -0.325566 -0.086884 -0.144531 -0.409536 -0.775633 0.003815 0.042054 0.077879 0.034520 0.010258 0.009536 0.004460 0.007416 0.001548 -0.009118 0.000918 -0.263143 -0.442779 -0.059470 -0.018655 -0.186368 -0.189192 0.305502 0.403565 0.130944 0.381701 0.000429 -0.003509 -0.058281 -0.643936 -0.193973 0.323162 0.404346
-0.086153 -0.080599 -0.085659 -0.000332 -0.006003 -0.003678 -0.002303 -0.012415 -0.126249 -0.110437 -0.013490 -0.140997 -0.623421 -1.154569 -0.589455 -0.496675 -0.638478 -0.613093 -0.457894 -0.039255 -0.043912 -0.051679 -0.085706 -0.000318 -0.017818 -0.489054 -0.061200 -0.021361 -0.151931 -0.671253 0.001027 0.012603 0.023964 0.020325 0.023333 0.011832 0.006722 0.035916 0.005173 0.002046 0.011384 -0.010172 -0.208205 0.037832 -0.008135 -0.079372 -0.502079 0.279333 0.493855 0.027529 0.187306 -0.000702 -0.001623 0.044668 -0.195155 -0.695558 0.305580 0.414291
-0.030603 -0.343208 -0.039720 -0.012350 -0.002154 -0.002127 -0.001170 -0.018821 -0.061010 -0.061871 -0.013535 -0.001266 -0.292246 -1.474153 -0.531749 -0.528799 -0.547239 -0.616039 -0.251661 -0.025562 -0.065013 -0.036014 -0.059604 -0.004895 -0.029455 -0.910351 -0.094949 0.023941 0.072713 -0.175040 0.000183 0.000933 0.001099 0.032611 0.053937 0.012274 0.008118 0.015926 0.035450 0.033609 0.084462 0.410777 0.275559 0.195292 0.146886 0.157223 -0.609790 0.223457 0.577315 -0.078142 -0.080661 -0.286313 -0.001389 0.126794 0.521282 -1.229291 0.059176 1.128037
-0.058254 -0.315095 -0.255928 -0.008790 -0.005035 -0.002515 -0.001021 -0.007094 -0.081653 -0.175806 -0.080286 -0.001330 0.000332 -1.432094 -1.288882 -0.665595 -0.489152 -0.703830 -0.180505 -0.012204 -0.033135 -0.019873 -0.042191 -0.004113 -0.012383 -1.233823 -0.016212 0.000897 0.138789 0.088342 0.000964 0.000808 0.001577 0.033552 0.006519 0.002085 0.001122 0.000456 0.020798 0.068238 0.064971 0.093613 0.125172 1.227240 0.064272 0.057236 -0.154353 0.681177 0.866931 0.128451 0.119991 -0.120793 0.048270 0.121586 1.581310 -0.545221 0.145918 1.704651
-0.036247 -0.333103 -0.293074 -0.003807 -0.003572 -0.001531 -0.001506 -0.001675 -0.025989 -0.430677 -0.038499 -0.025664 -0.002335 -0.865317 -1.478788 -0.844768 -0.434053 -0.865295 0.000441 -0.000111 -0.001686 -0.016752 -0.042571 -0.147369 -0.298230 -0.919458 -0.005208 0.000637 0.002364 0.000907 0.000134 -0.000297 0.000134 0.001065 0.000000 0.000046 -0.000560 -0.000348 0.010047 0.065725 0.050287 0.056381 0.062209 0.089490 0.075245 0.029659 0.003904 0.397693 0.454770 0.035498 0.036207 0.068801 0.034157 0.306010 0.033650 0.098870 0.097913 0.013542
0.000207 -0.432532 -0.447438 -0.172143 -0.004143 -0.001610 -0.001312 -0.014195 -0.035874 -0.940981 -0.101198 -0.244764 -0.282623 -0.771068 -0.828277 -0.857419 0.000000 -0.900839 -0.000065 -0.023468 -0.002626 -0.008883 -0.302174 -0.557532 -0.455605 -0.455804 -0.002103 -0.000696 -0.000923 -0.000266 -0.000234 -0.000973 -0.001781 -0.001438 -0.010397 -0.001835 -0.005309 -0.006676 0.023246 0.023170 0.023893 0.014005 0.047960 0.044991 0.030324 0.005007 0.002487 0.409967 0.435763 0.001121 0.004001 0.032875 0.030124 0.041766 0.045222 0.026031 0.060322 0.000000
-0.047736 -0.318963 -0.386686 -0.270619 -0.004749 -0.001766 -0.011740 -0.022982 0.164396 -0.425076 -0.201872 -0.445756 -0.868362 -1.702596 -1.809242 -0.473622 -0.112377 -1.935127 0.141351 -0.962820 0.190599 -0.300926 -0.769662 -0.540290 -0.221252 -0.239931 -0.003280 -0.025550 -0.002523 -0.003080 -0.017821 -0.005240 -0.048480 -0.016477 -0.030576 -0.001032 -0.002163 -0.012728 0.017392 0.025328 0.040120 0.044538 0.030683 0.033105 0.001392 0.001621 0.001667 0.515169 0.524357 0.000881 0.003416 0.002059 0.025219 0.021000 0.011531 0.022554 0.052930 -0.012647
0.016425 -0.108238 -0.172492 -0.300456 -0.166429 -0.084800 -0.108282 -0.008310 0.302270 -0.226441 -0.061422 -0.159492 -0.389844 -1.435789 -1.599930 -1.738706 -0.302063 -1.674454 0.495197 -0.393631 0.512960 -1.162854 -1.270639 -0.262588 0.000000 0.000000 -0.027152 -0.047736 -0.020669 -0.024340 -0.048770 -0.023188 -0.077716 -0.026932 -0.004695 -0.000645 0.000158 -0.024030 0.012571 0.019372 0.083794 0.013318 0.007956 0.008528 0.001930 0.001011 0.001073 0.218682 0.211443 -0.000004 0.003305 0.004543 0.002589 0.003289 0.002390 0.018193 0.033786 0.018196
-0.002393 -0.095275 -0.000467 -0.235976 -0.174252 -0.199283 -0.252763 -0.013082 0.232620 -0.188346 -0.098743 -0.115949 -0.408817 -1.349253 -1.485226 -1.254152 -0.135412 -1.154327 0.287911 -0.144017 0.338738 -0.694871 -0.721276 -0.092328 -0.000621 -0.003663 -0.060735 -0.076860 -0.062330 -0.087837 -0.126446 -0.071157 -0.077966 -0.031666 -0.008891 -0.008100 -0.000359 -0.031963 0.000729 0.001802 0.015071 0.006355 0.000588 0.000125 0.000316 0.000044 0.000992 0.211057 0.207824 0.155217 0.025741 0.049862 0.023485 0.023965 0.008300 0.006611 0.034454 0.039912
