use_cases/Flooding_chicago/flooding_data/output/hUy_3240.asc
ncols 337
nrows 393
xllcorner 428428.000000
yllcorner 4602440.000000
cellsize 26.757400
NODATA_value -9999.000000
[rows 156 to 181 of 393, columns 116 to 173 of 337]
-0.000140 0.025655 0.000000 0.013249 0.527051 0.794529 0.441298 0.134961 -0.022987 0.071510 0.437582 0.512527 0.660068 0.499760 1.308914 2.853775 4.357201 4.645741 4.021483 2.725451 1.489842 1.077489 0.546813 0.341773 0.021831 0.007722 -0.000041 -0.001079 -0.000995 -0.000580 -0.007531 0.020161 0.891283 1.384911 1.670346 2.425184 1.748642 1.035162 0.636847 0.624882 0.425942 0.623949 1.426131 1.310017 1.652584 -0.223468 -1.108393 -1.397542 -0.860310 -0.166176 0.444077 0.832503 1.391856 0.315334 1.490114 0.048385 0.014055 0.649720
0.005110 0.019632 0.035597 0.566165 0.761255 0.962267 0.489783 0.046687 -0.022182 0.109451 0.646568 0.416942 0.420183 0.248244 1.459322 2.788610 4.311164 4.936781 4.228951 3.195196 1.461160 1.045906 0.363371 0.169153 -0.000013 -0.000407 -0.009917 -0.012451 -0.008480 -0.010192 -1.096927 0.394447 1.281790 1.224496 1.708890 2.852319 2.007643 0.993409 1.104119 1.165536 0.680050 1.178752 2.350510 1.652434 1.195778 0.181508 -0.652929 -1.158763 -1.062643 -0.559481 0.312214 -0.152952 0.532120 -0.783349 1.114675 0.738955 0.790849 1.658502
0.017800 0.020595 0.069070 0.652571 0.607471 0.440059 0.012648 0.000000 0.010680 0.353832 0.845973 0.325659 0.295854 0.034174 1.071169 3.086348 4.664052 4.618595 5.298878 3.032417 1.576388 0.952096 -0.098587 -0.240686 -0.053084 -0.004646 -0.016956 -0.301061 -0.369933 -0.375667 -1.072081 0.192762 1.639982 2.068541 2.280184 3.274380 1.823027 1.024185 1.119481 0.804665 0.681536 2.213514 5.023811 2.192600 1.520836 -0.198375 -0.430144 -0.766118 -1.606870 -0.486551 0.185077 -0.640616 -0.323603 -0.919606 1.214260 1.743101 1.407100 2.448693
0.023783 0.023570 0.685129 0.991167 0.428248 0.261158 0.016319 -0.055126 0.533652 1.287396 1.037222 0.374240 0.339159 -0.089318 0.825731 2.762311 5.142584 5.947324 5.462530 3.905996 1.374017 0.588778 -0.759012 -1.081916 -0.923067 -0.716790 -0.505021 0.840470 0.630924 0.392761 -0.840153 0.461547 2.041313 2.330638 2.604919 3.345416 1.603797 0.625536 0.680928 0.739312 1.752121 2.764535 5.056949 2.042526 1.836043 -0.597173 -0.709696 -0.209928 -1.287332 -0.731411 -0.007717 -0.951899 -0.071848 -0.721285 1.758176 2.251227 1.057110 1.727577
0.246641 0.129631 1.336792 0.772412 0.303848 0.120796 0.032119 0.015982 0.991947 1.269355 0.028832 0.016304 0.021642 -0.125869 0.969956 3.066295 6.603592 7.882817 6.763582 4.649305 1.643394 0.573185 -0.778404 -1.357569 -1.736069 -0.782612 -0.042225 0.769809 0.683868 0.536090 0.930327 0.907009 2.317070 2.503033 2.292045 2.986358 0.880099 -0.178679 0.256402 1.321319 2.344062 4.161209 2.017793 0.022263 0.019068 0.219667 0.222868 0.137493 -0.527179 -0.410990 0.123383 -0.769062 0.678232 -0.063165 3.363484 3.180625 1.248690 1.525229
0.118975 0.226462 1.228736 0.874536 0.060815 0.058712 0.060148 0.030419 0.530955 1.107334 0.176631 0.013513 0.034900 0.027137 1.406516 4.372896 7.850086 8.089552 7.862807 6.230613 2.281058 0.607361 -0.380324 -0.706624 -1.590783 -1.051160 -0.283248 0.425703 0.574532 0.606816 1.294259 2.261138 2.817895 2.382971 1.538406 2.671576 0.347318 -1.298033 0.277059 1.676831 1.994090 2.697595 0.081159 0.024683 0.013328 0.032246 0.033451 0.020369 0.090952 1.013955 0.969222 0.256461 2.040056 0.046871 0.029311 0.029515 0.289671 0.921534
0.186666 0.198930 1.483219 0.128832 0.001139 0.000548 0.086372 0.099043 0.498894 0.998038 0.226548 0.000671 0.057665 0.045423 2.190669 4.973082 8.916554 9.146240 8.813670 6.778752 2.148721 1.024935 -0.064840 -0.189737 -0.700042 -0.535769 -0.298369 0.436266 0.768278 0.821834 1.213154 1.291732 1.578251 0.743469 1.082726 3.151704 -0.063550 -1.929827 0.278692 2.189262 0.161686 0.197367 0.039664 0.017303 0.011499 0.007360 0.019901 0.005938 0.076939 0.169738 0.445159 0.193692 0.042418 0.050505 0.013126 0.023110 0.032032 1.089593
0.242413 0.253643 1.486371 0.000732 0.002122 0.000360 0.177952 0.298764 0.524585 1.071074 0.126268 0.001712 0.106508 0.671268 3.924572 5.660531 10.203490 10.111236 9.322495 5.212155 1.354342 1.703708 0.065662 0.024468 0.041225 0.139512 0.130762 0.206886 0.228722 0.648159 0.505828 0.383824 0.046017 0.249413 1.285059 4.902855 -0.045310 -1.597275 0.038857 0.044226 0.070042 0.232083 0.080353 0.007236 0.000193 0.003663 0.006318 0.000744 0.084482 0.234564 0.335833 0.036886 0.036935 0.045843 0.016179 0.011589 0.025966 0.733507
0.256579 0.638378 1.281323 0.085285 0.120329 0.127797 0.237073 0.201096 0.156543 0.607527 0.671205 0.546187 0.733927 2.011436 4.001049 5.821916 10.835103 10.138658 6.989812 2.684706 0.012892 0.010836 0.005878 0.005878 0.043866 0.053537 0.061841 0.172233 0.281454 0.385475 0.361670 0.197860 0.072565 0.080722 0.032510 1.585411 0.553378 0.039727 0.009801 0.009943 0.004308 0.183427 0.111007 0.001472 -0.000074 0.000000 0.000000 0.002848 0.147921 0.278346 0.141182 0.028103 0.026789 0.032246 0.010887 0.001853 0.007114 0.482591
0.408110 0.666562 1.355034 0.314504 0.540521 0.368343 0.353629 0.178583 0.145761 0.641721 1.131534 1.611014 1.639823 3.546587 5.551689 6.218440 10.776467 10.982481 6.758523 1.149881 0.000000 0.000000 0.000000 0.000000 0.040990 0.018560 0.013935 0.109496 0.287794 0.341885 0.352469 0.119083 0.055480 0.057593 0.025187 1.044523 0.826949 0.065643 0.000000 0.000003 0.000208 0.045678 0.151534 0.009307 0.001171 0.004143 0.005564 0.029925 0.208325 0.190171 0.068068 0.023797 0.007009 0.020193 0.001167 0.001966 0.000215 0.668087
0.432631 0.547064 1.276835 0.598937 1.053797 0.507940 0.408154 0.228648 0.346272 1.636314 2.175488 2.379090 2.412729 3.856865 5.584976 7.045361 10.040800 7.913131 3.607361 2.018229 0.145997 0.015376 0.022545 0.092331 0.001293 0.012660 0.006698 0.006698 0.174367 0.351907 0.386992 0.001563 0.010322 0.017896 0.020393 0.824080 0.646725 0.272543 -0.013419 -0.007076 -0.000326 0.036260 0.068200 0.062473 0.010698 0.018518 0.023036 0.032241 0.166988 0.088064 0.097222 0.005157 0.002064 0.009877 0.001793 0.005098 0.705858 0.441287
0.574237 0.755854 1.324144 0.899295 1.210372 0.775671 0.463000 0.145135 0.867098 1.973778 3.001234 2.875821 2.795123 4.037736 5.572777 7.537816 10.350888 5.965911 0.894582 0.140089 0.137626 0.015905 0.002517 0.025043 0.003167 0.000229 0.000360 0.000360 0.000239 0.458603 0.508799 0.000624 0.000746 0.000919 0.012396 0.298304 0.486363 0.495608 0.171845 -0.050760 -0.000481 0.009633 0.020532 0.030882 0.053152 0.011098 0.026392 0.018985 0.071143 0.074117 0.099743 0.033602 0.007163 0.002532 0.017034 0.034656 1.009710 0.180080
0.909588 1.374561 1.553137 1.672854 2.094799 1.430229 0.319925 0.211869 1.109743 1.903609 2.807606 2.816501 2.960919 4.440438 5.711207 9.062648 6.058337 1.628044 0.003397 0.025764 0.127593 0.055040 0.000039 0.000454 0.000672 -0.000094 -0.000360 -0.000360 -0.000180 0.544740 0.909031 -0.000163 0.000140 0.001003 0.001247 0.006933 0.507961 0.504144 0.301679 -0.033458 0.002786 0.001771 0.002528 0.004020 0.018433 0.000912 0.008465 0.022412 0.039906 0.023278 0.080589 0.050482 0.027519 0.005044 0.012765 0.005678 0.543930 0.410694
1.211111 1.884767 1.923483 2.642614 2.879857 2.249325 0.596914 0.121257 0.795946 1.744117 2.749503 3.339751 3.447170 5.169580 6.217080 5.262057 2.962095 1.315157 0.070528 0.005693 0.046187 0.470721 -0.000495 -0.000602 -0.000837 -0.000778 -0.014813 -0.004488 -0.018827 0.329031 0.784938 -0.000466 -0.000594 0.001522 0.004090 0.022961 0.504902 0.584174 0.529921 0.060971 0.012955 0.004858 0.003239 0.002565 0.001342 0.000653 0.000208 0.004033 0.035703 0.019525 0.060333 0.024141 0.020926 0.016457 0.000994 0.001199 0.369146 0.322935
1.698717 2.154513 1.877580 4.460385 4.334996 2.961719 1.220393 0.320785 0.250640 1.742822 2.525846 2.832250 2.830852 4.523561 5.147308 3.543837 2.217438 1.173490 0.265443 0.115806 0.054958 0.436282 0.496872 -0.006887 -0.000785 -0.000498 0.077303 -0.066655 0.078475 0.324017 0.877625 0.346958 0.030514 0.008076 0.027857 0.091706 0.190917 0.230518 0.387519 0.245056 0.039202 0.011474 0.007764 0.007674 0.005694 0.001949 -0.000070 0.000356 0.017205 0.010214 0.033808 0.004014 0.011426 0.005155 0.000101 0.006993 0.170289 0.261706
2.273152 2.589555 3.559752 5.959184 4.390497 3.256556 1.494534 0.318985 -0.104350 1.436780 1.783181 2.617679 2.491467 3.335865 3.609065 1.840147 0.355184 0.029933 0.064823 0.086562 0.110697 0.128897 0.695047 -0.176786 0.022680 0.001967 0.013924 -0.012451 0.283119 0.212288 0.698567 0.044124 0.016133 0.011911 0.043243 0.009377 0.097108 0.128706 0.137855 0.166490 0.169569 0.057533 0.043074 0.045696 0.037867 0.009404 0.000559 -0.000166 0.000000 0.000000 0.000000 0.000000 0.000187 0.000003 -0.000335 0.021222 0.047682 0.311646
2.513795 2.538696 4.725224 6.732980 4.505360 2.793819 1.012612 0.277116 -0.002730 0.768785 0.895929 1.818662 1.522287 1.990785 2.425966 0.222589 0.000267 0.007575 0.012858 0.015077 0.010481 0.000443 0.608255 0.416173 0.010711 0.002856 0.014999 0.003700 0.558945 0.399284 0.057017 0.026244 0.009867 0.011588 0.040209 0.003332 0.207814 0.227570 0.006563 0.072528 0.047858 0.070658 0.046437 0.068672 0.065999 0.060700 0.001654 0.000923 -0.008334 -0.014318 -0.004329 -0.003252 -0.000544 0.000605 0.197741 0.111974 0.202170 0.081096
2.139481 2.517813 6.068449 5.571219 3.290701 1.050301 0.369032 0.474708 1.107795 0.466804 0.212334 1.134907 1.070997 1.748574 2.521346 0.031186 -0.000081 0.000013 0.000356 0.000356 0.000013 0.085927 0.397361 0.313827 0.001333 0.002412 0.003394 0.015189 0.274877 0.272603 0.040572 0.013222 0.003009 0.004224 0.029606 0.032809 0.186503 0.158710 0.017734 0.032108 0.034670 0.057805 0.045090 0.038614 0.016015 0.031449 0.003493 0.004040 -0.054456 -0.067421 -0.003215 -0.002748 -0.001649 0.002815 0.101169 0.078114 0.039808 0.157595
1.485101 1.836974 4.055684 4.040451 1.198633 0.001314 0.000129 0.529624 1.203282 0.668324 0.123532 1.175263 1.844575 2.605758 2.743790 0.136373 -0.000793 -0.008389 -0.000598 -0.000598 0.000080 0.718092 0.360550 0.045020 0.016981 0.003512 0.018368 0.015667 0.169691 0.224323 0.069089 0.001030 0.004555 0.009215 0.017195 0.028066 0.108620 0.113486 0.026600 0.023503 0.027188 0.029751 0.011976 0.024197 0.000658 0.000552 -0.000060 0.002970 -0.023310 -0.032723 -0.001822 -0.001694 -0.000129 0.008766 0.060157 0.039372 0.015365 0.025336
0.924027 0.994698 3.272411 2.742734 0.427776 -0.030116 -0.033056 0.705794 2.220719 0.302776 0.003650 0.484128 0.386194 0.392259 1.602198 0.372161 -0.001011 -0.020954 -0.008364 -0.013484 0.004410 0.411894 0.102058 0.022013 0.010102 0.011702 0.009630 0.007617 0.019413 0.155801 0.191148 -0.000344 0.000642 0.008389 0.004831 0.010105 0.056125 0.045613 0.016347 0.010517 0.004986 0.000356 0.000656 0.000331 -0.000790 -0.002049 -0.004723 0.000000 -0.022407 -0.024621 -0.001182 -0.001156 -0.001068 0.004619 0.001135 0.008504 0.001397 0.010698
0.562440 0.546136 2.963391 2.508643 0.425833 -0.029509 -0.026983 0.665601 2.133772 0.316102 0.324526 0.516949 0.335861 0.701302 1.359350 0.493879 -0.015994 -0.033162 -0.023873 -0.014383 0.006271 0.038848 0.157905 0.003144 0.002861 0.012680 0.000502 0.004064 0.009408 0.000388 0.171278 0.154244 -0.002281 0.000954 0.009061 0.023004 0.008839 0.000252 0.000332 0.000222 0.000212 -0.000408 -0.000869 -0.000809 -0.031945 -0.032273 -0.038585 -0.008279 -0.010217 -0.064371 -0.056731 -0.012169 -0.003820 0.000156 0.000555 0.000000 0.000731 0.000720
0.423289 0.564678 2.827481 1.847110 0.327030 0.007387 0.009316 0.344022 1.135214 0.249149 0.682829 0.890905 0.439788 0.728714 1.677652 1.142392 -0.288904 -0.433489 -0.013170 -0.000897 0.000333 0.002030 0.168300 0.007648 0.002424 0.000007 0.000377 0.000415 0.000401 0.000309 0.056486 0.149072 -0.016353 -0.001921 0.011647 0.028612 0.016431 0.000474 0.000060 -0.000222 -0.005374 -0.019048 -0.017280 -0.009437 -0.068426 -0.072682 -0.054654 -0.390979 -0.016120 -0.307876 -1.486700 -0.036813 -0.011665 -0.001093 0.001116 0.001964 0.001941 0.002218
0.017224 0.257219 1.931521 2.027668 0.398611 0.010810 0.012076 0.316521 0.841337 0.228899 0.757910 1.105588 0.325780 0.503012 1.397356 0.974658 -0.173388 -0.128748 -0.000330 -0.000004 0.000102 0.004260 0.045701 0.023369 0.009998 0.038331 0.000497 0.000422 0.000452 -0.000044 -0.000001 0.133334 -0.193463 0.000388 0.035672 0.067544 0.058007 0.001473 -0.000353 -0.006549 -0.039197 -0.045620 -0.030383 -0.310621 -0.479845 0.242824 0.189505 -0.075099 -0.200945 0.165265 -0.836427 -0.592876 -0.325693 -0.000584 0.000323 0.000971 0.001310 0.013118
0.000375 0.001546 1.987740 2.037771 0.445836 0.028759 0.026010 0.023004 0.619259 0.071999 1.433630 1.408487 0.364313 0.346206 1.252553 1.217711 0.016922 0.052711 -0.000026 -0.000619 -0.013394 -0.000489 0.000057 0.000808 0.004401 0.022779 0.001149 -0.000236 -0.000007 -0.000338 0.072135 0.045856 -0.175574 0.032547 0.009392 0.013802 0.019516 0.003283 0.000039 -0.021638 -0.094319 -0.564207 -0.013894 0.382760 0.285346 0.552001 0.514175 0.080108 -0.167415 0.185045 -1.007389 -0.671386 -0.531691 0.000237 0.000904 0.001987 0.002320 0.010394
0.000219 0.001077 1.942912 1.944177 0.536381 0.006318 0.003663 0.008435 0.468615 -0.081392 1.838158 1.988613 0.486795 0.304721 0.882800 1.056798 0.511023 0.202401 0.102894 -0.004344 -0.049542 -0.008442 -0.007289 -0.000529 0.000287 0.006324 0.000276 -0.000518 -0.007581 -0.000418 0.027524 -0.138632 -0.142813 0.006932 0.000370 0.000473 0.000965 0.004825 -0.000255 -0.002952 0.083300 -0.395651 0.050933 0.557058 0.608761 0.030302 0.019643 0.215781 -0.105140 -0.016296 -1.237482 -0.713126 -0.346563 0.020566 0.001802 0.003141 0.003840 0.001545
-0.000219 0.000609 2.282802 2.240700 0.657192 0.000000 0.000000 0.000072 0.007421 -0.051104 2.276599 2.518885 0.743893 0.408885 0.682759 0.069092 0.191831 0.372869 0.068614 0.041304 -0.018628 -0.014575 -0.017577 -0.005058 -0.000169 0.000222 -0.000621 -0.008318 -0.020466 -0.002191 -0.158983 -0.142505 0.000478 0.000169 0.000308 -0.000270 -0.000000 0.000270 -0.001673 0.112051 0.253280 0.123375 0.154320 0.656393 0.023720 0.002517 0.001692 0.378164 -0.204565 -0.235783 -1.395618 -0.666200 0.143637 0.010175 0.001759 0.004055 0.003077 0.001289
