use_cases/Flooding_chicago/flooding_data/output/hUy_900.asc
ncols 337
nrows 393
xllcorner 428428.000000
yllcorner 4602440.000000
cellsize 26.757400
NODATA_value -9999.000000
[rows 182 to 207 of 393, columns 232 to 289 of 337]
0.013485 0.263661 1.444023 0.290975 -0.582114 -0.603969 -0.971470 -0.011182 -0.010874 -0.005187 -0.001581 -0.000275 -0.000247 -0.000331 -0.000007 -0.000000 0.091013 -0.420471 -0.251849 -0.017214 0.295636 0.058775 0.576905 0.001719 -0.000281 -0.000340 -0.000286 0.067937 0.009829 0.035804 0.020783 -0.004377 -0.110040 -0.051761 -0.074575 0.103317 0.096611 -0.000498 -0.005873 0.000917 0.179981 0.813534 0.510416 0.160210 0.035881 0.057239 0.080447 1.144507 0.246914 -0.052872 0.008555 0.000980 -0.109528 -0.210749 0.507715 0.012100 -9999.000000 -9999.000000
0.006751 0.028435 0.045489 0.057211 0.027793 0.138814 -2.423025 -0.129807 -0.027345 -0.034994 -0.028988 -0.007908 -0.000554 -0.006855 -0.005921 -0.005627 0.672167 -0.305535 -0.241942 -0.015612 0.459064 0.007425 0.027399 0.007020 -0.001105 -0.005991 0.049314 0.094810 0.013494 0.023766 0.039592 0.010158 -0.140831 -0.074014 -0.090718 0.000019 0.000538 0.000971 -0.004034 0.001527 0.107885 0.695645 0.674153 0.455127 0.044431 0.107536 0.137827 0.217961 0.133646 0.096298 0.051239 0.008194 -0.071180 -0.319229 0.661988 0.020884 -9999.000000 -9999.000000
0.001206 0.024959 0.017803 0.047345 0.016810 0.030684 -0.986298 -0.838749 -0.647726 -0.041051 -0.049575 -0.040041 -0.009010 -0.014044 -0.033045 0.049241 0.591016 -0.210066 0.002407 0.027816 0.033930 0.010793 0.001142 0.000519 -0.009698 -0.010709 0.098574 0.102829 0.017936 0.017068 0.068959 0.021690 -0.072487 -0.079912 -0.079478 -0.070289 -0.000477 -0.000094 0.000264 0.020154 0.111389 0.709271 0.966156 0.494741 0.003377 0.135973 0.006107 0.012417 0.056332 0.057226 0.013404 0.013404 0.112352 -0.259760 1.027039 0.052246 0.005106 -9999.000000
0.000891 0.005483 0.008680 0.019567 0.004386 0.016104 0.013955 -0.642879 -0.593788 -0.395029 -0.208124 -0.639835 -0.182128 -0.098465 -0.184423 0.208575 0.517780 -0.095804 -0.000358 0.000454 0.001191 0.000972 0.000183 -0.000237 0.073960 0.218491 0.193616 0.519446 0.019427 0.031226 0.126984 0.105518 -0.030085 -0.222276 -0.210066 -0.643223 0.218701 -0.000995 -0.000479 0.066875 0.152432 0.783165 1.220629 0.669458 -0.041834 0.002868 0.000172 0.005928 0.027045 0.027709 0.007141 0.007141 0.060854 0.036470 0.034442 0.020725 0.005306 -9999.000000
0.000004 0.000222 0.000103 0.000473 0.003048 0.001666 0.000359 0.000781 0.002721 -0.350915 -0.190362 -0.485298 -0.435021 -0.407955 0.207079 0.263069 0.416749 -0.264954 -0.474668 -0.000369 -0.000909 -0.000958 -0.001069 -0.010041 0.195833 0.446343 0.007724 0.297260 0.111158 0.143501 0.008930 0.004614 0.040139 -0.166832 -0.136533 -0.390296 0.600186 -0.276974 -0.247354 0.076460 0.074865 0.368514 1.299224 0.500617 0.000990 0.008955 -0.005709 0.000000 0.000000 0.000000 0.000000 0.000000 0.031597 0.000610 0.008881 0.001251 0.001213 0.000734
-0.004868 -0.000222 -0.000103 0.000877 0.004668 -0.000074 -0.000224 0.000054 0.001166 0.000115 0.000383 0.075451 0.072996 -0.128371 0.453656 0.451462 0.103541 -0.511578 -0.619548 -0.016930 -0.001031 -0.014235 -0.173097 -0.299787 0.089382 0.010132 0.005568 0.027378 0.018418 0.053870 0.022378 0.006790 0.012655 -0.170265 -0.162379 -0.156913 0.930017 0.229125 0.479346 0.111017 0.078624 0.308340 1.151721 0.502562 0.243505 0.006840 0.034889 0.122115 -0.009358 -0.016642 -0.006886 -0.010661 -0.000004 -0.000083 0.000000 -0.000872 -0.000032 0.000800
0.065564 -0.008865 -0.002534 0.001492 0.030175 0.028709 0.003738 -0.194817 -0.202998 -0.001317 -0.000676 -0.000025 0.158897 0.210533 0.089757 0.036028 0.361738 -0.288691 -0.580357 -0.237604 -0.502869 0.215757 0.400341 -0.157288 0.000480 0.000007 0.000326 0.007209 0.006307 0.008455 0.017169 0.000000 0.000000 -0.104096 -0.000601 0.155622 1.113204 0.388727 0.451126 0.097668 0.047578 0.258677 1.038590 1.290904 0.467452 -0.004617 0.004162 0.178903 -0.051619 -0.014375 0.031255 -0.347799 -0.005608 -0.010286 -0.003663 -0.028281 -0.001221 0.000977
0.041276 0.000913 0.000996 0.003185 0.015640 0.024109 0.034618 0.012723 -0.071319 0.224149 -0.174913 -0.012168 0.125475 0.273461 -0.000000 -0.000014 0.020184 -0.002368 -0.429195 -0.163137 -0.388326 0.560206 0.308428 -0.087305 0.000817 -0.000322 -0.000208 -0.000003 0.000149 0.000160 0.000004 -0.010827 -0.009243 -0.000795 0.324701 0.963885 1.340714 0.393904 0.489814 0.144701 0.044160 0.030423 0.553819 0.710525 0.777811 0.000156 0.000554 0.006855 0.021886 0.044056 0.080350 -0.337661 0.023078 -0.044500 -0.061820 -0.065099 -0.000287 0.001370
0.013369 0.011288 0.003152 0.004088 0.001546 0.013956 0.016412 0.215107 0.004501 0.362988 -0.045205 -0.002978 0.007882 0.472999 -0.018068 -0.067004 0.000000 0.014886 -0.090007 -0.288978 -0.297414 0.722020 0.036451 0.047517 0.003731 -0.000488 -0.007017 -0.009385 -0.000696 -0.000045 -0.000542 0.020081 -0.042616 0.184656 0.804591 0.331688 0.405703 0.467216 0.656907 0.001712 0.001003 0.058698 0.041904 0.721880 1.344931 -0.000095 0.000247 0.000331 0.000138 -0.022124 0.063738 -0.076536 0.033098 -0.057678 -0.020894 -0.011236 0.000596 0.001638
0.000287 0.000105 0.000222 0.000103 0.000108 0.000377 0.000198 0.001966 0.362665 0.620288 0.026571 -0.022543 -0.500755 0.822668 -0.021223 -0.082788 0.250885 0.008796 0.424962 -0.248119 -0.055819 0.840136 -0.109679 0.239441 0.018788 -0.001382 -0.032008 -0.034989 -0.000714 -0.000329 -0.000269 0.208894 0.096365 0.298796 0.680935 0.316135 0.403887 0.550454 1.160190 0.004089 0.000815 0.097125 0.038851 0.664815 1.179639 -0.013901 -0.000569 -0.000393 -0.000137 -0.116291 0.136910 -0.072021 0.008509 -0.001711 -0.005473 0.000125 -0.000038 -0.000631
0.000147 -0.000135 -0.000222 -0.000103 -0.000559 -0.000648 -0.000232 0.010017 0.296140 0.465051 0.026101 0.032730 -0.790459 1.069014 0.101833 0.244088 0.022828 0.007227 0.038724 0.030644 0.031858 0.027425 0.004217 0.099357 0.069656 0.000082 -0.009481 -0.010008 -0.019356 -0.008996 0.185871 0.308593 0.183562 0.411420 0.271714 0.225947 0.217926 0.365988 1.124779 0.008284 0.000084 0.163892 0.036308 0.711760 1.135659 -0.058206 -0.007664 -0.007555 -0.122683 -0.203336 0.232668 -0.070231 0.014234 0.066643 -0.001766 -0.001361 -0.017678 -0.002028
-0.002313 -0.015901 -0.003946 -0.008729 -0.006434 -0.000356 0.001609 0.050551 0.484277 0.091090 0.094364 0.304747 -0.460547 1.571554 0.483502 0.024076 0.013701 0.004488 0.007735 0.003870 0.000326 0.007195 0.003828 0.032137 0.021830 -0.002493 0.000000 -0.004700 -0.035147 -0.328636 0.556542 0.615793 0.231816 0.109541 0.234642 0.067465 0.222800 0.374915 1.245322 0.324170 0.204243 0.181858 0.575029 0.577110 1.017722 0.013898 -0.142778 -0.225327 -0.111905 -0.211624 0.423351 -0.035286 -0.009117 0.318085 0.110911 0.111822 -0.458987 -0.026640
-0.033258 -0.054824 -0.044694 -0.048643 -0.039569 0.006531 0.032170 0.055560 0.171060 0.187977 0.219936 0.050991 0.073639 0.043965 0.050579 0.027080 0.000360 0.000360 0.000130 -0.001036 -0.000208 -0.000003 0.000835 0.000415 0.000017 -0.003987 -0.008951 -0.002085 0.206594 0.188952 0.910038 0.727169 0.395016 0.067763 0.032149 0.044637 0.302439 0.442784 1.394603 0.847587 0.272900 0.190818 1.110017 0.480022 0.379876 0.013476 -0.367969 -0.295880 0.005989 0.016182 0.010318 -0.010161 -0.012094 0.378433 0.152558 0.150626 -0.368227 -0.252493
-0.530623 0.014888 0.061972 0.063251 0.039387 0.036851 0.024371 0.031181 0.021052 0.337552 0.175998 0.076829 0.069501 0.010787 0.018439 0.020201 -0.000360 -0.000360 -0.000130 -0.003286 -0.022974 -0.014200 -0.001417 -0.000655 -0.013182 -0.046370 -0.158165 0.400991 0.417705 0.424664 1.027724 0.478221 0.047483 -0.031459 -0.016914 0.003273 0.003086 0.467116 1.672118 1.004277 0.394843 0.228666 0.294983 0.006207 0.001249 0.080507 -0.071177 0.088261 0.005735 0.009909 0.003984 0.000292 0.035461 0.243074 0.201793 0.189238 0.051590 -0.126456
0.154176 0.510249 0.327370 0.441844 0.015220 0.005625 0.011554 0.010428 0.012504 0.131959 0.145740 0.210306 0.017959 0.000000 0.000000 0.000216 -0.001184 -0.013883 -0.001990 -0.007058 -0.058565 -0.195009 -0.232607 0.282632 0.450788 0.810093 0.633135 0.481931 0.496456 0.557618 0.662194 0.002223 0.000706 -0.075022 -0.048515 -0.011725 -0.005606 1.198281 1.774038 0.705990 0.464156 0.004047 0.007136 0.000554 0.000609 0.043275 0.248435 0.032462 0.000594 0.000208 0.000003 -0.000165 0.036704 0.292717 0.236905 0.216204 0.140373 0.002685
0.316906 0.475032 0.026816 0.008725 0.008947 0.000391 0.000175 0.000068 0.000088 0.032911 0.048642 0.173955 0.012296 -0.002380 -0.003340 -0.000436 -0.001042 -0.027946 -0.004248 -0.004384 0.271014 1.192496 0.647085 0.476414 0.703361 0.762352 0.381268 0.089007 0.048289 0.004491 0.000530 0.000291 -0.000199 -0.399902 0.120229 -0.156470 -0.034547 1.117331 1.554083 0.748245 0.002269 0.005712 0.009350 0.000247 0.000331 0.007408 0.121399 0.007582 0.002203 -0.000326 -0.005981 -0.014195 0.000319 0.333080 0.475248 0.386996 0.262254 -0.070206
0.232372 0.006337 0.000249 0.000323 0.000418 -0.000121 -0.000142 -0.000065 -0.000086 0.073848 0.090810 0.053592 0.021297 -0.000677 -0.002625 -0.012772 -0.020593 -0.008440 -0.025067 0.758670 0.487961 0.367147 0.883688 0.388346 0.777359 1.133195 0.111784 0.000670 0.000016 -0.001624 -0.000632 -0.000683 0.210357 0.080028 0.216327 0.406612 0.397664 0.983098 1.397167 0.656536 -0.001177 0.002850 0.009840 -0.000569 -0.000393 0.010261 0.007408 0.000904 0.005793 -0.001193 -0.038315 -0.019621 -0.000357 0.371160 0.488137 0.612107 0.223475 -0.104180
0.072318 -0.000000 -0.000010 -0.000405 -0.000586 -0.008838 -0.005341 -0.009810 -0.037328 0.270604 0.142879 0.055068 0.015519 -0.021141 -0.040769 -0.044526 -0.070243 0.014504 0.251489 0.780307 0.136931 0.137931 0.074302 0.028912 0.224161 0.325024 0.207851 0.001142 0.001487 0.006931 0.008216 0.005196 0.395974 0.379008 0.763120 0.766610 0.712324 0.937835 0.809412 0.550430 0.349256 0.002430 0.005250 0.005987 -0.018711 0.000143 0.000347 0.000743 0.000347 -0.000710 -0.034756 0.114832 0.093940 0.354983 0.275354 0.331485 0.324709 0.004023
0.426743 0.060995 -0.000594 -0.007010 -0.008057 -0.014782 -0.173163 -0.192482 0.209883 0.379969 0.071314 0.046995 0.000000 -0.010950 -0.090463 -0.012380 0.055072 0.095063 0.374335 0.134902 0.297452 0.232945 0.000360 0.000360 0.051666 0.452066 0.007749 0.002154 0.018234 0.056151 0.051596 0.068887 0.737824 1.008515 1.135461 0.906327 0.465513 0.036995 0.022897 0.319977 0.258232 0.219729 0.194491 0.120403 0.663286 -0.000179 -0.000439 -0.001073 -0.000439 -0.000467 0.146551 0.381307 0.180525 0.402486 0.010340 0.015053 0.544436 0.016441
0.063841 0.069611 0.108988 -0.086203 -0.014845 -0.003334 0.188249 0.023251 0.234725 0.228232 0.059382 0.096923 0.007805 0.003080 -0.014610 0.000194 0.086051 0.142827 0.000984 0.362798 0.153458 0.129253 -0.000360 -0.000360 0.118111 0.226564 0.000506 0.001187 0.008425 0.016715 0.011983 0.009791 1.244673 1.438393 1.460248 1.053208 0.033464 0.015880 0.004352 0.306041 0.372111 0.039349 0.085042 0.060698 0.670794 -0.029198 -0.008059 -0.011992 -0.008059 0.087662 0.295924 0.534994 0.016434 0.052962 0.018749 0.004038 0.094213 0.021234
0.018576 0.018230 0.025378 0.052298 -0.076215 -0.003722 0.338318 0.060665 0.249356 0.245281 0.013073 0.007052 -0.007951 -0.000514 0.000889 0.000458 0.033673 0.019185 0.001355 0.535339 0.000000 0.168299 0.092835 0.068236 0.037099 0.237652 -0.000222 0.000866 0.000771 0.000844 0.000042 0.000001 0.972971 0.965670 0.567568 0.020902 0.004663 0.008548 0.010400 0.128088 0.143833 0.012186 0.016624 0.113357 0.589794 0.393895 0.763965 0.012970 -0.004082 0.146878 0.151927 0.138016 0.001921 0.016136 0.009327 0.011252 0.019705 0.004635
0.001130 0.007625 0.012741 0.005766 -0.017133 0.013671 0.360056 0.128637 0.013348 0.023651 0.006420 0.000764 -0.015816 -0.026614 -0.002587 -0.000509 0.068570 0.043515 1.131722 0.603928 0.134249 0.095581 0.059391 0.069891 0.033838 0.124719 -0.102216 -0.000540 0.000315 -0.000264 -0.009229 0.431507 1.321974 1.191977 0.181227 0.007114 0.009447 0.000710 0.049121 0.061100 0.076997 0.005317 0.008902 0.011655 0.057396 0.538403 0.301494 0.179692 0.155529 0.182469 0.177348 0.168805 0.001479 0.000000 0.009977 0.012384 0.000904 0.006568
-0.000994 0.000000 0.000065 0.000065 -0.000634 0.026514 0.074154 0.001085 0.000990 0.000992 0.000000 0.000025 -0.002785 -0.187150 0.009758 -0.082570 0.087113 0.513489 1.061300 0.050952 -0.052593 -0.029093 -0.007657 0.033099 0.000222 0.050086 -0.115675 -0.000828 -0.000591 0.010553 0.207013 0.551015 1.054073 0.403881 0.239284 0.017351 0.008929 0.001479 0.032535 0.022407 0.049871 0.010029 0.000765 0.000381 0.000621 0.209316 0.445516 0.262258 0.233743 0.200003 0.160874 0.211750 0.004507 -0.002359 -0.000061 0.000347 0.000743 0.000347
-0.009921 -0.005378 -0.000556 -0.000124 0.004716 0.011677 0.000234 -0.000186 -0.001032 -0.001271 -0.011136 -0.000950 0.000415 0.000201 0.143714 0.402181 0.473728 0.502407 0.636493 0.000000 0.009072 -0.030781 -0.037569 -0.049818 -0.000222 0.017343 -0.084309 -0.000894 -0.000847 0.017786 0.345979 0.618362 1.430089 0.055192 0.062609 0.030821 0.000323 0.001106 0.009010 0.001516 0.020700 0.001938 0.000440 0.000022 0.001280 0.002296 0.615537 0.305322 0.282459 0.216322 0.152367 0.015489 0.004872 -0.005564 -0.008751 -0.000439 -0.001073 -0.000439
-0.012924 -0.014703 -0.004645 -0.000678 0.003599 -0.028639 -0.000524 -0.001162 -0.021203 -0.017783 -0.028099 -0.010268 -0.000673 -0.000003 0.371458 0.363972 0.614471 0.079409 0.346634 -0.071073 0.022321 0.015781 -0.024313 -0.058624 -0.028297 0.015560 -0.026322 -0.004241 -0.006948 0.018103 0.084922 0.081667 1.526941 0.119619 0.096543 0.055956 -0.000011 0.000083 0.000222 0.000374 0.000020 -0.000917 -0.000658 -0.000374 0.000147 0.002419 0.820150 0.327059 0.316143 0.220353 0.000695 0.000795 0.000391 -0.008864 -0.009462 -0.024712 -0.025298 -0.006234
-0.001326 -0.003812 -0.021141 -0.002233 -0.000127 -0.038643 -0.012829 -0.004608 -0.077822 -0.054750 -0.055431 -0.031541 -0.002324 -0.000469 0.552460 0.488623 0.314604 0.059554 0.446552 -0.060011 0.027631 0.023388 0.018463 0.012252 -0.013760 0.095803 0.045071 0.013331 -0.010530 -0.007365 0.090791 0.086710 1.227837 0.642280 0.101541 0.085329 -0.000151 -0.000284 -0.000222 -0.000423 -0.005897 -0.008118 -0.013857 0.320709 -0.030734 0.151366 0.820610 0.037559 0.349714 0.050863 0.000035 -0.000721 -0.000367 -0.003198 0.201006 -0.520588 -0.453005 -0.003825
