use_cases/Flooding_chicago/flooding_data/output/hUy_2400.asc
ncols 337
nrows 393
xllcorner 428428.000000
yllcorner 4602440.000000
cellsize 26.757400
NODATA_value -9999.000000
[rows 182 to 207 of 393, columns 174 to 231 of 337]
0.002378 0.001422 0.000441 -0.000046 -0.000012 0.007726 -0.020152 0.520668 0.632541 1.384035 0.724891 -0.314400 -0.053858 1.708035 0.094213 -0.006777 -0.006855 -0.026323 -0.029340 -0.205924 0.423275 -0.131667 1.063876 0.035745 1.560479 0.093738 0.115530 1.351583 0.039927 0.037046 0.001315 -0.002045 -0.029322 -0.001706 -0.001623 -0.001306 0.312604 0.015897 0.356812 0.275638 0.006296 -0.008276 -0.023372 -0.013706 -0.008024 -0.004797 -0.081210 -0.034100 -0.050623 -0.002510 0.000703 0.000013 1.404809 4.877621 4.776510 4.359590 2.751798 0.041689
0.000505 0.017008 0.000852 -0.000748 -0.000881 0.038041 0.025274 0.558041 0.743308 1.613378 0.963949 -0.281519 -0.041962 2.066462 0.311946 0.091540 -0.056675 -0.090800 0.007388 -0.039749 1.006453 0.187863 1.520119 0.062736 0.027591 0.011485 0.136172 0.258393 0.009886 0.019414 0.000412 -0.011069 -0.021483 -0.006860 -0.002197 -0.001843 0.176992 0.011057 0.025518 0.006387 0.000592 -0.002160 -0.050258 -0.011016 -0.006904 -0.003214 -0.084564 -0.050417 0.069432 0.471947 0.186150 0.516927 3.366433 5.607300 3.228223 2.955097 1.356972 0.015823
-0.000161 0.005879 0.000608 0.020442 0.107856 0.144750 0.034838 0.207278 0.732433 1.722008 0.791115 0.050690 0.022311 0.011422 0.012177 0.019254 0.020620 -0.005911 0.362004 0.509592 1.520500 0.903953 0.032850 0.019551 0.011993 0.009684 0.009378 0.176920 0.000721 0.001046 -0.000084 -0.002338 -0.096454 -0.003304 -0.033592 -0.004751 0.126345 0.000010 0.000360 0.000360 -0.000058 -0.001090 -0.054315 -0.042377 -0.076834 -0.059008 -0.175645 0.946641 1.403677 1.483483 0.344444 0.495976 1.935217 2.950143 1.824712 2.201890 1.919034 0.037220
-0.002679 -0.000140 0.000083 0.004693 0.078349 0.068460 0.060105 0.007415 0.614036 1.945334 1.267662 0.006538 0.000009 0.000464 0.005350 0.016138 0.021779 0.063332 0.232609 0.265017 0.063070 0.089571 0.037183 0.003930 0.005252 0.002194 0.000081 0.230883 0.000051 0.000510 -0.000573 0.004439 0.014007 -0.073667 -0.180074 -0.098453 0.007884 -0.017698 -0.000360 -0.000360 -0.001000 -0.000440 -0.007032 -0.080233 -0.165023 0.795484 1.088710 1.329480 1.997429 1.678834 0.018451 0.014306 0.746422 1.059802 1.897081 3.980545 2.164858 0.100975
-0.047604 -0.005209 -0.000282 -0.000006 0.073763 0.066076 0.015642 0.003489 0.122238 1.346055 1.987800 0.743960 -0.004109 -0.000067 0.000000 0.006078 0.016157 0.057020 0.110642 0.163282 0.031878 0.086523 0.027648 0.009907 0.009322 0.003109 -0.000314 0.207249 -0.000649 0.000657 -0.000006 0.050231 0.036206 0.033637 0.135722 0.052946 0.011144 -0.460121 -0.007599 -0.011391 -0.001948 -0.000651 -0.020885 0.435603 0.834535 1.188901 1.464434 1.394682 0.391677 0.018693 0.009156 0.007039 0.000987 0.103440 1.766038 3.503594 3.588773 0.291518
-0.073656 -0.008283 -0.001021 0.002754 0.055725 0.032986 0.002884 0.000631 0.010018 0.024194 1.270080 2.499822 -0.035169 -0.011306 -0.006293 0.000345 0.010688 0.011067 0.070292 0.109084 0.089200 0.043446 0.012078 0.020308 0.013250 0.003070 -0.000518 0.146372 -0.009654 0.000153 0.000807 0.011784 0.008315 0.187755 0.026347 0.058451 0.021466 -0.453462 -0.243959 -0.252927 -0.075343 -0.041457 0.060234 0.631514 0.862609 1.652680 1.548360 0.000170 0.000120 0.000139 0.000222 0.000103 0.000714 0.038682 1.375309 2.940706 4.205778 1.921952
-0.094571 -0.010566 -0.001582 0.002686 0.002029 0.000634 -0.000023 -0.000029 0.019600 0.031348 1.106172 1.028920 0.649979 -0.042455 -0.016356 -0.000273 0.000958 0.002652 0.015866 0.055769 0.080620 0.026672 0.040503 0.051799 0.036172 0.004535 -0.000781 0.073216 -0.010801 -0.000080 0.000148 0.000222 0.002632 0.070917 0.033482 0.017760 0.001864 0.001000 -0.098229 -0.298595 -0.215815 -0.267952 0.195871 0.664877 1.034481 1.565683 1.669325 -0.000155 -0.000016 -0.000140 -0.000222 -0.000103 0.000125 0.011189 0.296521 2.895666 4.213663 2.764254
-0.030592 -0.002442 -0.001182 -0.001322 -0.000685 -0.000363 -0.000362 -0.000368 0.039071 0.044225 0.811963 0.884288 0.741104 -0.025487 -0.016347 -0.001014 -0.000177 0.003632 0.000549 0.078525 0.007727 0.009703 0.029768 0.043610 0.011042 0.001008 -0.133083 0.045039 0.023445 -0.000160 -0.000248 -0.000222 0.008926 0.051742 0.001884 0.001297 0.000467 0.001821 0.001126 -0.228670 -0.143864 -0.539696 0.400631 0.469200 1.038831 1.373506 1.219265 0.156329 -0.001169 -0.013439 -0.018874 -0.008406 -0.000496 0.056773 0.576426 2.236042 3.689232 2.657254
-0.014276 -0.001018 -0.017336 -0.003711 -0.002018 -0.014949 -0.006945 0.007792 0.054517 0.043345 0.686700 1.027018 0.701281 0.181185 -0.020784 -0.000553 -0.000738 0.000013 0.000402 0.035437 0.000251 0.000517 0.005758 0.020358 0.010024 0.001064 -0.085947 0.037541 0.022076 -0.140684 0.000078 -0.000016 0.002031 0.020867 0.010842 0.003218 0.000821 0.003144 0.001945 -0.096323 -0.096929 -0.119551 0.434703 0.407714 1.134364 1.181620 0.892475 0.158362 -0.019810 -0.594402 -0.232946 0.959660 0.624908 0.536941 0.706376 2.612191 2.764562 1.996763
-0.012032 -0.015311 -0.068117 -0.013664 -0.020929 -0.042402 -0.019989 0.006173 0.035156 0.012741 0.533140 0.927088 0.500861 0.387131 0.033424 0.003084 0.000501 -0.000724 -0.000434 -0.000010 -0.000126 -0.000068 0.000003 0.000208 0.000106 0.000083 -0.056129 -0.073598 -0.161315 -0.072579 0.000825 0.000476 0.001171 0.007086 0.006648 0.019631 0.011175 0.025183 0.017905 -0.033388 -0.096983 0.055469 0.700836 0.544606 1.419271 0.789867 0.705202 0.308416 0.066120 0.631020 1.238111 1.512535 0.768523 0.714090 1.764585 2.841978 1.248989 0.035575
-0.003840 -0.052974 -0.030747 -0.007588 -0.003092 -0.002766 0.014702 -0.005525 0.151403 -0.184027 0.584639 0.861233 0.350951 0.018474 0.019056 0.006567 0.004122 -0.001723 -0.003412 -0.009513 -0.023214 -0.000867 -0.007254 -0.000326 -0.000121 -0.000087 -0.089667 -0.212223 -0.064140 0.016849 0.001258 0.000424 0.000000 0.000007 0.000352 0.007760 0.004261 0.007058 0.003665 -0.009005 0.116426 0.200505 0.760066 0.350786 0.959139 0.788800 0.607604 0.481897 0.417496 1.076536 1.347768 1.396488 0.514744 0.522837 1.569775 1.612347 0.041395 0.003448
-0.001014 -0.008336 -0.255278 -0.006520 0.017103 0.031703 0.004567 0.000805 0.859466 -0.247900 0.501885 0.567452 0.270774 0.000529 0.006923 0.026432 0.012602 0.005432 -0.001701 -0.076179 -0.020384 -0.001230 -0.015906 -0.011372 -0.008070 -0.007198 -0.085825 -0.226049 0.000367 0.007712 -0.000288 -0.002101 -0.016418 -0.007847 -0.000352 -0.000007 -0.000000 0.000100 0.000002 -0.002051 0.353376 0.255750 0.610594 0.344505 1.198542 0.572259 0.571005 0.514880 0.503666 0.838236 1.156310 1.395939 0.559660 0.684566 0.750439 0.764350 0.003616 0.001731
-9999.000000 -0.015380 -0.014071 -0.008651 0.000000 0.004724 0.003190 0.078792 1.075210 -0.053835 0.324621 0.549996 0.421661 -0.002182 0.004441 0.008895 0.020338 0.015515 -0.000345 -0.028152 -0.160283 -0.010779 -0.017537 -0.017018 -0.020062 -0.008077 -0.342189 -0.086759 -0.000105 0.000000 -0.000490 -0.030815 -0.061490 -0.019065 -0.006462 -0.006063 -0.008704 -0.000220 -0.005815 -0.000358 0.465392 0.152653 0.654893 0.653995 1.332878 0.317359 0.278446 0.533033 0.457922 0.966835 1.231527 1.385155 1.154237 1.547817 1.322752 0.754201 0.005471 -0.000886
-9999.000000 -9999.000000 -0.011827 -0.004502 0.001141 0.018535 0.011613 0.059946 0.030202 0.100893 0.007263 0.272767 0.712979 -0.002386 0.001004 0.010154 0.026196 0.021972 0.001053 0.000910 -0.138028 -0.118508 -0.081651 -0.045955 -0.066361 -0.020153 -0.708035 -0.017873 -0.009922 -0.003663 -0.009249 -0.066968 -0.076735 -0.042022 -0.012282 -0.013361 -0.023106 -0.007532 -0.012980 -0.001336 0.508530 0.155561 0.421104 0.719093 1.386718 0.002354 0.004227 0.003881 0.234805 0.628729 1.240382 1.565984 1.416772 1.677621 1.921213 1.228443 0.098781 0.056929
-9999.000000 -9999.000000 -9999.000000 -0.000355 0.003092 0.046907 0.025669 0.025163 0.010956 0.000932 -0.002681 0.204817 0.720707 -0.000954 -0.000546 0.000427 0.027731 0.023007 0.001415 0.000746 -0.080560 -0.066724 -0.034698 -0.085754 -0.013995 -0.002003 -0.962872 -0.030866 -0.021581 -0.010332 -0.015724 -0.073705 -0.108835 -0.062414 -0.011420 -0.032927 -0.026346 -0.030518 -0.001563 -0.001133 0.527646 0.000719 0.446705 0.465166 1.353562 0.001579 0.000994 -0.002395 0.001991 0.324725 1.085771 1.051193 1.311441 1.811758 2.008341 1.801570 0.497405 0.389938
-9999.000000 -9999.000000 -9999.000000 0.000039 0.001280 0.022553 0.059934 0.001742 0.000065 0.000640 0.008902 0.420484 0.973726 0.014145 -0.000613 -0.000091 0.000400 0.000740 0.000034 -0.000327 0.000130 -0.040392 -0.025328 -0.031049 -0.006050 -0.002752 -0.693654 -0.376447 -0.028642 -0.020587 -0.023358 -0.021347 -0.197453 -0.016877 -0.020864 -0.053922 -0.030128 -0.043120 -0.008488 0.082036 0.426646 0.001033 0.460235 0.772018 1.615872 0.201909 -0.061085 -0.335206 -0.064943 0.284677 0.412640 0.871105 1.331566 1.887152 2.537760 1.899870 0.987323 0.772991
-9999.000000 -9999.000000 -9999.000000 -9999.000000 0.002134 0.013498 0.015241 0.001775 0.000088 0.000581 0.023805 0.134023 1.468480 0.094243 -0.000533 -0.011672 -0.000679 -0.001041 -0.001659 -0.000939 -0.000226 -0.016248 -0.014184 -0.017242 -0.003874 -0.003147 -0.537619 -0.373097 -0.027778 -0.032775 -0.004471 -0.008143 -0.193288 -0.086803 -0.014923 -0.055036 -0.023452 -0.034867 -0.024140 0.160607 0.293018 0.084197 0.800912 0.682625 1.481586 0.725629 0.295461 -0.149880 -0.083835 0.332419 0.580268 0.880068 1.407639 2.087096 2.400156 2.032957 1.071644 0.818407
-9999.000000 -9999.000000 -9999.000000 -9999.000000 0.001944 0.000771 0.006417 0.001296 0.000409 0.000147 0.082488 0.133660 0.111739 0.067362 -0.001185 -0.028505 -0.008547 -0.013004 -0.009957 -0.032417 -0.019562 -0.008192 -0.054652 -0.012589 -0.003920 -0.001790 -0.280781 -0.858410 -0.055572 -0.042323 -0.009536 -0.004235 -0.092369 -0.057920 -0.051116 -0.074195 -0.037191 -0.104122 -0.012047 0.339767 0.413505 0.491385 0.977972 1.138481 1.843874 1.081615 0.408402 0.014181 -0.167620 0.185693 0.489572 1.015729 1.520130 1.513462 2.453628 1.819666 0.935049 0.593419
-9999.000000 -9999.000000 -9999.000000 -9999.000000 -0.000011 -0.000270 0.000000 0.000144 0.000181 0.000550 0.118262 0.193472 0.001306 0.006383 0.000073 -0.068480 -0.017429 -0.027044 -0.018450 -0.076019 -0.016648 -0.040169 -0.076078 -0.023421 -0.029162 -0.014849 -0.347034 -0.616820 -0.309687 -0.038529 -0.037254 -0.042621 -0.102537 -0.083018 -0.065240 -0.090002 -0.054040 -0.010757 -0.073718 0.381071 0.512765 0.709373 1.132038 1.242135 2.038190 1.146242 0.607231 0.137721 0.089574 -0.024474 0.540148 1.031319 1.513721 1.416644 1.690108 1.298729 0.806095 0.471706
-9999.000000 -9999.000000 -9999.000000 -9999.000000 -9999.000000 -0.012355 -0.004217 -0.000250 0.000256 0.000388 0.046727 0.076112 0.000678 0.000760 0.000365 -0.092624 -0.170791 -0.099479 -0.188519 -0.168694 -0.022262 -0.054341 -0.056496 -0.045162 -0.048755 -0.028920 -0.617965 -0.971786 -0.132881 -0.097366 -0.068502 -0.047016 -0.191563 -0.120425 -0.842193 -1.012559 0.204829 0.656945 0.424305 0.690722 1.129004 1.128463 1.139079 1.416084 2.006453 1.279881 0.642512 0.184475 0.122926 0.170762 0.521390 0.742146 1.139749 1.314227 1.652324 0.909257 0.354782 0.017401
-9999.000000 -9999.000000 -9999.000000 -9999.000000 0.000565 -0.020071 -0.007918 -0.006429 -0.000346 0.000303 0.056843 0.100377 0.000410 0.001111 0.000121 0.000103 -0.030818 -0.025512 -0.053345 -0.099172 -0.262936 -0.251577 -0.028666 -0.046810 -0.052881 0.000263 -0.437745 -0.735545 -0.310243 -0.339662 0.055046 -1.027120 -0.812541 0.038130 -0.018861 -0.223185 0.744659 0.926861 0.596472 0.737774 1.466338 1.534686 1.170976 1.694197 2.074551 1.147547 0.848524 0.179374 0.114945 0.113826 0.365673 0.344116 0.700083 1.196283 0.904697 0.018439 0.000870 0.001378
-9999.000000 -9999.000000 -9999.000000 -9999.000000 -0.003526 -0.065825 -0.017155 -0.005676 -0.001514 -0.000546 0.040267 0.077862 -0.000083 0.000000 -0.000113 -0.000103 0.003834 0.000222 0.000566 -0.023870 -0.102488 -0.374297 -0.400844 -0.156311 -0.025994 -0.014516 -0.354452 -0.553299 -0.225733 -0.192551 0.442670 -0.195631 -0.200445 0.330751 0.299529 0.127641 0.714045 0.786332 0.836430 1.067566 1.545888 1.324075 1.448827 1.487627 1.653312 0.952146 0.577994 0.135969 0.005843 -0.043224 0.312618 0.282443 0.556269 0.535441 0.356212 0.000199 0.000137 0.000844
-9999.000000 -9999.000000 -9999.000000 -9999.000000 0.000771 -0.009520 -0.106980 -0.003227 -0.001589 -0.000736 0.032488 0.029735 -0.015862 -0.003663 -0.005468 -0.058003 -0.036748 -0.000222 0.001510 -0.004094 0.349442 0.016767 -0.102968 -0.048437 -0.079470 -0.200065 -0.293830 -0.168016 -0.442115 0.483215 0.527468 0.773743 0.300990 0.506406 0.451116 0.284219 0.733883 0.903090 0.734083 1.078526 1.251488 1.157492 0.945491 1.431311 0.839512 0.445886 0.227352 0.232835 -0.039908 0.007019 0.265242 0.217303 0.335666 0.377850 0.000050 -0.000214 -0.000783 -0.001410
-9999.000000 -9999.000000 -9999.000000 0.000013 0.000308 0.000295 -0.065920 -0.001553 -0.001191 0.013697 0.134585 -0.003244 0.073879 -0.056172 -0.104097 -0.122140 -0.047438 -0.021655 -0.002691 0.080534 0.707224 0.109652 0.000801 0.000458 -0.084634 -0.099469 0.037516 0.301923 0.992184 0.879551 0.652244 0.599733 0.583451 0.504503 0.437540 0.304965 0.628083 0.867310 0.850355 0.771439 1.047215 0.664537 0.449407 1.084028 0.663943 0.298693 0.095419 0.060156 -0.165175 -0.153040 0.264458 0.012677 0.016206 0.000955 -0.032321 -0.013538 -0.033638 -0.044965
-9999.000000 -9999.000000 -9999.000000 -0.009021 -0.000832 -0.000447 -0.041669 -0.027636 -0.012587 0.029874 0.113194 0.102438 0.003663 -0.015680 -0.030446 -0.033111 -0.234489 -0.020927 -0.041688 0.131107 0.263370 0.000000 -0.000234 -0.000279 -0.026949 0.452985 0.444294 0.909570 1.138163 1.134460 0.534658 0.437587 0.756378 0.550000 0.352251 0.379436 0.682524 0.974765 0.810913 0.769529 0.359164 0.398374 0.053417 1.269514 0.647894 0.229565 -0.030157 -0.047042 -0.226695 -0.237868 -0.000137 0.000208 0.000003 -0.000089 -0.005709 -0.784632 -1.541692 0.316206
-9999.000000 -9999.000000 -9999.000000 -0.024986 -0.000667 0.003598 0.018404 -0.135830 -0.215034 0.003857 0.000044 0.000000 0.000000 0.000000 0.000000 -0.013988 -0.017173 -0.012507 -0.033669 0.029709 0.014590 0.005580 -0.022568 -0.023017 0.247769 0.951306 0.864282 0.930786 1.073899 0.551639 0.112130 0.081295 0.348878 0.306643 0.426430 0.417879 0.840348 1.197691 1.252193 0.372980 0.013114 0.013250 0.024142 1.165715 0.921840 0.206687 -0.037708 -0.033789 -0.254438 -0.284109 -0.364575 -0.000326 -0.005982 -0.039993 0.039724 -0.126314 -1.009771 0.370544
