use_cases/Flooding_chicago/flooding_data/output/hUy_2040.asc
ncols 337
nrows 393
xllcorner 428428.000000
yllcorner 4602440.000000
cellsize 26.757400
NODATA_value -9999.000000
[rows 104 to 129 of 393, columns 116 to 173 of 337]
-9999.000000 -9999.000000 -9999.000000 -9999.000000 -9999.000000 -9999.000000 -9999.000000 -9999.000000 -9999.000000 -9999.000000 -9999.000000 -9999.000000 -9999.000000 -9999.000000 0.000000 0.000000 0.007987 0.004335 0.015074 0.001404 0.002569 0.268361 0.393342 0.028380 0.034832 0.007438 0.002699 0.014424 0.002350 0.021464 0.053265 -0.091557 0.046908 0.334888 0.051606 -0.479974 0.000320 0.000003 0.000208 0.000424 0.000269 0.000025 0.000001 0.000000 0.000000 0.000000 0.008731 0.216932 0.466713 0.450101 0.425029 -0.018685 -0.092215 0.129844 0.020703 0.011579 0.089262 0.301945
-9999.000000 -9999.000000 -9999.000000 -9999.000000 -9999.000000 -9999.000000 -9999.000000 -9999.000000 -9999.000000 -9999.000000 -9999.000000 -9999.000000 -9999.000000 -9999.000000 -9999.000000 -0.008006 0.000000 0.000000 0.000000 -0.000111 0.005185 0.026348 0.092738 0.026421 0.001875 0.006894 0.001071 0.000609 0.000478 0.068661 -0.056712 0.035286 0.031777 0.062645 -0.037154 -0.034363 -0.000138 -0.008851 -0.000326 -0.000007 -0.000305 -0.002781 -0.018529 -0.015312 -0.005934 0.040390 0.069622 0.532564 0.578349 0.529446 0.373090 0.087930 0.233609 0.004932 0.002473 0.001551 0.109199 0.245924
-9999.000000 -9999.000000 -9999.000000 -9999.000000 -9999.000000 -9999.000000 -9999.000000 -9999.000000 -9999.000000 -9999.000000 -9999.000000 -9999.000000 -9999.000000 -9999.000000 -0.001339 -0.013672 -0.007894 -0.013541 -0.004289 -0.001561 0.000836 0.001951 0.002017 0.000965 0.002272 0.000135 -0.002617 -0.000825 0.000089 0.010405 -0.020942 0.070355 0.120215 -0.047000 -0.081330 -0.038964 -0.005541 -0.022524 -0.004608 -0.000902 -0.000173 -0.001188 -0.024833 -0.067753 -0.063250 0.067247 0.077662 0.058990 0.076678 0.120516 0.510670 0.486764 0.708639 0.029344 0.006788 0.002546 0.042119 0.288964
-9999.000000 -9999.000000 -9999.000000 -9999.000000 -9999.000000 -9999.000000 -9999.000000 -9999.000000 -9999.000000 -9999.000000 -9999.000000 -9999.000000 -9999.000000 -0.000070 -0.000689 -0.024490 -0.019055 -0.067493 -0.040044 -0.005527 -0.003210 -0.001968 -0.000546 -0.000111 -0.000400 -0.000466 -0.044363 -0.000932 -0.000453 0.000066 0.108171 0.143923 0.000438 -0.067641 -0.070356 -0.045246 -0.070729 -0.025671 -0.011499 -0.001555 -0.000491 -0.001794 -0.001278 -0.008193 -0.015597 0.035376 0.027946 0.009634 0.012858 0.131586 0.105242 0.112959 0.206878 0.034411 0.025683 0.004294 -0.114270 0.537929
-9999.000000 -9999.000000 -9999.000000 -9999.000000 -9999.000000 -9999.000000 -9999.000000 -9999.000000 -9999.000000 -9999.000000 -9999.000000 -9999.000000 0.000326 -0.022480 -0.001964 -0.006497 -0.061268 -0.027505 -0.016151 -0.005555 -0.045219 -0.002465 -0.002304 -0.001053 -0.000765 -0.000378 -0.112867 -0.007473 -0.001291 -0.000233 -0.000011 0.000015 -0.000097 -0.025194 -0.165865 -0.016475 -0.106254 -0.079206 -0.011608 -0.010994 -0.026786 -0.004726 -0.000124 0.000485 -0.021310 0.000000 0.000205 0.000107 0.002423 0.057258 0.196230 0.241609 0.023004 0.035911 0.022142 0.006741 -0.164644 0.687119
-9999.000000 -9999.000000 -9999.000000 -9999.000000 -9999.000000 -9999.000000 -9999.000000 -9999.000000 -9999.000000 0.000421 0.001034 -0.000003 -0.000208 -0.021257 -0.001455 -0.002394 -0.024480 -0.016400 -0.010458 -0.003845 -0.020889 -0.075755 -0.006647 -0.022476 -0.014354 -0.036064 -0.045864 -0.037396 -0.017406 -0.052073 -0.049961 -0.000707 -0.007078 -0.039843 -0.367187 -0.031670 -0.048081 -0.035470 -0.029510 -0.065608 -0.064292 -0.002771 -0.000844 0.000858 -0.013917 -0.026077 -0.001980 -0.000202 0.013915 0.081373 0.127198 0.094549 0.015584 0.030743 0.018617 0.037539 0.026125 1.310561
-9999.000000 -9999.000000 -9999.000000 -9999.000000 -9999.000000 -9999.000000 -9999.000000 -9999.000000 0.001049 -0.000424 -0.001201 -0.008204 -0.012743 -0.103158 -0.013160 -0.005777 -0.060339 -0.036023 -0.056335 -0.032452 -0.070451 -0.115893 -0.045830 -0.040836 -0.023136 -0.044642 -0.090294 -0.069531 -0.048785 -1.135912 -0.078338 0.542754 0.014677 0.034529 -0.295517 -0.261634 -0.019141 -0.019839 -0.008580 -0.065675 -0.137739 -0.015927 -0.008337 0.011954 0.717785 0.396270 0.158539 0.155770 0.058298 0.287174 0.010723 0.006779 0.004571 0.016509 0.010245 0.027593 0.023191 0.047992
-9999.000000 -9999.000000 -9999.000000 -9999.000000 0.000378 0.000352 0.000004 0.000119 -0.000576 -0.005358 -0.001070 -0.017279 -0.020274 -0.180818 -0.027812 -0.020989 -0.066160 -0.040971 -0.065944 -0.088309 -0.068344 -0.143655 -0.111689 -0.036093 -0.023449 0.008653 -0.230477 -0.108960 -0.288203 -0.991656 0.005871 0.840853 0.003946 0.007246 -0.214642 -0.182659 -0.155326 -0.006219 -0.017077 -0.088332 -0.220058 -0.093772 -0.009997 0.005906 0.009188 0.012943 0.004345 0.006675 0.015318 0.022309 0.001372 0.003021 0.000852 0.000129 0.000606 0.007903 0.016047 0.010946
-9999.000000 -9999.000000 0.001830 0.000600 -0.000246 -0.000160 -0.000246 -0.000303 -0.001380 -0.003355 -0.017259 -0.018650 -0.026452 -0.275875 -0.034084 -0.032078 -0.036084 -0.045776 -0.047611 -0.131495 -0.100072 -0.173149 -0.153986 -0.034259 -0.002838 0.000000 0.000000 -0.023045 -0.762416 -0.881457 -0.104869 0.678831 0.000222 0.000103 -0.075525 -0.269135 -0.398428 -0.008300 -0.020555 0.024794 -1.394188 -0.089577 -0.000419 0.000000 0.000000 0.000000 0.000000 0.000000 0.000000 0.000067 -0.000077 -0.002912 -0.001718 -0.000065 -0.000064 0.000000 0.000000 0.000000
0.000948 0.002218 0.005459 -0.003571 -0.022668 -0.010128 -0.000197 -0.008262 -0.011091 -0.016281 -0.043123 -0.032969 -0.020990 -0.123228 -0.155903 -0.035488 -0.021836 -0.045218 -0.063353 -0.145365 -0.096301 -0.371818 -0.312063 -0.034119 -0.010277 -0.004212 -0.007697 -0.048618 -0.105917 -0.533945 -0.177025 0.201225 -0.000222 -0.000103 -0.051570 -0.402614 -0.472267 -0.017131 -0.005333 0.011100 -0.306167 -0.220555 -0.004725 -0.007161 -0.005094 -0.003990 -0.018961 -0.028111 -0.005350 -0.000464 -0.009834 -0.033694 -0.046037 -0.009047 -0.021587 -0.008066 -0.008067 -0.012368
0.000000 -0.000385 -0.001879 -0.054248 -0.121065 -0.025750 -0.009001 -0.015780 -0.016051 -0.025811 -0.063972 -0.075238 -0.003991 -0.100715 -0.311203 -0.026405 -0.023011 -0.039815 -0.156135 -0.173429 -0.297542 -0.448017 -0.229529 -0.059215 -0.013937 -0.007710 -0.067646 -0.044780 -0.087552 -0.112924 -0.068684 -0.053371 -0.003946 -0.007246 -0.083091 -0.944386 -1.047152 -0.040605 -0.002259 0.000408 0.019985 -0.383337 -0.376829 -0.017396 -0.026476 -0.008280 -0.031216 -0.082841 -0.008845 -0.011104 -0.019157 -0.239827 -0.284779 -0.301665 -0.247113 -0.014875 -0.016871 -1.570881
-0.002259 -0.002689 -0.001834 -0.060456 -0.068249 -0.099569 -0.014994 -0.030848 -0.012645 -0.034553 -0.047622 -0.143365 -0.008345 -0.085345 -0.309177 -0.122598 -0.119034 -0.169102 -0.222153 -0.079602 -0.359317 -0.314165 -0.093290 -0.007271 -0.023501 -0.006645 -0.138043 -0.095739 -0.041594 -0.060271 -0.037754 -0.117574 -0.057560 -0.030855 -0.044099 -0.600109 -0.774642 -0.355829 -0.001206 -0.000538 -0.000019 -0.000000 -0.224501 -0.510759 -0.837136 -0.009305 -0.034582 -0.459610 -0.016668 -0.016595 -0.025541 0.442318 0.264383 0.247366 -0.030675 -1.004763 -0.424262 -1.260212
-0.001427 -0.042434 -0.001042 -0.055326 -0.055574 -0.044201 -0.386057 -0.029961 -0.015935 -0.027924 -0.121464 -0.156730 -0.102129 -0.084196 -0.363839 -0.260634 -0.260238 -0.072272 -0.123106 -0.048498 -0.345184 -0.334894 0.104684 0.000490 -0.005053 -0.047243 -0.061405 -0.049729 -0.122804 -0.104682 -0.057372 -0.198687 -0.122121 -0.057697 0.094431 -0.466805 -0.514193 -0.357272 -0.005851 -0.011840 -0.014624 -0.026667 -0.086590 -0.341903 -0.000325 -0.011233 -1.630714 0.256283 0.043069 -0.375636 -0.292524 1.135327 0.740560 0.388682 0.063312 -1.032344 -0.326001 -0.915330
0.000340 -0.034938 -0.037733 -0.046001 -0.041870 -0.022633 -0.149510 -0.087431 -0.312042 -0.168131 -0.051247 -0.080160 -0.039588 -0.236376 -0.242424 -0.188949 -0.196415 -0.220742 -0.221392 -0.098759 -0.087494 -0.100324 -0.000076 -0.001352 0.000222 -0.009832 -0.043801 -0.108511 -0.217134 -0.146480 -0.069788 -0.467097 -0.207975 -0.017699 0.004053 -0.297149 -0.471250 -0.521975 -0.004069 -0.018304 -0.037915 -0.384243 -0.439344 -0.277816 -0.093159 -0.586001 -1.009219 0.498187 0.538714 0.155837 0.394410 1.842747 0.871727 0.254506 0.129917 -0.893425 -0.465733 -0.940007
0.000222 0.000103 -0.028981 -0.043960 -0.035455 -0.013266 -0.070521 -0.016534 -0.182803 -0.147468 0.000222 -0.037407 -0.103077 -0.178167 -0.195587 -0.158925 -0.119097 -0.495065 -0.432675 -0.072572 -0.113995 -0.045563 -0.028336 -0.000641 -0.000222 -0.002366 -0.056342 -0.317378 -0.367277 -0.318664 -0.323966 -0.470421 -0.063453 -0.002526 0.009216 -0.143416 0.090021 -0.466204 -0.181895 -0.106053 0.071857 -0.691189 -0.473502 -0.954624 -0.476185 -0.071260 -0.518079 0.604324 0.840470 0.352106 0.767385 1.199720 0.000354 0.000000 0.000036 -0.085583 -0.060860 -0.730340
-0.000222 -0.000103 -0.018301 -0.042336 -0.295533 -0.013139 -0.000845 -0.000060 -0.180307 -0.163800 -0.000222 -0.008885 -0.070902 -0.129750 -0.127796 -0.086988 -0.328804 -0.398654 -0.352530 -0.033183 -0.172251 -0.037093 -0.038136 -0.009146 -0.012161 -0.011090 -0.276603 -0.374536 -0.528555 -0.727751 -0.338836 -0.166905 0.037777 0.009279 0.017583 0.040410 0.021966 -0.400144 -0.174505 -0.049253 0.035307 -0.841358 -0.481092 -0.705197 -0.269523 -0.125383 -0.471098 0.616113 0.873800 0.396092 0.639199 0.389641 -0.000833 -0.013608 -0.123980 0.266841 0.267927 -0.396270
-0.012187 -0.028881 -0.016902 -0.028974 -0.027377 -0.014067 -0.003241 -0.046831 -0.083600 -0.228400 -0.102822 -0.033161 -0.179893 -0.202587 -0.143497 -0.276954 -0.812474 -0.547319 -0.542502 -0.045002 -0.173819 -0.016941 -0.050532 -0.032634 -0.012297 -0.182282 -0.288966 -0.341004 -0.500647 -0.733694 0.093609 0.337155 0.179271 0.020641 0.021104 0.004235 0.002410 0.002633 -0.256074 -0.051457 -0.004478 -0.836674 -0.618080 -0.217125 -0.052059 -0.108813 -0.256540 0.385989 0.791948 0.377472 0.548722 0.233897 0.022597 -0.242895 -0.133438 0.226604 0.502313 -0.211597
-0.029502 -0.146844 -0.090565 -0.073108 -0.013309 -0.008650 -0.004394 -0.076977 -0.080630 -0.212686 -0.781818 -0.275709 -0.544404 -0.502289 -0.417322 -0.510549 -1.020693 -1.155242 -1.202011 -0.028127 -0.091375 -0.078822 -0.184612 -0.202227 -0.065653 -0.433254 -0.261809 -0.256756 -0.403930 -0.748330 0.003812 0.041770 0.077841 0.034517 0.010257 0.009536 0.004461 0.007416 0.001547 -0.014987 -0.001580 -0.947812 -0.654771 0.029437 0.032044 -0.215444 -0.420915 0.377033 0.613640 0.384489 0.546232 0.037563 0.018740 -0.455707 -0.287517 0.158689 0.584921 -0.077660
-0.086156 -0.080607 -0.085661 -0.000332 -0.006003 -0.003678 -0.002302 -0.012415 -0.126915 -0.113943 -0.013999 -0.134310 -0.391405 -0.654743 -0.541733 -0.245205 -0.576660 -0.667079 -0.596240 -0.067712 -0.052991 -0.069833 -0.105710 -0.001886 -0.036003 -0.594021 -0.224387 -0.110593 -0.101776 -0.621191 0.001092 0.012602 0.023964 0.020325 0.023331 0.011832 0.006722 0.035915 0.005168 0.000982 0.010307 -0.830115 -0.801083 0.539132 0.243115 -0.147392 -0.605046 0.315841 0.709813 0.307672 0.420733 0.036164 0.006866 -0.088974 -0.515654 0.070160 0.773325 0.010729
-0.030606 -0.348549 -0.039723 -0.012353 -0.002154 -0.002126 -0.001168 -0.018891 -0.061499 -0.063517 -0.013886 -0.001302 -0.194676 -0.766208 -0.484090 -0.359495 -0.524539 -0.675156 -0.449533 -0.034268 -0.104832 -0.051459 -0.078146 -0.012168 -0.059277 -1.037684 -0.201383 -0.012267 -0.032570 -0.187186 0.000172 0.000933 0.001099 0.032611 0.053938 0.012274 0.008118 0.015926 0.035419 0.033946 0.086054 -0.544899 -0.635912 0.897874 0.242505 -0.020261 -0.651140 0.232573 0.676095 0.157166 0.006790 -0.204463 -0.030836 0.141455 -0.744958 -0.048270 0.864187 0.100426
-0.055191 -0.320621 -0.265609 -0.008794 -0.005023 -0.002505 -0.001016 -0.007124 -0.118998 -0.227147 -0.106994 -0.001344 -0.077411 -0.764372 -0.815585 -0.496281 -0.495934 -0.733306 -0.413303 -0.021073 -0.060241 -0.030605 -0.059965 -0.009516 -0.027050 -1.399023 -0.045159 0.000839 0.153456 0.109616 0.000949 0.000808 0.001577 0.033552 0.006519 0.002085 0.001122 0.000456 0.020799 0.068238 0.064971 0.093615 0.382369 1.574433 0.350094 0.355770 -0.195612 0.453073 0.710076 0.006524 -0.193132 -0.146186 -0.019970 0.133127 -0.599976 0.275657 0.817878 0.216577
-0.033267 -0.342886 -0.304662 -0.003810 -0.003518 -0.001507 -0.001505 -0.001682 -0.018486 -0.375889 -0.088429 -0.173547 -0.079655 -0.603704 -0.902028 -0.627338 -0.508865 -0.793930 -0.130467 -0.000233 -0.003072 -0.026340 -0.062340 -0.188864 -0.369393 -1.055192 -0.016668 0.000617 0.002366 0.000907 0.000134 -0.000297 0.000134 0.001065 0.000000 0.000046 -0.000560 -0.000348 0.010046 0.065725 0.050287 0.056381 0.062025 0.089912 0.076219 0.031732 0.001334 0.406688 0.453001 0.108698 0.089126 0.374541 0.232757 0.071798 0.159048 1.590321 1.291483 0.016880
0.000253 -0.439812 -0.461527 -0.188322 -0.004198 -0.001606 -0.001318 -0.057942 0.213384 -0.351486 -0.270130 -0.212578 -0.338740 -0.623611 -0.652604 -0.625489 -0.166190 -0.759538 -0.091981 -0.150051 -0.004129 -0.015503 -0.374206 -0.757835 -0.554239 -0.543497 -0.005671 -0.000703 -0.000925 -0.000267 -0.000234 -0.000973 -0.001781 -0.001438 -0.010397 -0.001835 -0.005310 -0.006676 0.023246 0.023169 0.023892 0.014005 0.047962 0.044990 0.030310 0.005004 0.001937 0.462629 0.437092 0.001122 0.004001 0.032876 0.030125 0.041765 0.045222 0.026031 0.060324 0.000000
-0.039834 -0.321677 -0.401588 -0.296004 -0.004897 -0.001790 -0.013107 0.501517 0.385727 -0.260713 -0.236281 -0.241462 -0.343833 -0.910949 -1.039016 -0.506337 -0.453069 -1.159529 -0.313575 -0.048175 0.051887 -0.518034 -1.083692 -1.120313 -0.291769 -0.304819 -0.004632 -0.026394 -0.002523 -0.003081 -0.017821 -0.005240 -0.048480 -0.016477 -0.030576 -0.001032 -0.002163 -0.012729 0.017392 0.025328 0.040121 0.044539 0.030683 0.033106 0.001392 0.001621 0.001581 0.567303 0.511250 0.000888 0.003416 0.002059 0.025219 0.021000 0.011532 0.022553 0.052928 -0.012647
0.035594 -0.107964 -0.183743 -0.329012 -0.177599 -0.091614 -0.304597 0.500684 0.393509 -0.197464 -0.216429 -0.168594 -0.271825 -0.868269 -1.061478 -0.910566 -0.473514 -1.123055 -0.400037 -0.003410 0.067890 -0.503178 -0.794202 -0.261821 0.000000 0.000000 -0.028494 -0.048962 -0.020837 -0.024395 -0.048801 -0.023188 -0.077716 -0.026933 -0.004695 -0.000645 0.000158 -0.024030 0.012571 0.019373 0.083793 0.013317 0.007955 0.008527 0.001930 0.001011 0.001073 0.309407 0.287210 -0.000002 0.003305 0.004543 0.002589 0.003289 0.002391 0.018193 0.033787 0.018195
0.002249 -0.096093 -0.000488 -0.264904 -0.190401 -0.243291 -0.174719 0.521010 0.348264 -0.131857 -0.186246 -0.142363 -0.280185 -0.864611 -1.128672 -0.831769 -0.468728 -0.958595 -0.440177 0.029079 0.030334 -0.399430 -0.579808 0.080495 0.027699 -0.003663 -0.225934 -0.235973 -0.117970 -0.133434 -0.163967 -0.071144 -0.077941 -0.031667 -0.008891 -0.008100 -0.000359 -0.031965 0.000729 0.001802 0.015071 0.006355 0.000588 0.000125 0.000316 0.000044 0.000992 0.230485 0.238255 0.365809 0.025741 0.049861 0.023485 0.023965 0.008300 0.006611 0.034453 0.039912
