use_cases/Flooding_chicago/flooding_data/output/hUy_3240.asc
ncols 337
nrows 393
xllcorner 428428.000000
yllcorner 4602440.000000
cellsize 26.757400
NODATA_value -9999.000000
[rows 130 to 155 of 393, columns 58 to 115 of 337]
-9999.000000 -9999.000000 -9999.000000 -9999.000000 -9999.000000 -9999.000000 -9999.000000 -9999.000000 -9999.000000 -9999.000000 -9999.000000 -9999.000000 -9999.000000 -9999.000000 -9999.000000 -9999.000000 -9999.000000 -9999.000000 -9999.000000 -9999.000000 -9999.000000 -9999.000000 0.254690 0.481601 0.990897 0.548317 0.292687 0.946530 0.019943 0.011418 0.000000 0.000000 -9999.000000 -9999.000000 -9999.000000 -9999.000000 -9999.000000 -9999.000000 -9999.000000 -9999.000000 -9999.000000 -9999.000000 -9999.000000 -9999.000000 0.019246 0.009098 0.041062 0.013951 0.013247 0.002489 0.035507 0.074197 0.076876 -0.123421 -0.627891 -0.176156 -0.102116 -0.033326
-9999.000000 -9999.000000 -9999.000000 -9999.000000 -9999.000000 -9999.000000 -9999.000000 -9999.000000 -9999.000000 -9999.000000 -9999.000000 -9999.000000 -9999.000000 -9999.000000 -9999.000000 -9999.000000 -9999.000000 -9999.000000 -9999.000000 -9999.000000 -9999.000000 0.443344 0.190488 0.310084 0.938421 0.921258 0.010660 1.084848 0.406181 0.423004 -0.027994 -0.005284 -0.000082 -0.000002 0.001752 0.000611 0.474888 0.480721 0.002962 0.004939 0.058590 0.009836 0.000494 0.000648 0.035842 0.004433 0.017905 0.000346 0.000248 0.002860 0.059106 0.004154 0.001184 0.002866 -0.322115 -0.053813 -0.307057 -0.195878
-9999.000000 -9999.000000 -9999.000000 -9999.000000 -9999.000000 -9999.000000 -9999.000000 -9999.000000 -9999.000000 -9999.000000 -9999.000000 -9999.000000 -9999.000000 -9999.000000 -9999.000000 -9999.000000 -9999.000000 -9999.000000 -9999.000000 0.000000 0.850839 0.783457 0.004474 0.009731 1.072837 0.935988 0.472166 0.823970 0.522505 0.500218 0.033718 -0.040245 -0.039689 -0.003639 -0.000764 -0.000339 0.615067 0.548825 0.005126 0.008905 0.024557 0.009223 0.000670 0.000684 0.005653 0.005189 0.000180 -0.000180 -0.000037 0.012331 0.013157 0.006270 0.000334 0.007097 -0.203260 0.075496 -0.282101 -0.331049
-9999.000000 -9999.000000 -9999.000000 -9999.000000 -9999.000000 -9999.000000 -9999.000000 -9999.000000 -9999.000000 -9999.000000 -9999.000000 -9999.000000 -9999.000000 -9999.000000 -9999.000000 -9999.000000 -9999.000000 -9999.000000 0.283620 0.713013 0.971138 0.879918 0.002217 -0.072709 1.013311 1.001622 0.654399 1.256513 0.702205 0.633295 0.055085 -0.008727 -0.063086 -0.000291 0.170795 0.287079 0.588566 0.470641 0.003766 0.002823 0.002615 0.000259 -0.000053 -0.000320 -0.001738 -0.004661 -0.000346 -0.014758 -0.001295 0.027062 0.015895 0.004650 0.000309 0.016413 0.059001 0.248754 -0.308924 -0.530668
-9999.000000 -9999.000000 -9999.000000 -9999.000000 -9999.000000 -9999.000000 -9999.000000 -9999.000000 -9999.000000 -9999.000000 -9999.000000 -9999.000000 -9999.000000 -9999.000000 -9999.000000 -9999.000000 -9999.000000 0.003531 0.033034 0.765665 1.360884 1.354540 0.013529 -0.037558 0.639123 0.635880 0.550841 1.123436 1.524501 0.847186 0.034058 -0.004356 0.007799 0.004447 0.185316 0.370921 0.509904 0.000130 0.000360 0.000360 0.003998 -0.000156 -0.000703 -0.000758 -0.005401 -0.004683 -0.002357 -0.154587 -0.033749 0.103104 0.012894 0.004272 0.007733 0.088699 0.133959 0.559362 -0.343988 -0.636408
-9999.000000 -9999.000000 -9999.000000 -9999.000000 -9999.000000 -9999.000000 -9999.000000 -9999.000000 -9999.000000 -9999.000000 -9999.000000 -9999.000000 -9999.000000 -9999.000000 -9999.000000 -9999.000000 0.008614 0.009807 0.008590 0.076825 1.219970 1.113374 0.174935 0.117102 0.319861 0.560297 0.622195 1.222729 1.654049 1.768448 0.405280 -0.011166 0.019917 0.012253 0.255679 0.517488 0.474786 -0.000130 -0.000360 -0.000360 -0.011685 -0.001253 -0.012519 -0.009140 -0.038925 -0.028832 -0.002553 -0.234875 -0.048669 0.046471 0.006965 0.002480 0.016249 0.040887 0.020061 0.046513 -0.158173 -0.428118
-9999.000000 -9999.000000 -9999.000000 -9999.000000 -9999.000000 -9999.000000 -9999.000000 -9999.000000 -9999.000000 -9999.000000 -9999.000000 -9999.000000 -9999.000000 -9999.000000 -9999.000000 0.001804 0.014916 0.011655 0.031707 0.024436 0.038256 1.169579 0.463571 0.275089 0.044293 0.289737 0.402991 0.782574 1.728739 2.388521 0.698759 -0.257860 0.056468 0.041224 0.030894 0.614639 0.156550 0.126463 -0.010353 -0.022555 -0.011566 -0.022820 -0.043190 -0.063088 -0.034339 -0.029219 -0.001089 0.087187 -0.038557 -0.003105 0.002791 -0.003496 -0.000585 -0.000043 0.000882 0.022163 0.000068 -0.473850
-9999.000000 -9999.000000 -9999.000000 -9999.000000 -9999.000000 -9999.000000 -9999.000000 -9999.000000 -9999.000000 -9999.000000 -9999.000000 -9999.000000 -9999.000000 -9999.000000 0.001980 0.003723 0.002602 0.001856 0.010974 0.008504 0.001102 0.622593 1.092062 0.824248 -0.035357 0.214637 0.364354 0.806281 2.454553 2.399555 0.949564 -0.359996 0.013867 0.011505 0.009827 0.093647 0.595995 0.139388 -0.081594 -0.067725 0.063730 -0.370707 -0.369822 -0.388730 -0.018835 -0.023894 0.000993 0.000881 -0.019637 -0.019956 0.000340 -0.003012 0.045294 -0.131215 0.000982 0.007562 0.240705 -0.334473
0.001102 -9999.000000 -9999.000000 -9999.000000 -9999.000000 -9999.000000 -9999.000000 -9999.000000 -9999.000000 -9999.000000 -9999.000000 -9999.000000 0.003408 0.006547 0.003155 0.002630 -0.000361 -0.001061 0.000003 0.000208 0.000941 0.011137 1.005294 0.938768 -0.012254 0.239226 0.409629 0.885050 1.663555 2.786249 1.179673 -0.379498 0.000232 0.000340 0.000319 0.039130 0.526140 0.109288 -0.000348 0.131607 0.078953 -0.293658 -0.316624 -0.634121 -0.016828 -0.006324 0.001195 0.000667 -0.031239 -0.031982 -0.000000 -0.000923 -0.031174 -0.113316 0.000107 0.000340 0.016495 -0.634810
0.000402 -9999.000000 -9999.000000 -9999.000000 -9999.000000 -9999.000000 -9999.000000 -9999.000000 -9999.000000 -9999.000000 -9999.000000 -9999.000000 0.004949 0.002922 0.004006 0.000259 -0.001836 -0.071675 -0.006973 -0.000326 0.000061 0.000001 0.195514 0.197518 0.000000 0.103472 0.105391 0.908222 1.602227 2.313910 1.118667 0.009973 -0.000000 -0.000000 0.000042 0.000184 0.410104 0.108960 -0.066997 0.147807 -0.016390 -0.317955 -0.228539 -0.055474 0.000288 0.000289 -0.000152 -0.000375 -0.026463 -0.026498 -0.000340 -0.000583 -0.054774 -0.154384 -0.000217 -0.000000 0.007120 0.014433
-0.000027 0.000000 -9999.000000 -9999.000000 -9999.000000 -9999.000000 -9999.000000 -9999.000000 -9999.000000 -9999.000000 -9999.000000 0.002279 0.001633 0.003705 0.003200 0.001349 -0.000052 -0.302673 -0.061117 -0.006817 -0.000636 0.097773 0.188847 0.175395 0.071409 0.095518 0.104065 0.838095 1.400878 2.380286 1.172045 0.031605 -0.000232 -0.000340 -0.000320 -0.000058 0.280006 0.073990 -0.079826 0.152157 -0.086208 -0.225796 -0.108060 0.000285 -0.000656 -0.000505 -0.001470 -0.000901 -0.124274 -0.121116 -0.009657 -0.001696 0.000687 -0.219730 -0.000289 -0.000340 0.000059 0.000066
-0.007906 0.000277 -9999.000000 -9999.000000 -9999.000000 -9999.000000 -9999.000000 -9999.000000 -9999.000000 0.000000 0.152095 0.001369 0.001191 0.001074 0.000695 0.002514 0.000859 -0.124755 -0.335321 -0.018480 -0.010835 0.501738 0.150380 0.168342 0.077676 0.479168 0.414295 0.799287 1.219405 2.405756 1.225285 0.545485 -0.009225 -0.022077 -0.013418 -0.001420 0.174264 0.026541 -0.063099 0.175861 -0.115487 -0.223698 -0.099801 0.000243 0.038516 -0.113647 -0.012974 -0.011577 -0.060101 -0.073588 -0.260751 -0.001669 -0.000110 -0.198354 -0.085350 -0.006486 -0.000633 -0.000132
-0.028569 0.000025 0.000360 0.000360 0.003880 0.002409 0.011705 0.044892 0.025713 0.243643 0.099486 0.001662 0.000376 -0.003012 -0.004298 0.000000 -0.000080 0.005216 -0.048527 0.105168 0.024808 0.461551 0.068297 0.154446 0.077018 0.608303 0.151376 0.174867 0.598423 2.706844 1.429735 0.427692 0.062859 0.082031 0.132666 0.135037 0.142358 -0.018628 0.000190 0.265438 -0.082978 -0.169980 -0.037547 0.001137 0.091176 -0.108138 -0.011881 -0.073855 -0.008318 -0.039167 -0.316598 -0.001199 -0.000777 -0.141478 -0.077401 -0.084821 -0.020076 -0.024134
0.017707 -0.000252 -0.000360 -0.000360 0.001879 0.001743 0.000558 0.086658 0.052681 0.032217 0.132407 0.001996 -0.000915 -0.004242 -0.004759 -0.011610 -0.001310 0.030596 0.275017 0.742485 0.005363 0.383234 0.009602 0.508617 0.085231 0.383219 0.000222 0.021470 0.058614 2.356264 1.349857 0.506267 0.146197 0.326001 0.263992 0.243615 0.297236 0.110263 0.127310 0.387295 0.002168 0.162329 0.123478 0.002123 0.019346 -0.089472 0.144348 -0.005470 -0.000226 -0.031110 -0.500123 -0.000991 -0.000906 -0.078722 -0.041451 0.149567 0.083319 0.372931
0.065880 -0.009732 -0.016792 -0.004488 -0.004415 -0.002341 -0.000633 0.122512 0.059405 0.001488 0.011481 0.002521 -0.001304 -0.011272 -0.019005 -0.158985 -0.000884 0.081239 0.450413 0.000121 0.000326 0.005982 0.097200 0.555596 0.034731 0.023874 -0.000222 0.065197 0.052813 1.236654 0.664087 0.283594 0.188372 0.483294 0.285518 0.290508 0.454548 0.492549 0.230013 0.506543 0.040113 0.122039 0.210127 0.000713 0.010412 0.006762 0.031440 0.010271 0.003012 0.000171 -0.402053 -0.113266 0.020184 -0.036265 0.020597 0.174664 0.122645 0.242880
0.084522 -0.090962 -0.280286 -0.243971 -0.003238 -0.002349 -0.107607 0.129273 -0.000001 -0.000015 0.000000 -0.001267 -0.001049 -0.005831 -0.015295 -0.063436 -0.104228 0.114977 0.130223 -0.000106 -0.000208 -0.000003 0.180877 0.259054 0.095699 0.000000 -0.078987 0.095715 0.793834 1.382620 0.113366 0.003161 0.005133 0.112560 0.175646 0.186344 0.093756 0.078393 0.149793 0.061630 0.023278 0.163624 0.268819 -0.000089 0.000000 0.000000 0.000082 0.016479 0.001553 0.361844 -0.082728 -0.086378 0.124161 0.030587 0.055905 -0.101904 0.006187 0.006550
0.086955 0.025735 -0.124374 0.024487 0.010845 -0.129535 -0.005603 0.181298 -0.104925 -0.001470 -0.011204 -0.002826 -0.001657 -0.000076 0.007010 -0.066459 -0.015495 0.155403 0.241911 -0.116102 -0.008750 -0.002476 0.000110 0.106439 0.449572 -0.071929 0.380932 0.795443 0.965506 1.009250 0.011974 0.004637 0.012531 0.005877 0.246574 0.290736 0.001784 0.000057 0.250181 0.003258 0.003393 0.039517 0.312803 0.049017 -0.007023 -0.008764 -0.000633 0.046733 0.227740 0.360773 0.000845 -0.079597 0.185210 0.002997 0.001024 -0.438515 0.000000 0.000000
0.000014 0.049509 -0.070636 0.052035 0.010289 0.007474 -0.003748 0.122932 0.000498 -0.023552 -0.355202 -0.125297 -0.128607 -0.123146 0.049663 -0.043294 0.024514 0.103966 0.169923 -0.005343 -0.314079 -0.001709 -0.000594 0.113725 0.640732 0.321145 0.749171 0.885123 0.608526 0.197978 0.000569 0.000012 0.018462 0.011630 0.215792 0.295374 0.212327 0.130663 0.217545 0.008176 0.006125 0.015702 0.100739 0.098450 -0.262922 -0.093722 0.089928 0.100943 0.250926 0.002445 0.001326 -0.041860 -0.002079 0.000980 -0.000064 -0.454136 -0.005878 -0.005878
-0.104456 0.088607 -0.076560 0.037187 0.019987 0.045514 0.006643 0.110008 0.012916 -0.014348 -0.292843 -0.045755 -0.056241 -0.074857 0.027655 -0.046314 0.132176 0.089069 0.217119 0.029809 -0.179198 -0.116312 -0.118523 0.107066 0.926490 0.473161 0.745379 0.808417 0.362620 0.011505 0.000746 0.005213 0.017533 0.013918 0.006603 0.228471 0.532603 0.134851 0.006447 0.013012 0.001998 0.003303 0.001552 0.127701 -0.043395 0.022484 0.097965 0.117736 0.000466 0.002591 0.000287 -0.025584 -0.007171 -0.002671 -0.054347 -0.251917 -0.183730 0.254737
-0.047135 0.079862 -0.039866 0.045648 0.020171 0.066511 0.029630 0.031474 0.018234 -0.001549 -0.199252 -0.045991 -0.063866 -0.103201 -0.018874 -0.026984 0.000819 0.079399 0.181288 0.055796 -0.111430 0.008819 0.016850 0.187986 0.956231 0.567922 0.436522 0.508402 0.083224 0.000403 0.001053 0.007794 0.012948 0.009757 0.002315 0.154302 0.677791 0.000981 0.003808 0.011909 0.003573 0.004800 0.001804 0.136640 0.029704 0.044121 0.157268 0.081122 0.000664 -0.001458 -0.000935 -0.018385 -0.007371 -0.022040 -0.035827 -0.226790 -1.006329 0.482882
-0.060237 0.069474 -0.008095 0.048761 0.016191 0.073000 0.068384 0.018223 0.007483 0.006492 -0.188998 -0.056404 -0.074247 -0.155399 -0.071610 -0.011435 0.001314 0.000587 0.189311 0.088988 -0.035635 0.071564 0.129464 0.336727 0.949136 0.588345 0.428131 0.088390 0.105231 -0.000085 0.000000 0.000328 0.000640 0.000354 -0.001956 0.000502 0.470248 -0.000902 -0.001222 0.001446 0.004297 0.004812 0.001293 0.137830 0.050456 0.059296 0.006471 0.001098 0.000232 -0.000888 -0.000250 -0.008823 -0.029201 -0.024212 -0.018197 -0.129485 0.009443 0.679630
-0.070421 0.027604 -0.012847 0.064543 -0.000351 0.086791 0.056097 -0.026686 -0.000683 0.005536 -0.118199 -0.058232 -0.135293 -0.180193 -0.091067 0.000117 0.000222 -0.000054 0.252210 0.129747 0.025068 0.096183 0.147976 0.224365 0.626023 0.472855 0.348733 0.189026 0.100210 -0.080929 -0.007493 -0.000876 -0.000888 -0.000412 -0.001418 -0.000843 0.382806 0.038334 0.000499 0.000437 0.000486 0.001031 0.000652 0.191453 0.144616 0.002609 0.000222 -0.000608 -0.000610 0.011438 0.002602 -0.028476 -0.024621 -0.016042 -0.133208 0.000000 0.056123 0.078526
-0.087738 -0.044397 -0.048898 0.041363 -0.029938 0.072977 0.035967 -0.045827 -0.050776 -0.002369 -0.119316 -0.083251 -0.153520 -0.221136 -0.070537 -0.000118 -0.000222 -0.034731 0.318155 0.166501 0.069469 0.125182 0.114742 0.252871 0.578122 0.226459 0.266170 0.173339 0.216063 0.097509 -0.325335 -0.013775 -0.006472 0.000051 0.000639 -0.017079 0.402634 0.079701 0.005655 0.000194 -0.000256 0.000180 0.000856 0.055423 0.048349 0.009099 -0.000222 -0.001119 0.002291 0.015687 -0.000262 -0.016657 -0.029285 0.000860 -0.331556 -0.070229 -0.006234 0.026535
-0.106363 -0.106445 -0.061793 0.012562 -0.060295 0.041886 0.013390 -0.058769 -0.100247 -0.070766 -0.170731 -0.084818 -0.167514 -0.258725 -0.044405 -0.125729 -0.004176 0.113955 0.336119 0.141971 0.084720 0.156237 0.077303 0.180538 0.295108 0.180434 0.226711 0.159102 0.270818 0.191949 -0.121087 0.228747 -0.002152 0.000416 0.000914 0.001106 0.059291 0.057921 0.019662 -0.000998 -0.005799 -0.000948 0.001031 0.026393 0.017571 0.002705 0.000735 0.001394 -0.001718 0.000666 -0.003494 -0.003772 0.026934 0.041447 -0.030408 -0.091287 -0.072800 -0.039805
-0.147499 -0.159948 -0.082721 -0.003489 -0.080121 0.009928 0.004883 -0.061637 -0.053195 -0.033723 -0.141255 -0.076349 -0.134242 -0.263654 -0.118708 -0.127570 -0.351169 0.094654 0.319490 0.179563 0.094893 0.148779 0.057802 0.178751 0.220233 0.141454 0.045583 0.123681 0.145084 0.138114 -0.027227 0.295645 -0.079593 -0.000353 -0.000627 0.000015 0.000737 0.082675 -0.000124 -0.002260 -0.005785 -0.007318 0.001194 0.000944 0.000040 0.001991 0.000646 0.000263 -0.004077 -0.001845 -0.005053 -0.000344 0.038638 0.032130 0.012098 -0.081115 0.109999 -0.269396
-0.155936 -0.227875 -0.111698 -0.045197 -0.116461 0.009977 0.040910 -0.044356 -0.032310 0.012095 -0.160968 -0.079568 -0.178099 -0.257242 -0.191183 -0.223332 -0.276627 0.134291 0.291429 0.170428 0.128020 0.160513 0.055071 0.187871 0.162319 0.108358 0.023322 -0.026959 0.152983 0.133874 0.004536 0.343188 0.068380 0.033768 -0.000460 -0.001091 0.000658 0.064388 0.005685 -0.043431 -0.021835 -0.002716 0.000222 -0.000016 -0.001299 -0.001363 -0.000511 -0.000204 0.000409 -0.000201 -0.003923 -0.008589 0.032003 0.040763 0.015636 -0.030126 0.218470 -0.089875
