use_cases/Flooding_chicago/flooding_data/output/hUy_600.asc
ncols 337
nrows 393
xllcorner 428428.000000
yllcorner 4602440.000000
cellsize 26.757400
NODATA_value -9999.000000
[rows 208 to 233 of 393, columns 174 to 231 of 337]
-9999.000000 -9999.000000 -9999.000000 -0.006351 0.000545 0.005422 0.016622 0.001563 -0.154573 -0.031645 -0.000617 -0.009021 -0.008519 -0.008728 0.000152 0.024568 0.012767 0.031206 0.116784 0.018145 -0.000463 0.007095 0.003651 0.229508 0.276884 0.412749 0.338924 0.761836 1.074418 0.000000 0.000000 0.000000 0.090526 0.075538 0.033929 0.098047 0.297481 -0.137578 0.260091 -0.012974 -0.007722 0.000056 0.000377 0.184905 0.185223 0.017000 0.010023 0.059328 0.033044 0.025353 -0.001161 -0.004012 -0.018235 -0.017179 0.045608 0.191519 -0.324776 -0.003159
-9999.000000 -9999.000000 -9999.000000 -9999.000000 0.000000 0.000035 0.000222 0.000152 -0.071583 -0.067975 -0.024510 -0.068183 -0.142176 -0.231583 -0.004365 0.059842 0.039103 0.072734 0.069398 -0.004882 -0.019517 -0.009198 0.085978 0.387227 0.437438 0.541738 0.511291 0.651231 0.390347 0.185668 -0.009965 -0.006656 0.133101 0.106263 0.052204 0.016364 0.067886 -0.179207 0.650633 -0.091023 -0.028518 -0.000384 0.000171 0.208833 0.198251 0.000345 0.000711 0.008545 0.070963 0.025152 0.000531 -0.056698 -0.007401 0.001319 0.265888 0.200362 -0.436775 -0.001335
-9999.000000 -9999.000000 -9999.000000 -9999.000000 -0.000545 -0.020387 -0.000222 -0.000248 -0.027670 -0.037752 -0.021915 -0.024422 -0.056515 -0.019623 -0.010276 0.057346 0.050037 0.026896 0.006515 -0.003649 0.001480 -0.018284 0.042969 0.238646 0.265873 0.243285 0.211944 0.115616 0.433435 0.242391 0.159190 0.083844 0.174051 0.164385 0.057249 0.010765 0.001843 -0.000884 0.352423 0.005976 0.022219 0.013666 -0.000351 0.200473 0.236994 0.000099 0.000700 0.002492 0.023341 0.005545 0.005227 -0.022234 -0.006065 -0.000455 0.378608 0.270692 -0.203333 -0.000734
-9999.000000 -9999.000000 -9999.000000 -9999.000000 -9999.000000 -0.019794 -0.008117 -0.001010 -0.034482 0.000820 0.001231 -0.011335 -0.030139 -0.016487 0.024039 0.055810 0.041672 0.019535 0.001370 0.001090 -0.001663 -0.007418 0.151531 0.160458 0.143108 0.170618 0.180031 0.091311 0.560663 0.375007 0.302308 0.026988 0.037747 0.027908 0.007954 -0.006085 -0.002528 -0.002859 0.206445 0.374964 0.065058 0.046032 0.081882 0.066669 0.312894 -0.000317 -0.000129 0.005171 0.004602 0.008020 0.000974 -0.008294 0.058819 0.037823 0.047356 0.618537 -0.061728 -0.002460
-9999.000000 -9999.000000 -9999.000000 -9999.000000 -9999.000000 -9999.000000 -0.060994 -0.005331 -0.016169 0.000108 0.000684 0.000832 0.028187 0.152873 0.071535 0.066234 0.036461 0.010034 -0.017149 0.004079 0.005484 0.158599 0.156073 0.158156 0.140236 0.230203 0.292881 0.172827 0.420566 0.222399 0.164452 0.027082 0.025165 0.011527 0.015345 0.000108 -0.001467 -0.039803 0.329025 0.156096 0.036529 0.074016 0.128333 0.132449 0.144552 0.010041 0.035811 0.017347 0.019102 0.002043 -0.000222 0.441706 0.683485 0.077407 0.060422 0.094320 0.012918 0.317877
-9999.000000 -9999.000000 -9999.000000 -9999.000000 -9999.000000 -9999.000000 -0.015861 -0.002415 -0.003412 -0.000754 -0.001316 0.000644 0.016669 0.014661 0.197850 0.153948 0.038042 0.001809 -0.010178 0.040277 0.023111 0.152419 0.194748 0.188455 0.100185 0.840644 1.051624 0.759023 0.233395 0.108069 0.073904 0.092708 0.075048 0.041487 0.066828 0.017374 0.025386 0.118982 0.568426 0.061978 0.088804 0.129776 0.188328 0.191243 0.007553 0.000996 0.010206 0.011445 0.007605 0.000893 0.071298 0.301745 0.419270 0.176475 0.019826 0.001158 -0.001813 0.429793
-9999.000000 -9999.000000 -9999.000000 -9999.000000 -9999.000000 -9999.000000 -9999.000000 0.000000 0.000000 -0.020526 -0.005495 0.000045 0.003929 0.009630 0.010691 0.035143 0.003097 0.002305 0.035641 0.157029 0.004689 0.038449 0.023551 0.014566 0.002047 0.227404 0.986170 0.135922 0.023422 0.013554 0.015111 0.125560 0.088450 0.057035 0.039990 0.009949 0.018102 0.268364 0.180126 0.030035 0.038720 0.025090 0.297958 0.325000 -0.000013 -0.000298 0.000005 0.000172 0.000004 0.000000 0.070813 0.054057 0.023130 0.062887 0.071864 0.214069 0.833367 0.611654
-9999.000000 -9999.000000 -9999.000000 -9999.000000 -9999.000000 -9999.000000 -9999.000000 -9999.000000 -0.002314 -0.015462 -0.004580 -0.000237 0.000000 0.000000 0.000000 0.001035 0.006430 0.003382 0.053101 0.031910 0.010963 0.004087 0.001525 0.000081 0.001670 0.265796 0.891560 0.221586 0.009844 0.010986 0.014846 0.096302 0.067259 0.036845 0.009302 0.008103 0.008603 0.243622 0.019297 0.031943 0.032370 0.022803 0.186924 0.258256 0.170260 0.113706 -0.007484 -0.000488 -0.029459 -0.002346 0.037376 0.027175 0.001048 0.010359 0.206187 0.416938 1.131969 0.019801
-9999.000000 -9999.000000 -9999.000000 -9999.000000 -9999.000000 -9999.000000 -9999.000000 -9999.000000 -9999.000000 -0.018321 -0.008093 -0.007369 -0.010590 -0.003929 -0.006460 0.000086 0.004088 0.005510 0.054528 0.004957 0.001068 0.001424 -0.000341 0.020349 0.002099 0.978219 0.822102 0.081082 0.027565 0.033630 0.296139 0.045823 0.025888 0.000103 0.000222 0.000103 0.000082 0.115552 0.011176 0.017833 0.017497 0.016332 0.013412 0.008004 0.220298 0.060224 -0.308240 0.142010 0.071360 0.004728 0.084797 0.034015 0.002554 0.000745 0.366651 0.564702 0.553674 0.014361
-9999.000000 -9999.000000 -9999.000000 -9999.000000 -9999.000000 -9999.000000 -9999.000000 -9999.000000 -9999.000000 -0.010729 -0.012174 -0.010480 -0.017898 -0.010954 -0.073107 -0.000739 0.002871 0.009099 0.014404 0.002841 0.000573 0.001475 0.030877 0.030855 0.193591 1.357642 0.409853 0.058195 0.034820 0.069643 0.072824 0.067382 0.060895 -0.000103 -0.000222 -0.000103 -0.000082 0.165287 0.001224 0.001540 0.000063 0.000031 0.000927 0.000116 0.007464 0.104145 0.270399 0.378960 0.223309 0.013957 0.023353 0.012496 0.002575 -0.000060 0.510352 0.501812 0.188394 0.005981
-9999.000000 -9999.000000 -9999.000000 -9999.000000 -9999.000000 -9999.000000 -9999.000000 -9999.000000 -9999.000000 -9999.000000 -0.008642 0.003663 -0.208296 -0.244402 -0.019087 -0.000258 0.002077 0.009379 0.000441 0.000483 0.000863 0.007891 0.117795 0.091667 0.389704 0.374283 0.118579 0.033692 0.065205 0.106731 0.091068 0.151540 0.080722 0.090289 0.001043 0.001758 0.009399 0.229571 0.001818 0.000391 0.239537 0.119667 0.038506 -0.106949 0.000335 0.024938 0.033681 0.142486 0.409588 0.019820 0.005179 0.024342 0.001196 0.348224 0.616552 0.665241 0.002462 -0.000003
-9999.000000 -9999.000000 -9999.000000 -9999.000000 -9999.000000 -9999.000000 -9999.000000 -9999.000000 -9999.000000 -9999.000000 -9999.000000 0.000000 -0.113751 -0.110673 -0.005530 -0.001670 -0.001627 0.006769 0.000549 0.000574 0.000368 0.058660 0.103483 0.034830 0.363859 0.042934 0.086014 0.058285 0.083110 0.149744 0.291667 0.182254 0.066413 0.209446 0.008557 0.024551 0.070763 0.092038 0.003655 -0.001259 0.321626 0.227253 0.270466 -0.236207 0.034785 0.007156 0.024265 0.022135 0.221219 0.036136 0.018347 0.059809 0.842052 0.562357 0.585484 0.646477 0.006802 0.063916
-9999.000000 -9999.000000 -9999.000000 -9999.000000 -9999.000000 -9999.000000 -9999.000000 -9999.000000 -9999.000000 -9999.000000 -9999.000000 -9999.000000 -0.064313 -0.053510 0.148851 -0.002372 -0.004258 0.000544 0.000103 0.000216 0.000425 0.036656 0.045056 0.027691 0.198001 0.027411 0.037473 0.037176 0.091573 1.175557 0.452984 0.179290 0.040523 0.010791 0.005094 0.010791 0.020962 0.024363 0.005938 0.578468 0.489783 0.484768 0.473219 -0.154330 0.122197 0.008837 0.004412 0.047079 0.088594 0.090362 0.033755 0.030817 0.220242 0.145069 0.608680 0.773472 1.716776 0.132212
-9999.000000 -9999.000000 -9999.000000 -9999.000000 -9999.000000 -9999.000000 -9999.000000 -9999.000000 -9999.000000 -9999.000000 -9999.000000 -9999.000000 -9999.000000 0.000000 0.084467 0.103548 0.000178 -0.000304 -0.000604 -0.001790 -0.000105 0.009084 0.004635 0.056739 0.044216 0.054746 0.065765 0.085246 0.068323 0.257900 0.694842 0.137266 0.005625 0.000085 0.000000 0.000085 0.008099 0.000625 0.000410 0.201425 0.225389 0.083927 0.669648 0.162571 0.381733 0.017123 0.016076 0.022533 0.128740 0.123910 0.021205 0.008165 0.155499 0.172921 0.177918 0.194062 0.393188 0.279604
-9999.000000 -9999.000000 -9999.000000 -9999.000000 -9999.000000 -9999.000000 -9999.000000 -9999.000000 -9999.000000 -9999.000000 -9999.000000 -9999.000000 -9999.000000 -9999.000000 0.000000 0.022324 0.004392 -0.000573 -0.014195 -0.002399 -0.006144 0.009424 0.007794 0.102204 0.084143 0.096801 0.080852 0.119662 0.126156 0.139557 0.147820 0.023578 0.000071 -0.000634 -0.009444 -0.000634 0.000533 0.001038 0.000390 0.327216 0.352827 0.096872 0.072919 0.706774 0.766354 0.033565 0.038244 0.055659 0.056512 0.050366 0.056153 0.013858 0.019882 0.252859 0.255058 0.381628 0.207829 0.111687
-9999.000000 -9999.000000 -9999.000000 -9999.000000 -9999.000000 -9999.000000 -9999.000000 -9999.000000 -9999.000000 -9999.000000 -9999.000000 -9999.000000 -9999.000000 -9999.000000 -9999.000000 0.000000 0.000000 -0.000317 -0.027690 -0.010099 -0.005361 0.007656 0.009054 0.029506 0.004935 0.019436 0.135042 0.183815 0.141710 0.173695 0.059585 0.093384 -0.000976 -0.012252 -0.029529 -0.004103 0.001456 0.001517 0.000140 0.380718 0.439090 0.004086 0.010060 0.159284 0.174668 0.040826 0.067978 0.080945 0.086927 0.068944 0.079788 0.001151 0.001157 0.181511 0.341472 1.188007 0.238499 0.000439
-9999.000000 -9999.000000 -9999.000000 -9999.000000 -9999.000000 -9999.000000 -9999.000000 -9999.000000 -9999.000000 -9999.000000 -9999.000000 -9999.000000 -9999.000000 -9999.000000 -9999.000000 -9999.000000 -9999.000000 -9999.000000 -9999.000000 -9999.000000 0.000000 0.000002 0.000066 0.000486 0.001067 0.009626 0.031826 0.050987 0.056195 0.071966 0.084825 0.104514 0.018942 -0.040529 -0.070333 -0.000869 0.000417 0.000246 0.000166 0.364477 0.437540 0.006070 0.022108 0.037481 0.051288 0.068298 0.086477 0.099313 0.104242 0.058464 0.083365 0.001700 0.001724 0.102916 0.197772 1.265338 0.164260 -0.000259
-9999.000000 -9999.000000 -9999.000000 -9999.000000 -9999.000000 -9999.000000 -9999.000000 -9999.000000 -9999.000000 -9999.000000 -9999.000000 -9999.000000 -9999.000000 -9999.000000 -9999.000000 -9999.000000 -9999.000000 -9999.000000 -9999.000000 -9999.000000 -9999.000000 -9999.000000 -9999.000000 -0.000248 0.000454 0.000321 0.001131 0.000808 0.056733 0.083004 0.078512 0.153665 0.050789 0.075266 0.060995 0.000093 0.000443 0.000292 0.001790 0.863418 0.435492 0.001590 0.020620 0.046980 0.060684 0.060869 0.149233 0.318241 0.124299 0.039791 0.135502 0.002547 0.002723 0.001432 0.052786 1.336294 0.111189 0.002366
-9999.000000 -9999.000000 -9999.000000 -9999.000000 -9999.000000 -9999.000000 -9999.000000 -9999.000000 -9999.000000 -9999.000000 -9999.000000 -9999.000000 -9999.000000 -9999.000000 -9999.000000 -9999.000000 -9999.000000 -9999.000000 -9999.000000 -9999.000000 -9999.000000 -9999.000000 -9999.000000 -9999.000000 -0.001032 -0.000457 -0.001177 -0.000026 0.027153 0.131781 0.008096 0.020212 0.031874 0.175142 0.169135 0.000575 0.000703 0.000565 0.024910 0.354260 0.441307 0.518973 0.021265 0.048581 0.059232 0.055138 0.117268 0.386123 0.807216 0.044169 0.011679 0.002370 0.002056 0.002348 0.131111 1.247295 0.145625 0.026361
-9999.000000 -9999.000000 -9999.000000 -9999.000000 -9999.000000 -9999.000000 -9999.000000 -9999.000000 -9999.000000 -9999.000000 -9999.000000 -9999.000000 -9999.000000 -9999.000000 -9999.000000 -9999.000000 -9999.000000 -9999.000000 -9999.000000 -9999.000000 -9999.000000 -9999.000000 -9999.000000 -9999.000000 -0.000716 -0.007131 -0.043491 -0.000668 0.002467 0.018834 0.030991 0.001272 0.083232 0.046241 0.031201 0.000710 0.001012 0.001105 0.030148 0.011335 0.584900 0.091511 0.017171 0.022630 0.021824 0.017505 0.009845 0.193312 0.283477 0.099526 0.002993 0.006626 0.002722 0.027513 0.255215 1.472175 0.006247 0.009684
-9999.000000 -9999.000000 -9999.000000 -9999.000000 -9999.000000 -9999.000000 -9999.000000 -9999.000000 -9999.000000 -9999.000000 -9999.000000 -9999.000000 -9999.000000 -9999.000000 -9999.000000 -9999.000000 -9999.000000 -9999.000000 -9999.000000 -9999.000000 -9999.000000 -9999.000000 -9999.000000 -9999.000000 -9999.000000 0.015549 0.057748 0.046164 0.000914 0.002118 0.018336 0.003291 0.115771 -0.000000 -0.000015 -0.000355 -0.000540 0.000229 0.016229 0.022008 0.380369 0.040079 0.040271 0.039982 0.036341 0.029228 0.018833 0.005084 0.330969 0.005149 0.005984 0.011608 0.004804 0.015335 0.390991 1.010858 0.000062 0.000143
-9999.000000 -9999.000000 -9999.000000 -9999.000000 -9999.000000 -9999.000000 -9999.000000 -9999.000000 -9999.000000 -9999.000000 -9999.000000 -9999.000000 -9999.000000 -9999.000000 -9999.000000 -9999.000000 -9999.000000 -9999.000000 -9999.000000 -9999.000000 -9999.000000 -9999.000000 -9999.000000 -9999.000000 -9999.000000 0.003663 0.331876 0.140986 0.000809 0.001460 0.004691 0.012933 0.159840 0.030223 0.061973 -0.052822 -0.001164 -0.000511 0.009264 0.019531 0.285488 0.006998 0.090336 0.081219 0.074046 0.062781 0.045817 0.009388 0.269311 0.013104 0.012170 0.020928 0.005444 0.001288 0.000792 1.343290 -0.000064 -0.000161
-9999.000000 -9999.000000 -9999.000000 -9999.000000 -9999.000000 -9999.000000 -9999.000000 -9999.000000 -9999.000000 -9999.000000 -9999.000000 -9999.000000 -9999.000000 -9999.000000 -9999.000000 -9999.000000 -9999.000000 -9999.000000 -9999.000000 -9999.000000 -9999.000000 -9999.000000 -9999.000000 -9999.000000 -9999.000000 0.000000 0.008165 0.056015 0.000829 0.000360 0.000518 0.007465 0.007713 0.120066 0.150262 -0.031205 -0.036618 -0.016475 0.021208 0.063905 0.171501 0.004307 0.063379 0.034019 0.028856 0.022197 0.011748 0.026812 0.260678 0.027903 0.026291 0.034140 0.000222 0.000201 0.000581 0.900091 0.017864 -0.000140
-9999.000000 -9999.000000 -9999.000000 -9999.000000 -9999.000000 -9999.000000 -9999.000000 -9999.000000 -9999.000000 -9999.000000 -9999.000000 -9999.000000 -9999.000000 -9999.000000 -9999.000000 -9999.000000 -9999.000000 -9999.000000 -9999.000000 -9999.000000 -9999.000000 -9999.000000 -9999.000000 -9999.000000 -9999.000000 -9999.000000 0.000000 0.003622 0.001749 0.000219 0.000236 0.000007 0.003875 0.060575 0.038895 0.003069 -0.047080 -0.019893 0.104873 0.023055 0.040328 0.010410 0.028552 0.013784 0.007544 0.004341 0.001425 0.010872 0.071022 0.047979 0.058445 0.047076 -0.000222 0.000105 0.001727 1.056391 0.003900 0.000471
-9999.000000 -9999.000000 -9999.000000 -9999.000000 -9999.000000 -9999.000000 -9999.000000 -9999.000000 -9999.000000 -9999.000000 -9999.000000 -9999.000000 -9999.000000 -9999.000000 -9999.000000 -9999.000000 -9999.000000 -9999.000000 -9999.000000 -9999.000000 -9999.000000 -9999.000000 -9999.000000 -9999.000000 -9999.000000 -9999.000000 -0.000530 -0.002808 -0.000493 0.000076 -0.000422 0.001983 0.009410 0.027680 0.013511 0.001394 -0.012745 -0.050535 0.087444 0.023651 0.000588 0.001863 0.002209 0.040209 0.009992 0.003522 0.000007 0.000209 0.000597 0.000347 0.112118 0.061579 -0.039697 -0.004302 0.006675 1.048751 0.010813 -0.000089
-9999.000000 -9999.000000 -9999.000000 -9999.000000 -9999.000000 -9999.000000 -9999.000000 -9999.000000 -9999.000000 -9999.000000 -9999.000000 -9999.000000 -9999.000000 -9999.000000 -9999.000000 -9999.000000 -9999.000000 -9999.000000 -9999.000000 -9999.000000 -9999.000000 -9999.000000 -9999.000000 -9999.000000 -9999.000000 -9999.000000 -9999.000000 -0.005074 -0.000351 -0.000043 -0.000415 0.003294 -0.004109 0.000360 0.000360 -0.000048 -0.000012 -0.058039 -0.004295 0.025707 -0.000258 0.000309 0.003395 0.008405 0.008733 0.001373 -0.054499 -0.000979 -0.000933 -0.000422 0.178975 0.089357 0.040846 0.044584 0.381948 0.997569 0.829295 0.019556
