use_cases/Flooding_chicago/flooding_data/output/hUy_1440.asc
ncols 337
nrows 393
xllcorner 428428.000000
yllcorner 4602440.000000
cellsize 26.757400
NODATA_value -9999.000000
[rows 130 to 155 of 393, columns 174 to 231 of 337]
0.026408 0.009341 0.000559 0.000009 0.000155 0.097245 0.228777 0.035738 0.052920 0.029018 0.015842 0.021658 0.024779 0.032045 0.022722 0.047691 0.044717 0.012533 -0.000568 -1.696361 -2.482790 -1.313859 -0.219922 -0.104367 -0.201010 -0.102238 -0.000930 0.000720 -0.001869 -0.008896 -0.479901 -0.098970 -0.147353 0.045869 0.017738 0.028322 0.003884 0.000757 0.000491 0.000025 0.111761 0.024268 0.077817 0.104882 0.136130 0.039796 0.060913 0.062488 0.092053 0.004172 0.000534 0.000511 0.000268 -0.000209 -0.000007 0.033281 0.456561 0.038140
0.006838 0.000320 -0.000118 -0.007951 -0.000339 0.039180 0.069749 0.006924 0.017387 0.012546 0.013963 0.006008 0.019418 0.014277 0.017403 0.010233 0.017265 0.001664 -0.000608 -0.494187 -2.740700 -1.501413 -0.169980 -0.660616 -0.236866 -0.017640 -0.000442 0.001433 0.022798 -0.001526 -0.616262 0.029536 0.026885 0.030423 0.009552 0.012430 0.000890 -0.000110 -0.000156 -0.032443 -0.003085 0.040463 0.017311 0.026621 0.010681 0.036066 0.038191 0.031105 0.026866 0.012446 0.000798 0.000718 -0.000039 -0.000812 0.002341 0.037476 0.044915 0.007931
0.000000 -0.000098 -0.006242 -0.026413 -0.026015 -0.002599 0.017943 0.000143 0.000061 0.000140 0.000222 0.000444 0.000025 0.000373 0.000308 0.000143 0.000002 -0.000132 -0.000326 0.106895 -2.522080 -1.682506 -0.337035 -0.542546 0.066266 -0.011267 -0.059503 -0.067500 -0.035599 -0.139328 -0.308092 0.001679 0.007400 0.011921 0.000965 0.000473 -0.000082 -0.010447 -0.015312 -0.267953 0.005878 0.013924 0.007806 0.015069 0.008808 0.011553 0.007295 0.021056 0.002493 0.003219 0.000222 0.000103 -0.000243 -0.000513 -0.001721 0.000000 0.000252 0.000376
-0.017748 -0.017371 -0.022142 -0.031584 -0.099763 -0.001116 -0.000011 -0.000156 -0.000063 -0.000140 -0.000222 -0.000221 -0.022739 -0.000644 -0.000421 -0.000128 -0.003366 -0.005914 0.824574 0.287180 -2.281559 -1.965479 -0.638140 -0.778605 0.090039 -0.127567 -0.190077 -0.086551 -0.040603 -0.001089 -0.020345 0.003140 0.000318 0.000270 0.000000 -0.000270 -0.007920 -0.032845 -0.145674 -0.217854 0.017845 0.004395 0.000289 0.000368 0.000724 0.000404 0.000015 0.000000 -0.000377 -0.001837 -0.000222 -0.000103 -0.000178 -0.000619 -0.008366 -0.031055 -0.002434 -0.005359
-0.042738 -0.036375 -0.030720 -0.031641 -0.166869 -0.009549 -0.004772 -0.041657 -0.010321 -0.007420 -0.008512 -0.030905 -0.045452 -0.025884 -0.019983 -0.008551 -0.017613 -0.011578 0.908205 0.184437 -1.903737 -1.548616 -1.003560 -0.892083 -0.145093 0.230270 -0.264840 -0.017484 -0.012705 -0.002256 -0.007462 0.000091 -0.000109 -0.000473 -0.000965 -0.001058 -0.022148 -0.369065 -0.069199 -0.121225 0.008058 0.000152 0.000068 -0.000388 -0.000781 -0.000588 -0.010501 -0.004899 -0.048796 -0.002744 -0.006516 -0.009821 -0.007692 -0.000783 -0.002577 -0.069126 -0.080654 -0.003525
-0.055844 -0.068837 -0.048716 -0.124803 -0.154798 -0.025132 -0.021960 -0.067452 -0.018375 -0.021420 -0.017885 -0.059074 -0.036249 -0.060016 -0.040147 -0.018801 -0.021775 -0.001699 0.405155 0.082349 -1.298299 -1.427843 -0.813837 -1.234810 -0.472623 0.324991 1.103621 -0.053734 -0.034780 -0.011547 -0.001708 -0.000212 -0.001110 -0.006720 -0.024094 -0.002493 -0.047148 -0.420689 0.014962 0.047780 0.000311 -0.000054 -0.000755 -0.008639 -0.009405 -0.021955 -0.022472 -0.043272 -0.073189 -0.025316 -0.024921 -0.020013 -0.024516 -0.000656 -0.012494 -0.011592 -0.164301 -0.052006
-0.068495 -0.136355 -0.066284 -0.563994 -0.124986 -0.067073 -0.038321 -0.064478 -0.013577 -0.030418 -0.091936 -0.059495 -0.022073 -0.035199 -0.075976 -0.057337 -0.026994 -0.001595 0.397608 0.053790 -1.132258 -1.348125 -0.860614 -1.332022 -0.693405 0.196842 1.146760 0.728478 -0.032786 -0.016918 -0.002155 -0.014324 -0.012228 -0.033977 -0.041656 -0.014196 -0.612073 -0.410844 0.011685 0.007386 0.000101 -0.001632 -0.018777 -0.014951 -0.015391 -0.036265 -0.020255 -0.077353 -0.085627 -0.052323 -0.039534 -0.023647 -0.018199 -0.000940 -0.035053 -0.011004 -0.778784 -0.654380
-1.108489 0.216161 -0.018557 -0.014355 -0.315742 -0.505394 -0.915410 -0.048077 -0.021943 -0.351384 -0.401523 -0.499522 -0.023333 -0.008471 -0.097594 -0.878752 -0.785931 0.037365 0.556757 0.029844 -1.263269 -1.237799 -0.859862 -1.336739 -0.759337 0.113738 1.366962 1.438614 -0.002930 -0.002670 -0.009167 -0.019179 -0.041201 -0.049373 -0.040009 -0.320576 -0.436612 -0.000000 -0.000004 -0.000117 -0.002008 -0.009255 -0.047942 -0.017314 -0.017543 -0.029714 -0.064430 -0.095636 -0.094026 -0.065475 -0.039170 -0.039685 -0.002290 -0.000575 -0.006311 -0.008136 -0.000661 0.000831
-0.406109 0.668864 0.175506 0.194662 0.132466 -0.167175 -0.517519 -0.097959 -0.607508 0.251014 0.213282 -0.502479 -0.356555 -0.904431 -0.182723 -0.014876 0.011605 -0.004913 0.316672 0.053724 -1.065425 -1.197724 -0.881234 -1.180411 -0.887845 -0.034233 1.430715 1.314437 -0.018075 -0.012946 -0.015471 -0.022150 -0.062327 -0.053345 -0.396276 -1.995503 -0.282805 -0.018908 -0.014674 -0.016473 -0.023356 -0.005884 -0.018020 -0.018840 -0.018848 -0.034087 -0.094196 -0.108100 -0.075838 -0.069341 -0.076368 -0.058661 -0.024653 -0.011606 -0.002333 -0.050537 -0.042794 -0.003721
0.542320 0.883693 0.210069 0.172402 0.241291 0.253099 -0.177578 0.249128 0.499087 0.756798 0.403749 -0.011715 -1.063502 -1.811703 0.453175 0.345505 0.413139 -0.352672 -0.076195 -0.343508 -1.306262 -1.366596 -1.032981 -1.331831 -1.205337 -0.373081 1.155743 1.112698 -0.462249 -0.018128 -0.018246 -0.055751 -0.020553 -0.303442 0.031662 -0.948345 -0.848297 -0.395774 -0.023762 -0.049737 -0.042766 -0.020599 -0.045739 -0.013795 -0.026989 -0.030873 -0.073068 -0.211611 -0.040764 -0.061129 -0.122329 -0.081062 -0.034227 -0.042708 -0.014369 -0.509569 -0.493257 0.088511
1.558651 1.214944 0.101724 0.000000 0.971320 0.614535 0.211940 0.433971 0.881585 0.558316 0.079409 0.062129 0.207588 -0.489234 0.772091 0.651387 1.355500 -0.434327 -0.209986 -0.658706 -1.345410 -1.385650 -1.099081 -1.448227 -1.332886 -0.668459 1.138312 1.219329 -0.086838 -0.035092 -0.036611 -0.079364 -0.007014 -0.000482 -0.000795 -0.644543 -0.414209 -0.283191 -0.043357 -0.087300 -0.048298 -0.035431 -0.031840 -0.027961 -0.054192 -0.032706 -0.124377 -0.237429 -0.035260 -0.045301 -0.127218 -0.737598 -0.584398 -0.148836 -0.073234 -0.091871 -0.089114 0.423048
0.397144 0.299756 0.202882 1.053163 1.324479 0.574787 0.461880 0.673221 0.969851 0.032072 0.036814 0.065510 0.196623 0.985303 1.123174 1.192360 2.723305 -0.041800 0.096714 -0.484104 -0.987043 -1.176617 -0.846275 -1.320611 -1.414791 -0.800909 1.172016 1.161978 0.043618 -1.222739 -0.601252 -0.683878 -0.087315 -0.082603 -0.115128 -0.263178 0.208104 -0.196889 -0.221726 -0.956967 -0.067699 -0.062035 -0.019871 -0.047909 -0.128361 -0.024458 -0.489675 -0.150143 -0.784076 -0.028336 -0.186466 -0.278097 -0.327232 0.007264 0.175083 0.133584 0.098167 0.607380
0.170483 0.125232 0.191132 0.724626 1.141740 0.055129 0.016139 0.024268 0.010081 0.010154 0.010959 0.144200 0.200721 0.010141 0.005589 0.021663 0.015877 0.017891 0.043306 0.092567 -0.432037 -0.770153 -0.845023 -1.053293 -1.110176 -0.699592 1.423377 1.386744 0.253070 -1.103791 -0.587373 -0.742146 -0.161438 -0.062846 0.002431 0.029855 0.003946 -0.103638 -0.089675 0.039540 0.237653 -0.095334 -3.512181 0.263016 -0.126836 -0.800957 -0.141408 0.142661 -0.188723 -0.467692 0.136425 0.029473 -0.280479 -0.023434 0.162893 0.129782 0.037108 0.511706
0.198397 0.182473 0.088470 0.497732 0.316345 0.014629 0.000752 0.013275 0.000992 0.001105 0.000259 0.179371 0.225382 0.000008 0.000346 0.007856 0.004927 0.004215 0.002950 0.060323 0.229570 -0.751362 -0.701334 -0.675555 -0.702489 -0.520136 1.759627 1.735714 0.539268 -0.989190 -0.917961 -0.784538 -0.112351 -0.013884 -0.000055 0.000140 0.000222 0.000003 0.176078 0.592493 0.778934 0.235500 -3.008725 0.392280 0.195409 -0.561346 -0.059021 0.140047 0.241347 0.161444 0.703262 0.345798 -0.174452 -0.101968 0.088770 0.048163 -0.034789 0.292347
0.175783 0.192746 0.111088 0.644965 0.002187 0.080186 0.000995 0.000342 0.001010 0.001390 0.000031 0.213633 0.167606 -0.006369 -0.000180 0.000180 0.000222 0.025017 0.004892 0.025874 0.013665 -0.710072 -0.367195 -0.477446 -0.378137 -0.171926 1.841021 1.622229 0.660339 -0.969535 -1.120342 -1.007335 -0.213147 -0.251985 -0.000135 -0.000138 -0.000222 -0.004832 0.396409 0.680548 1.029258 0.398718 -1.873622 0.298410 0.128911 -0.468046 -0.062961 0.486069 0.863079 0.667051 0.903526 0.387277 0.120296 -0.085029 0.066445 -0.006973 0.003137 0.138741
0.140140 0.204673 0.110313 0.313841 0.005522 0.016731 0.000157 -0.000033 -0.000023 0.000222 -0.000187 0.299559 0.246618 -0.023253 -0.007891 -0.000346 -0.000004 0.007508 0.001899 0.000365 0.000192 0.022257 0.404120 0.087762 0.044555 0.189382 1.888973 1.926663 1.232206 -0.579368 -1.380305 -1.089628 -1.070077 -0.328751 -0.011677 -0.005211 -0.007868 -0.324709 0.857714 1.086978 0.898667 0.677329 -1.160291 0.031850 -0.099153 -0.501128 -0.194631 0.690085 1.324822 1.019422 0.942069 0.340321 0.022479 0.050805 0.136170 0.019520 -0.002062 0.062990
0.110657 0.202603 0.002489 0.018500 0.005172 -0.000019 -0.000269 -0.000164 -0.000323 -0.000222 -0.011546 0.173755 0.184284 -0.029875 -0.018965 -0.006276 -0.000885 -0.000031 -0.000000 -0.000257 -0.000160 0.143452 0.249686 0.095238 0.568842 0.653002 1.134385 1.294801 2.194828 0.042934 -1.306407 -1.542018 -1.087402 -1.321052 -0.298344 -0.139919 -0.067226 0.478979 1.028453 1.370903 1.548790 0.949281 -0.627822 -0.071584 -0.193228 -0.559165 -0.190145 0.808382 1.593347 0.992369 0.562616 0.116197 0.020531 0.121514 0.253684 0.088675 -0.046921 -0.009594
0.001311 0.000473 0.000330 0.000000 0.000000 -0.011537 -0.025623 -0.009267 -0.007836 -0.008612 -0.047714 0.113686 0.065972 0.076797 -0.011575 -0.012649 -0.000709 -0.011158 -0.006265 0.088816 0.252621 0.075209 0.321664 0.000000 0.190801 0.239800 1.454701 1.561628 1.513245 1.313406 -0.777245 -1.409101 -2.043485 -1.333692 -1.006098 -0.650744 -0.557961 0.194718 1.083763 1.566360 1.746734 0.924205 -0.315674 -0.053142 -0.255131 -0.760208 -0.342413 0.914423 1.763423 0.997191 0.481052 0.094624 0.052079 0.139530 0.329637 0.076015 -0.068583 -0.015310
-0.085293 -0.001316 -0.002317 -0.011411 -0.012099 -0.006528 -0.127679 -0.115952 -0.014013 -0.021273 0.141515 0.101012 -0.056890 0.080542 -0.001748 -0.002371 -0.011401 -0.021501 -0.024324 0.177899 0.288807 -0.144923 0.777573 0.066853 0.806823 1.146990 2.429900 2.408958 2.433974 0.878404 -0.015002 -0.736744 -1.455026 -1.385391 -0.848677 -0.408612 -0.174749 0.491678 1.261436 1.308787 0.997113 0.380446 -0.157321 -0.041854 -0.380374 -0.662325 -0.517012 1.032754 1.609688 1.046536 0.539813 0.081022 0.047389 0.149029 0.304185 0.016307 -0.024893 0.046485
-0.055011 0.018495 -0.121989 -0.148121 -0.144829 -0.030616 -0.060789 -0.052032 -0.003090 -0.004146 0.460533 0.216698 -0.106140 0.025355 -0.025416 -0.005218 -0.025417 -0.037289 0.200270 0.236979 0.111333 -0.450533 1.187511 0.410209 1.349877 1.886389 2.667078 2.150110 1.557940 0.102249 0.028720 -0.197129 -1.118000 -1.599248 -0.929138 -0.288821 0.228719 0.479872 0.867852 0.418380 0.334510 0.353929 0.009934 0.002597 -0.415936 -0.645318 -0.489854 1.085177 1.808285 1.227850 0.476555 0.067348 0.000759 0.008936 0.444702 -0.025848 -0.050908 0.145192
0.073295 0.084481 -0.319261 -0.092427 -0.083708 -0.042838 -0.059292 -0.057040 -0.001637 -0.002202 0.019828 0.027211 0.003663 0.012342 0.000813 -0.015452 -0.001346 0.335688 0.250096 0.179464 0.045780 -0.069811 1.862645 0.706512 1.383353 2.682134 2.123301 1.278740 0.511350 0.037705 0.006322 -0.091558 -0.222725 -0.857702 -0.388539 0.078889 0.256505 0.135352 0.241974 0.231862 0.000316 0.000208 0.000003 0.003105 0.135099 -0.502746 -0.347012 1.292349 1.887740 1.320528 0.399651 0.153052 -0.000169 0.000003 0.000208 0.015026 -0.007020 0.295409
0.345034 0.288211 -0.393830 -0.104346 -0.087676 -0.059312 -0.065979 -0.068641 -0.001505 -0.002893 0.000000 0.000000 0.000000 0.000000 -0.000053 -0.000181 0.163167 0.701030 0.299711 1.197597 0.761194 0.681259 2.775185 1.037602 2.250301 3.622765 2.536508 1.288499 0.040264 0.050017 -0.010090 -0.367348 0.347876 -0.610748 0.115712 0.820864 0.317247 0.229298 -0.106968 0.141459 -0.000421 -0.000326 -0.033345 0.012348 0.472818 -0.329962 -0.184802 1.380124 1.481074 0.771439 0.152793 0.219767 0.064076 -0.020334 -0.000326 0.075233 0.076613 0.474479
0.601179 0.401139 -0.217726 -0.271019 -0.642913 -0.868672 -1.009059 -0.617569 -0.062374 -0.052897 -0.018233 -0.031813 -0.006691 -0.017939 0.379696 0.344039 0.268982 1.187030 2.331596 1.885887 1.286321 0.993404 2.791523 0.796681 1.030165 1.923750 2.209127 1.840927 0.962922 0.104401 0.156958 -0.118376 0.686670 -0.258434 0.913413 0.013152 0.043305 1.150116 0.097635 0.246988 0.935164 0.018903 0.158445 0.920935 1.073396 0.189573 0.132261 1.329370 2.154744 0.849476 0.168083 0.178769 0.094489 0.391222 0.020949 0.113261 0.101706 0.466664
1.275019 0.736248 0.139508 -0.246780 -0.418047 -0.233563 -0.447717 -0.678066 -0.071636 -0.085905 0.309362 -0.142459 0.060037 0.165674 0.748185 0.737497 0.894028 3.572932 1.308737 0.823878 1.791407 0.042407 0.054501 0.099953 1.846001 1.943601 0.562213 0.183264 0.085594 0.079972 0.049009 0.096623 1.387756 0.989616 0.023904 0.015316 0.026107 0.047450 0.095776 0.361784 0.070385 0.044639 1.786467 1.963676 1.464012 0.514326 0.064595 1.438583 0.942474 0.057566 0.036617 0.047358 0.039969 0.101206 0.055838 0.028050 0.193833 0.694365
1.671516 0.579613 0.361146 -0.125555 0.180529 0.162873 -0.175166 -0.476781 0.119621 0.109092 0.827589 0.082154 0.372758 0.640881 1.315625 1.181087 1.130171 0.961761 0.029576 0.041132 0.023059 0.022204 0.004628 0.174169 2.454090 1.944493 0.090411 0.020270 0.066159 0.053597 0.037902 0.049487 0.073236 0.049108 0.020785 0.013741 0.019992 0.052806 0.116445 0.199356 0.079590 0.101390 2.684943 2.728445 1.998926 0.546117 0.162457 0.021622 0.041991 0.028156 0.041439 0.038898 0.047676 0.034234 0.133301 0.076103 0.054820 0.756788
0.636203 0.413960 0.201222 0.181630 0.765052 0.489671 0.258304 0.038336 0.529954 0.430125 1.074598 0.363347 0.364332 0.211564 0.060966 0.023830 0.075088 0.087655 0.020609 0.012444 0.015647 0.004815 0.001048 0.308681 2.707298 1.508356 0.070323 0.032360 0.069544 0.021286 0.022864 0.018295 0.064387 0.019882 0.009983 0.012204 0.006516 0.045521 0.168527 0.141088 0.190498 0.065267 1.917823 1.942232 1.571415 0.125690 0.000339 0.009861 0.022673 0.023339 0.032242 0.017110 0.033426 0.038075 0.105913 0.039622 0.050053 0.191955
