use_cases/Flooding_chicago/flooding_data/output/hUy_540.asc
ncols 337
nrows 393
xllcorner 428428.000000
yllcorner 4602440.000000
cellsize 26.757400
NODATA_value -9999.000000
[rows 208 to 233 of 393, columns 232 to 289 of 337]
-0.001038 -0.002049 -0.006563 -0.002177 -0.035248 -0.022638 -0.012849 -0.004845 -0.035758 -0.018938 -0.103211 -0.019757 0.003203 0.139443 0.166617 0.110377 0.041488 0.062070 0.007684 -0.202338 -0.029986 -0.001169 -0.000965 -0.000479 0.000098 0.070584 -0.026330 -0.033293 -0.026176 -0.010288 0.028676 0.323772 0.579976 0.395718 -0.170269 0.003566 0.001049 -0.000166 -0.003946 -0.010094 -0.017285 -0.017282 0.013850 0.265156 -0.120382 -0.009765 0.131282 0.001930 0.003411 0.004927 -0.000194 0.000209 0.308558 -0.045237 0.146396 -0.553902 0.212034 0.126701
-0.001224 -0.001755 -0.003461 -0.014846 -0.106797 -0.041039 -0.005928 -0.002920 -0.012428 -0.020875 0.031999 -0.408250 0.328833 0.142776 0.328663 0.107097 0.033648 0.102356 0.029538 -0.151134 -0.026519 -0.067829 0.015004 0.058065 -0.000415 0.181756 0.003545 -0.029287 -0.022128 -0.009712 0.050181 0.380747 0.463806 0.391215 -0.178533 0.002905 0.002461 0.003483 -0.015771 -0.024134 -0.053182 -0.004305 0.091570 0.368270 -0.176571 -0.032044 0.079645 0.001065 0.000192 0.000099 0.000652 0.003011 0.020916 -0.050012 0.185244 0.007188 0.576508 0.011297
-0.000947 -0.001241 -0.001619 -0.033298 -0.557518 -0.019043 -0.026000 -0.012791 0.028981 0.071036 0.144130 0.284794 0.451693 0.093709 0.217482 0.073635 0.000000 0.067961 0.027606 0.001129 0.023734 -0.072267 0.061196 0.136672 0.179923 0.132395 0.044326 -0.024834 -0.016605 0.028994 0.071685 0.082339 0.067223 0.403303 0.015310 0.011476 0.004226 0.004529 -0.001556 -0.001782 -0.005619 -0.000779 0.125872 0.472797 -0.034682 0.001079 0.000657 -0.001316 -0.003658 -0.004826 0.000003 0.000208 0.000977 0.000629 0.044903 0.018674 0.040801 0.000790
-0.022606 -0.020163 -0.020253 -0.479552 0.083010 0.287261 0.020818 -0.041117 0.022885 0.160918 0.186068 0.185570 0.185958 0.180189 0.361670 0.018372 -0.005920 0.078519 0.000795 0.000809 0.000394 0.000143 0.131593 0.238114 0.006587 0.006723 0.000590 -0.019242 -0.011981 0.079268 0.084763 0.090119 0.085114 0.411896 0.020799 0.001236 0.004808 0.000965 0.000473 0.000014 0.000585 0.000113 0.038397 0.025516 0.005185 -0.000039 -0.001388 -0.002198 -0.039668 -0.000926 -0.000455 -0.000326 -0.001092 -0.000453 -0.000019 0.013636 0.000545 -0.000115
-0.251986 -0.433540 -0.420383 -0.097182 0.249306 0.351586 0.002825 0.007140 0.008308 0.078287 0.063804 0.086177 0.062588 0.428820 0.358002 0.278715 0.007482 0.036530 0.000470 -0.000714 -0.000366 -0.000141 0.142473 0.265193 0.000363 0.000007 0.000137 -0.003440 0.029259 0.103615 0.081686 0.080035 0.091228 0.105184 0.031702 0.000308 0.000270 0.000000 -0.000270 -0.006052 0.000733 0.000858 0.000426 0.000019 0.005475 0.010792 0.003079 -0.079446 -0.012100 0.043006 -0.000924 -0.000213 0.076775 -0.016279 -0.059004 0.000404 -0.000687 -0.000859
0.086307 0.112973 0.189745 -0.038516 0.133939 0.315530 0.000309 0.011068 0.019633 0.018912 0.090542 0.140748 0.130002 0.083334 0.057104 0.230017 0.114017 0.038709 0.001215 0.023512 0.000400 -0.094716 0.214356 0.305157 -0.000206 -0.000350 -0.000177 0.036085 0.043795 0.125722 0.068222 0.057838 0.074145 0.074023 0.000120 -0.001279 -0.000473 -0.000965 -0.007880 -0.003110 -0.002659 -0.001319 -0.000724 0.037318 0.012607 -0.009801 0.022994 -0.014347 0.046454 0.064735 0.000097 0.002212 0.135425 -0.019879 -0.059334 -0.000483 -0.001849 -0.006146
0.239397 0.490083 0.565996 -0.093356 0.014181 0.269916 0.135744 0.016722 0.028607 0.043909 0.035730 0.172052 0.169429 0.016806 0.018898 0.020036 0.009991 0.040053 0.004069 0.076186 0.004370 -0.134784 0.160466 1.159730 -0.000372 0.000303 0.000561 0.067075 0.014784 0.168583 0.054106 0.041083 0.057614 0.008116 -0.000696 -0.001920 -0.029454 -0.004873 -0.019349 0.077400 0.217929 -0.130345 0.011428 0.028279 0.002120 -0.057049 0.057098 0.026498 0.120631 0.139280 0.000112 0.003298 0.016343 0.000902 0.000038 -0.000812 -9999.000000 -9999.000000
0.031389 0.032704 0.046537 -0.023614 0.017488 0.418457 0.304500 0.033843 0.034484 0.066026 0.073202 0.071579 0.066828 0.032785 0.001078 0.009974 0.000938 0.006715 0.006732 0.048246 0.014296 -0.037673 0.168530 0.623826 0.011653 0.003477 0.005457 0.156917 -0.032538 0.851511 0.025481 0.001147 0.131525 -0.021218 0.005447 0.008892 -0.008509 -0.081069 -0.012747 0.837912 0.233365 -0.173519 0.028737 0.000497 -0.006194 0.085952 0.126620 0.018573 0.196213 0.011364 -0.000367 0.000000 0.000000 -9999.000000 -9999.000000 -9999.000000 -9999.000000 -9999.000000
0.013695 0.013075 0.062967 0.029583 0.033792 0.159391 0.125567 0.084122 0.035000 0.087417 0.090738 0.101530 0.095016 0.016547 0.000297 0.000000 0.000052 0.006078 0.009104 0.025457 0.011208 0.010179 0.109732 0.150142 0.023527 0.004082 0.004872 0.017131 -0.037287 0.408445 0.015091 0.002340 0.008807 -0.005865 0.008989 0.019055 0.025148 -0.016824 0.108615 0.449790 0.334236 -0.015192 0.008703 0.000302 -0.001864 0.286593 0.070574 0.073214 0.028644 0.001097 -0.001244 -0.001323 -9999.000000 -9999.000000 -9999.000000 -9999.000000 -9999.000000 -9999.000000
0.000326 0.001425 0.017778 0.073994 0.077828 0.066391 0.045954 0.026243 0.006264 0.099233 0.090753 0.107621 0.093162 -0.000036 -0.000713 -0.002533 -0.000692 0.009078 -0.001693 0.000360 0.000360 0.000130 0.112979 0.066912 0.007508 0.001736 0.006556 0.008593 0.002774 0.047465 0.000016 0.000419 0.000791 0.000582 0.011769 0.028239 0.044394 0.002260 0.038877 0.020418 0.450443 0.117573 0.037935 0.032441 0.502198 0.417954 0.227496 0.026950 0.008163 0.001367 -9999.000000 -9999.000000 -9999.000000 -9999.000000 -9999.000000 -9999.000000 -9999.000000 -9999.000000
-0.000208 0.005438 0.006441 0.043281 0.138260 0.006266 0.008216 0.004410 0.011614 0.150392 0.083300 0.106873 0.072172 0.007979 -0.001401 -0.001843 -0.020004 0.031957 -0.285887 -0.000360 -0.000360 -0.000130 0.204370 0.000000 0.000422 0.012652 0.007348 0.002937 -0.000242 -0.000017 -0.030102 -0.000582 -0.000791 -0.000419 -0.000016 0.001162 0.004572 0.004631 0.017956 0.010666 0.061567 0.120372 0.125466 0.064428 0.132148 0.119306 0.088251 0.004288 0.000208 0.000003 -9999.000000 -9999.000000 -9999.000000 -9999.000000 -9999.000000 -9999.000000 -9999.000000 -9999.000000
0.028725 0.032617 0.054836 0.022460 0.035877 0.010856 0.014195 0.009244 0.027508 0.043091 0.013319 0.167372 0.072418 0.037146 0.186314 0.011049 -0.101643 0.344108 -0.330643 0.008850 0.004519 0.067302 0.175450 0.212290 0.001108 0.009263 0.001688 0.001850 0.312359 0.245493 0.063536 0.105582 -0.064025 -0.059937 -0.038458 -0.372316 -0.006135 0.000376 0.000723 0.000376 0.000140 0.212748 0.216300 0.000222 0.059889 0.052284 0.041757 0.013381 -0.000326 -9999.000000 -9999.000000 -9999.000000 -9999.000000 -9999.000000 -9999.000000 -9999.000000 -9999.000000 -9999.000000
0.075164 0.004459 0.016055 0.001161 0.000379 0.004130 0.012150 0.010810 0.009541 0.007257 0.021843 0.026574 0.151949 0.139038 0.004911 0.040684 0.094690 0.333217 -0.156751 0.016645 0.006629 0.018222 0.191695 0.014179 0.001499 0.000473 0.007518 0.028632 0.563730 0.350011 0.011210 0.017627 -0.091097 -0.028605 -0.030065 -0.375847 -0.750100 -0.000376 -0.000723 -0.000376 -0.000140 0.598254 0.173117 -0.000222 0.109926 0.092099 0.080608 0.012660 -9999.000000 -9999.000000 -9999.000000 -9999.000000 -9999.000000 -9999.000000 -9999.000000 -9999.000000 -9999.000000 -9999.000000
0.017729 0.001010 0.000547 -0.000051 -0.000153 0.000107 0.000434 0.005829 0.009761 0.011656 0.009389 0.006611 0.025255 0.019780 0.001665 0.009340 0.215641 0.426064 0.088933 0.024872 0.000000 0.043547 0.041989 0.005877 -0.000064 -0.000357 0.011573 0.018189 0.134428 0.176587 0.001682 0.008609 0.019296 0.016889 0.004188 0.002433 -0.776572 -0.364139 -0.009494 -0.000130 0.636374 0.628690 0.180094 -0.329601 0.088393 0.094570 0.146452 0.000000 -9999.000000 -9999.000000 -9999.000000 -9999.000000 -9999.000000 -9999.000000 -9999.000000 -9999.000000 -9999.000000 -9999.000000
0.008901 0.002004 0.000544 -0.009579 -0.050972 -0.001072 -0.000494 -0.002243 0.001694 0.009367 0.010716 0.006970 0.000208 0.000003 0.002008 0.001408 0.011413 0.026037 0.571114 0.074008 0.057352 0.092080 0.001626 0.001264 0.043684 0.002284 0.019050 0.011138 0.026475 0.257283 0.001106 0.001164 0.000510 0.000746 0.002792 0.001606 0.017142 -0.131523 0.220958 0.057628 0.442957 0.481059 0.172419 -0.348733 0.125189 0.070127 0.003663 -9999.000000 -9999.000000 -9999.000000 -9999.000000 -9999.000000 -9999.000000 -9999.000000 -9999.000000 -9999.000000 -9999.000000 -9999.000000
0.000925 0.001103 0.000206 -0.026396 -0.202893 -0.000517 -0.000627 -0.011287 -0.009456 0.000003 0.000208 -0.007156 -0.000326 -0.015358 -0.002147 -0.000034 0.000270 0.031991 0.150056 0.161677 0.118753 0.014470 0.003460 0.001838 0.121806 0.007625 0.012075 0.016960 0.054118 0.087978 0.001534 0.000586 -0.000228 0.002002 0.003812 -0.000673 0.045202 0.090254 0.504841 0.023327 0.027213 0.016078 0.350294 -0.247360 0.090238 0.031617 0.000000 -9999.000000 -9999.000000 -9999.000000 -9999.000000 -9999.000000 -9999.000000 -9999.000000 -9999.000000 -9999.000000 -9999.000000 -9999.000000
0.001268 0.001243 0.000145 0.027674 -0.121762 -0.033574 -0.017599 -0.010699 -0.011332 -0.027239 -0.000326 -0.003062 0.081285 -0.129963 -0.002088 -0.001808 -0.000585 0.096297 0.066196 0.049923 0.047579 0.005361 0.005770 0.002135 0.048635 0.004852 0.012016 0.024159 0.016915 0.007149 0.000506 -0.000775 0.003138 0.003750 0.007167 0.006287 0.184914 0.079833 0.127773 0.077221 0.007870 0.005374 0.036259 0.239074 0.177426 0.003275 -0.000641 -9999.000000 -9999.000000 -9999.000000 -9999.000000 -9999.000000 -9999.000000 -9999.000000 -9999.000000 -9999.000000 -9999.000000 -9999.000000
0.002270 0.001208 0.000563 0.005422 0.016625 -0.060851 -0.087078 -0.089604 -0.067158 -0.495979 0.080035 0.010471 0.058451 -0.061012 -0.111511 -0.102219 -0.056993 0.117915 0.087260 0.005962 0.009354 0.010069 0.005980 0.002198 0.016058 0.003284 0.000824 0.029973 0.018850 0.006767 0.021837 -0.015423 -0.006990 -0.002176 0.017192 0.026078 0.170316 0.155549 0.020809 0.038992 0.031822 0.010992 0.017580 0.019783 0.349143 -0.000616 -0.000492 -9999.000000 -9999.000000 -9999.000000 -9999.000000 -9999.000000 -9999.000000 -9999.000000 -9999.000000 -9999.000000 -9999.000000 -9999.000000
0.010441 0.001663 0.001578 0.000337 0.228025 -0.076195 0.027521 0.286790 0.171258 -0.177479 0.362778 -0.001625 0.010068 -0.062956 -0.083330 -0.006141 0.140334 0.188591 0.009082 0.010102 0.013884 0.010264 0.003505 -0.000203 -0.000013 0.000603 -0.000924 0.040809 0.015329 0.005314 0.096591 -0.017902 -0.014855 -0.005568 0.045680 0.048699 0.037970 0.034496 0.011093 0.017903 0.015873 0.006321 0.002666 0.002795 0.059406 0.001044 -9999.000000 -9999.000000 -9999.000000 -9999.000000 -9999.000000 -9999.000000 -9999.000000 -9999.000000 -9999.000000 -9999.000000 -9999.000000 -9999.000000
0.004308 0.000724 0.000129 0.000040 0.101330 0.004361 0.032455 0.527898 0.218631 0.395103 0.441203 0.000779 -0.013274 -0.089421 -0.050680 0.014226 0.142599 0.024538 0.032248 0.009171 0.015951 0.008822 -0.000493 -0.002161 -0.001775 0.000363 0.000764 0.005142 0.000447 0.000831 0.008169 -0.007566 -0.025795 -0.043766 0.047409 0.062732 0.000733 0.002609 0.000848 0.001603 0.000944 0.008934 0.003607 0.005246 0.001893 0.000679 -9999.000000 -9999.000000 -9999.000000 -9999.000000 -9999.000000 -9999.000000 -9999.000000 -9999.000000 -9999.000000 -9999.000000 -9999.000000 -9999.000000
0.000208 0.000003 -0.000061 -0.000139 0.029945 0.009877 0.016031 0.055019 0.427924 0.015730 0.013502 0.000687 0.000920 -0.089557 0.084044 0.110359 0.131754 0.008514 0.010157 0.001136 0.016932 0.006728 -0.002015 -0.013305 -0.004009 -0.001583 0.000417 -0.054271 -0.000295 -0.000308 -0.000013 -0.005789 0.000073 -0.028869 0.186517 0.012017 -0.000343 -0.000343 0.000030 0.000204 0.000407 0.007342 0.003089 -0.003444 -0.001596 -0.000820 -9999.000000 -9999.000000 -9999.000000 -9999.000000 -9999.000000 -9999.000000 -9999.000000 -9999.000000 -9999.000000 -9999.000000 -9999.000000 -9999.000000
-0.000326 -0.005980 -0.000291 -0.000385 -0.000001 0.000197 0.000009 0.043131 0.199715 0.009693 0.000540 0.014135 0.000533 0.000696 0.001854 0.005204 0.007843 0.000360 0.000360 0.000201 0.005053 0.000402 -0.000802 -0.003714 -0.035426 -0.008632 -0.001596 -0.042524 -0.038969 -0.000771 -0.006598 -0.002282 -0.000860 0.004815 0.167991 0.011846 0.009928 -0.000921 -0.000826 -0.001578 -0.001081 0.000249 0.000291 -0.005350 -9999.000000 -9999.000000 -9999.000000 -9999.000000 -9999.000000 -9999.000000 -9999.000000 -9999.000000 -9999.000000 -9999.000000 -9999.000000 -9999.000000 -9999.000000 -9999.000000
-0.000113 -0.014694 -0.001014 -0.044467 -0.001277 -0.000816 0.099580 0.094907 0.054320 0.020563 -0.051998 0.025473 -0.026714 -0.000666 -0.000287 0.004884 0.009481 -0.000360 -0.000360 -0.000181 -0.017676 -0.000027 0.000000 -0.001212 -0.029023 -0.004934 0.008562 -0.046094 -0.087032 -0.004494 -0.059175 -0.133054 -0.157846 0.019547 0.160780 0.050714 0.024050 -0.016121 -0.005103 -0.029552 -0.009190 -0.000724 -0.000441 -9999.000000 -9999.000000 -9999.000000 -9999.000000 -9999.000000 -9999.000000 -9999.000000 -9999.000000 -9999.000000 -9999.000000 -9999.000000 -9999.000000 -9999.000000 -9999.000000 -9999.000000
0.000868 -0.001017 0.001413 -0.040304 -0.082943 0.077792 0.097075 0.082082 0.049687 0.012480 -0.304962 0.049303 0.111292 0.160922 -0.112265 0.005118 0.006385 -0.001992 -0.012855 -0.001266 -0.025667 -0.015054 -0.003663 -0.000430 -0.000204 0.077976 0.059345 0.032419 0.052767 0.087875 0.016076 -0.270479 -0.275322 -0.038863 0.158998 0.012110 0.019739 -0.006357 -0.041680 -0.087646 -0.007237 -9999.000000 -9999.000000 -9999.000000 -9999.000000 -9999.000000 -9999.000000 -9999.000000 -9999.000000 -9999.000000 -9999.000000 -9999.000000 -9999.000000 -9999.000000 -9999.000000 -9999.000000 -9999.000000 -9999.000000
0.000000 0.000474 0.020292 0.001524 0.002946 0.162410 0.088235 0.057326 0.021965 -0.002745 -0.164339 0.040213 0.292328 0.244868 0.023228 0.023794 0.000706 -0.001360 -0.034550 -0.011065 -0.173706 -0.008057 -0.010974 0.032882 0.009362 0.045349 0.030796 0.023496 0.032548 0.018126 0.002768 0.133091 -0.154886 -0.045480 0.119303 -0.009891 0.040541 0.008302 -0.004646 -9999.000000 -9999.000000 -9999.000000 -9999.000000 -9999.000000 -9999.000000 -9999.000000 -9999.000000 -9999.000000 -9999.000000 -9999.000000 -9999.000000 -9999.000000 -9999.000000 -9999.000000 -9999.000000 -9999.000000 -9999.000000 -9999.000000
0.002558 0.002799 0.030009 0.000966 0.083301 0.272635 0.099015 0.050775 0.013999 0.098013 -0.019301 0.096699 0.555084 0.506958 0.048262 0.005818 0.000308 -0.000888 -0.172020 -0.444041 0.061942 0.090074 -0.002266 0.013752 0.000643 0.007615 0.006822 0.004548 0.014662 0.009005 0.006634 0.000456 0.024472 0.000000 0.000000 0.105932 0.076950 0.018215 0.002618 -9999.000000 -9999.000000 -9999.000000 -9999.000000 -9999.000000 -9999.000000 -9999.000000 -9999.000000 -9999.000000 -9999.000000 -9999.000000 -9999.000000 -9999.000000 -9999.000000 -9999.000000 -9999.000000 -9999.000000 -9999.000000 -9999.000000
