use_cases/Flooding_chicago/flooding_data/output/hUy_1140.asc
ncols 337
nrows 393
xllcorner 428428.000000
yllcorner 4602440.000000
cellsize 26.757400
NODATA_value -9999.000000
[rows 130 to 155 of 393, columns 174 to 231 of 337]
0.026407 0.009341 0.000558 0.000009 0.000155 0.108115 0.204144 0.034668 0.052050 0.029029 0.015842 0.021658 0.024778 0.032045 0.022722 0.047691 0.044717 0.012533 0.000036 -1.769050 -3.649239 -1.250799 0.041968 -0.065452 -0.179950 -0.099403 -0.000937 0.000690 -0.001869 -0.008896 -0.465633 -0.099267 -0.146603 0.045649 0.017737 0.028322 0.003884 0.000757 0.000491 0.000025 0.111552 0.024267 0.077809 0.104882 0.136131 0.039797 0.060913 0.062489 0.092053 0.004172 0.000534 0.000511 0.000268 -0.000209 -0.000007 0.033282 0.456538 0.038137
0.006838 0.000320 -0.000118 -0.007951 -0.000339 0.038604 0.068203 0.006934 0.017387 0.012546 0.013963 0.006008 0.019417 0.014277 0.017403 0.010233 0.017265 0.001664 -0.000274 -0.179291 -4.248583 -1.312910 0.166376 -0.268039 -0.093824 -0.018710 -0.000446 0.001388 0.022401 -0.001526 -0.602963 0.025446 0.026877 0.030424 0.009552 0.012430 0.000890 -0.000109 -0.000156 -0.032445 -0.003092 0.040465 0.017312 0.026622 0.010681 0.036066 0.038191 0.031105 0.026866 0.012445 0.000798 0.000718 -0.000039 -0.000812 0.002341 0.037477 0.044914 0.007931
0.000000 -0.000098 -0.006242 -0.026412 -0.026015 -0.002599 0.017943 0.000143 0.000061 0.000140 0.000222 0.000444 0.000025 0.000373 0.000308 0.000143 0.000002 -0.000132 -0.000242 0.524439 -3.855259 -1.778810 0.023377 0.037264 -0.021824 -0.012256 -0.058529 -0.066696 -0.034468 -0.135326 -0.300893 0.001657 0.007400 0.011921 0.000965 0.000473 -0.000082 -0.010447 -0.015335 -0.266208 0.005692 0.013924 0.007807 0.015069 0.008808 0.011552 0.007295 0.021056 0.002493 0.003219 0.000222 0.000103 -0.000243 -0.000513 -0.001721 0.000000 0.000252 0.000376
-0.017748 -0.017371 -0.022144 -0.031585 -0.099763 -0.001116 -0.000011 -0.000156 -0.000063 -0.000140 -0.000222 -0.000220 -0.022739 -0.000644 -0.000421 -0.000128 -0.003367 -0.005915 0.006169 0.851520 -3.363803 -2.192578 -0.304504 -0.136465 -0.017338 -0.066689 -0.179068 -0.085299 -0.039654 -0.001047 -0.019940 0.003114 0.000318 0.000270 0.000000 -0.000270 -0.007920 -0.032818 -0.143767 -0.216590 0.017655 0.004395 0.000289 0.000368 0.000724 0.000404 0.000015 0.000000 -0.000377 -0.001837 -0.000222 -0.000103 -0.000178 -0.000619 -0.008366 -0.031055 -0.002434 -0.005359
-0.042737 -0.036374 -0.030720 -0.031641 -0.166870 -0.009549 -0.004772 -0.041658 -0.010320 -0.007420 -0.008512 -0.030905 -0.045453 -0.025884 -0.019983 -0.008552 -0.017613 -0.010799 0.008408 0.414210 -2.402341 -1.328520 -0.611933 -0.277458 0.015333 -0.279652 -0.150528 -0.017095 -0.012379 -0.002225 -0.007335 0.000091 -0.000109 -0.000473 -0.000965 -0.001058 -0.022146 -0.366129 -0.067676 -0.120072 0.008058 0.000152 0.000068 -0.000388 -0.000781 -0.000588 -0.010501 -0.004899 -0.048796 -0.002744 -0.006515 -0.009821 -0.007692 -0.000783 -0.002577 -0.069131 -0.080660 -0.003525
-0.055844 -0.068837 -0.048716 -0.124681 -0.154577 -0.025132 -0.021960 -0.067452 -0.018375 -0.021420 -0.017885 -0.059076 -0.036249 -0.060016 -0.040148 -0.018801 -0.021775 -0.002175 0.000083 0.004713 -1.392731 -1.157010 -0.602461 -0.481688 -0.203714 0.253854 0.926870 -0.034693 -0.034443 -0.011495 -0.001684 -0.000212 -0.001110 -0.006720 -0.024094 -0.002493 -0.047084 -0.416812 0.016086 0.047797 0.000311 -0.000054 -0.000755 -0.008639 -0.009405 -0.021955 -0.022472 -0.043272 -0.073190 -0.025316 -0.024921 -0.020013 -0.024515 -0.000656 -0.012493 -0.011593 -0.164688 -0.052421
-0.068496 -0.118698 -0.058686 -0.521379 -0.112535 -0.063830 -0.038322 -0.064477 -0.013578 -0.030416 -0.092503 -0.059497 -0.022072 -0.035199 -0.075868 -0.057014 -0.026978 -0.002494 0.000005 0.102308 -1.107015 -0.951532 -0.581622 -0.718773 -0.629992 0.194588 0.982831 -0.368321 -0.032243 -0.016868 -0.002144 -0.014323 -0.012228 -0.033977 -0.041654 -0.014195 -0.607193 -0.406205 0.011679 0.007386 0.000101 -0.001632 -0.018777 -0.014951 -0.015391 -0.036264 -0.020255 -0.077353 -0.085628 -0.052323 -0.039534 -0.023647 -0.018199 -0.000940 -0.035053 -0.011004 -0.623407 -0.508337
-1.074586 -0.118687 -0.012946 -0.052471 -0.129691 -0.467480 -0.620693 -0.046272 -0.020902 -0.192060 -0.346243 -0.237165 -0.023332 -0.008471 -0.064318 -0.598227 -0.028432 -0.021101 0.056036 0.246812 -1.112628 -0.624028 -0.399383 -0.696571 -0.495163 0.257528 1.205242 0.202169 -0.002736 -0.002658 -0.009154 -0.019166 -0.041193 -0.049359 -0.040008 -0.318138 -0.432608 -0.000000 -0.000004 -0.000117 -0.002008 -0.009255 -0.047942 -0.017314 -0.017542 -0.029714 -0.064430 -0.095636 -0.094026 -0.065474 -0.039171 -0.039685 -0.002290 -0.000575 -0.006311 -0.008136 -0.000661 0.000666
-0.339051 0.503004 0.125777 0.130575 0.100633 -0.200108 -0.337405 -0.199247 -0.998046 0.128898 0.251246 -0.406505 -0.478910 -0.634478 -1.940570 -0.156155 -0.000215 0.131925 0.134856 0.149998 -0.829261 -0.542451 -0.297981 -0.625304 -0.547676 0.173894 1.327058 0.818493 -0.012672 -0.012930 -0.015454 -0.022140 -0.062230 -0.053289 -0.393281 -1.990865 -0.280148 -0.018918 -0.014674 -0.016473 -0.023355 -0.005884 -0.018020 -0.018840 -0.018847 -0.034087 -0.094196 -0.108097 -0.075836 -0.069341 -0.076368 -0.058662 -0.024653 -0.011557 -0.002332 -0.050241 -0.042725 -0.004015
0.514819 0.753535 0.159439 0.121095 0.166877 0.223272 0.015515 0.232064 0.071623 0.647831 0.317986 -0.061332 -0.793872 -0.728854 -0.395548 -0.085528 -0.042587 0.441708 -0.251404 -0.543810 -1.131694 -0.726661 -0.566429 -0.815572 -0.772935 -0.152838 1.089297 1.248131 -0.037056 -0.018111 -0.018233 -0.055587 -0.020444 -0.297470 0.036724 -0.945638 -0.843592 -0.394291 -0.023773 -0.049736 -0.042766 -0.020599 -0.045739 -0.013796 -0.026989 -0.030873 -0.073068 -0.211610 -0.040763 -0.061128 -0.122329 -0.081061 -0.034225 -0.039299 -0.010918 -0.114370 -0.099611 -0.040373
1.376418 1.098317 0.076324 0.000000 0.814242 0.574653 0.348899 0.387825 0.372831 0.559136 0.054560 0.033253 0.212169 1.025846 0.087636 0.147419 0.116130 0.924357 -0.372807 -0.818216 -1.191290 -0.816498 -0.684213 -0.961039 -0.779503 -0.365647 0.907060 1.619189 0.036304 -0.022437 -0.034108 -0.078202 -0.006963 -0.000475 0.004478 -0.643135 -0.411554 -0.281955 -0.042774 -0.087114 -0.048298 -0.035431 -0.031838 -0.027960 -0.054192 -0.032705 -0.124241 -0.236199 -0.035260 -0.045302 -0.113522 -0.136803 -0.053385 -0.776992 -0.734839 -0.344408 -0.263660 -0.216503
0.331656 0.239183 0.092010 1.478490 1.169456 0.564456 0.410684 0.484042 0.560528 0.026273 0.025850 0.026659 0.094569 0.120404 0.063236 0.036075 0.941889 2.047043 0.054856 -0.277993 -0.762934 -0.633114 -0.482872 -0.957293 -0.758689 -0.368214 0.807271 1.235109 0.379142 -0.754950 -0.074942 -0.191187 -0.079218 -0.080351 -0.110505 -0.261949 0.210031 -0.195528 -0.214877 -0.530930 -0.059677 -0.051318 -0.019870 -0.039374 -0.096495 -0.024458 -0.120695 -0.914083 -0.076561 -0.021392 -0.479535 -0.119851 -1.372390 -0.316468 0.018501 0.002772 -0.023124 0.151897
0.127040 0.090830 0.132604 0.510182 0.783282 0.132462 0.011842 0.024268 0.010081 0.010153 0.011026 0.056835 0.086411 0.010141 0.005589 0.021636 0.015480 0.011696 0.028048 0.591863 0.364967 -0.260496 -0.656085 -0.755004 -0.541371 -0.243463 0.909942 1.211534 0.733111 -0.173723 -0.564594 -0.256462 -0.068036 -0.060104 0.002430 0.029834 0.003946 -0.102650 -0.100037 -0.461425 0.066813 -2.052161 -1.743360 -1.766050 -0.752498 -0.053835 -0.039196 -0.396641 -0.439239 -0.023161 0.030116 0.512210 -0.727735 -0.159309 0.318613 0.081956 -0.040150 0.200615
0.149137 0.135215 0.063136 0.365950 0.234480 0.014633 0.000752 0.013275 0.000992 0.001105 0.000255 0.067428 0.109497 0.000008 0.000346 0.007856 0.004928 0.004215 0.002950 0.050179 0.028710 -0.149466 -0.674607 -0.512874 -0.272842 -0.064700 1.103528 1.487543 1.059872 0.153102 -0.347623 -0.048498 -0.014209 -0.012921 -0.000055 0.000140 0.000222 0.000003 -0.021177 0.424147 0.891664 -1.523411 -1.380230 -0.408522 0.033866 -0.199137 -0.017249 0.004302 -0.013407 0.153735 1.161761 1.070960 -0.242843 -0.119569 0.356533 0.020304 -0.100247 -0.008710
0.127466 0.141949 0.081124 0.478951 0.002189 0.080199 0.000995 0.000342 0.001010 0.001390 0.000014 0.083170 0.079321 -0.006345 -0.000180 0.000180 0.000222 0.025017 0.004892 0.025349 0.011631 0.010274 -0.510483 -0.512196 -0.063449 0.238408 1.252702 0.993561 1.055052 0.441033 -0.148673 0.067693 -0.008863 -0.009931 -0.000135 -0.000138 -0.000222 -0.004703 -0.003434 0.368446 0.758944 -0.748826 -0.832316 -0.178374 0.127096 -0.112763 -0.008175 0.437416 1.073081 1.037974 1.404148 0.923541 0.164484 -0.052468 0.379936 -0.165572 -0.241876 -0.307710
0.099049 0.151922 0.081182 0.251361 0.005532 0.016731 0.000157 -0.000033 -0.000023 0.000222 -0.000181 0.310237 -0.025629 -0.025485 -0.007891 -0.000346 -0.000004 0.007508 0.001899 0.000365 0.000192 0.016380 -0.109860 -0.473779 0.484428 1.027800 1.632397 0.699768 1.699290 0.663116 -0.014517 0.082714 0.003542 -0.002499 -0.011735 -0.005211 -0.008036 -0.020048 0.050661 0.517070 0.354612 -0.540084 -0.545547 -0.224432 -0.032975 -0.150518 0.232886 0.866419 1.917964 1.585530 1.388262 0.444316 0.038846 0.128851 0.558939 -0.257517 -0.482590 -0.506707
0.076036 0.151032 0.002363 0.018560 0.005187 -0.000019 -0.000269 -0.000164 -0.000323 -0.000222 -0.006406 0.379447 -0.262105 -0.078731 -0.018965 -0.006276 -0.000885 -0.000031 -0.000000 -0.000257 -0.000160 0.006395 0.019106 0.010875 0.152481 0.213605 0.640292 0.650500 1.062933 1.481404 0.152821 -0.013039 0.013292 -0.112986 -0.018952 -0.015736 -0.016233 -0.732099 0.363650 0.488525 0.574997 -0.433463 -0.351816 -0.123437 -0.086560 -0.223177 0.256276 1.135772 2.387923 1.371432 0.526059 0.010520 -0.062001 0.244759 0.801555 -0.109607 -0.586203 -0.434940
0.000308 0.000315 0.000277 0.000000 0.000000 -0.011537 -0.025623 -0.009267 -0.007836 -0.008612 0.054445 0.515446 -0.333201 0.012046 -0.011509 -0.012650 -0.000709 -0.011164 -0.006262 0.004759 0.154284 -0.122850 0.037240 0.000000 0.005555 0.014660 0.914155 0.978230 0.884896 1.174281 0.608897 0.014912 -0.057053 -0.113388 -0.130332 -0.102821 -0.103204 -0.004967 0.285587 0.376881 0.633141 -0.153987 -0.211648 -0.082604 -0.085512 -0.409617 0.376085 1.398047 2.671299 1.175430 0.307228 0.006546 -0.087395 0.353566 1.007949 -0.285045 -0.614416 -0.380577
-0.040938 -0.001059 -0.002165 -0.011332 -0.012082 -0.006528 -0.111720 -0.100001 -0.013591 -0.017867 0.134570 0.416437 -0.405474 0.026651 -0.001717 -0.002371 -0.011417 -0.021581 -0.021442 0.023830 0.160268 -0.211963 0.398388 -0.045300 0.300314 0.508907 1.684501 1.777127 1.943407 0.406089 0.256819 0.131976 -0.080548 -0.106818 -0.074489 -0.040212 0.309285 0.205697 0.353863 0.418480 0.561766 0.005478 -0.185146 -0.064678 -0.103534 -0.389332 0.451992 1.687273 2.314872 1.052575 0.132385 0.010286 -0.109916 0.506896 1.221386 -0.312504 -0.163326 0.021719
-0.025017 -0.098376 -0.025417 -0.052544 -0.073583 -0.025464 -0.056000 -0.048393 -0.002968 -0.003155 0.336375 0.352335 -0.263181 0.009478 -0.008239 -0.005218 -0.026025 -0.021438 -0.016548 0.048286 0.019151 -0.532539 0.760305 0.262826 0.612971 0.992674 1.802060 1.646071 1.330804 0.005082 0.000922 0.000224 -0.065281 -0.045628 -0.070578 -0.021894 0.752989 0.072149 0.174090 0.015421 0.042913 0.011375 0.005893 0.000927 -0.094892 -0.422156 0.500540 1.760083 2.571420 1.074925 0.034841 0.018672 0.000564 0.005775 0.014862 -0.077376 -0.325356 0.256446
-0.355301 -0.012049 -0.264511 -0.018345 -0.032160 -0.028503 -0.046485 -0.046286 -0.001573 -0.001839 0.018912 0.025047 0.003663 0.012349 0.000815 -0.014142 -0.019544 0.218182 0.085678 0.044079 -0.003543 -0.215536 1.364718 0.528675 0.588600 1.516677 1.327689 1.001632 0.573919 0.003667 -0.000056 -0.000186 -0.014943 0.080794 0.015807 0.036339 0.920434 -0.126211 -0.026876 0.015875 0.000123 0.000208 0.000003 0.000055 0.030481 -0.300143 0.731264 2.154191 2.662907 1.051601 0.390402 0.049218 -0.000066 0.000003 0.000208 0.002417 -0.233851 0.279381
-0.322975 0.187947 -0.183984 -0.013264 -0.025795 -0.031044 -0.041100 -0.045201 -0.001472 -0.002759 0.000000 0.000000 0.000000 0.000000 -0.000053 -0.000761 0.059139 0.430121 0.083409 1.078265 0.742949 0.417674 2.132848 0.896646 0.839115 2.221658 1.511156 0.971183 0.302648 0.800292 -0.000970 0.006919 0.045935 0.128731 0.099236 0.131119 1.114134 -0.115035 0.130867 0.068463 -0.000141 -0.000326 -0.015628 -0.001352 0.116939 0.008916 0.974386 2.046900 1.613850 0.507086 0.086156 0.108487 0.072740 -0.005981 -0.000326 0.014336 -0.110931 0.383057
-0.203850 0.216873 -0.067394 -0.096547 -0.291165 -0.382739 -0.489933 -0.261394 -0.008921 -0.049844 -0.018672 -0.030855 -0.006220 -0.016181 0.079674 0.235283 0.109821 0.747641 2.071689 1.710533 1.115949 0.653762 2.061394 0.267897 0.461152 0.960344 1.414328 1.283919 0.921813 0.039422 0.074318 0.041935 0.164066 0.180891 0.111954 0.013152 0.036761 0.071110 0.397216 0.197278 0.253221 0.010801 -0.156478 0.976604 0.848618 0.651214 1.091591 1.921942 2.323368 0.577792 0.151431 0.164304 0.164684 0.130756 0.020195 0.037583 0.029512 0.364594
0.053384 0.487578 0.162807 -0.104899 -0.335673 -0.092104 -0.169588 -0.237809 0.002895 -0.087746 0.442638 -0.188247 -0.017698 0.042529 0.458635 0.549828 0.649475 2.428431 0.991117 0.597665 1.216670 0.033392 0.023550 0.013018 0.880480 1.017276 0.304175 0.108882 0.066457 0.073212 0.047416 0.049599 0.166415 0.130994 0.023903 0.015316 0.026107 0.048200 0.075065 0.325591 0.058854 0.032299 1.499720 1.892429 1.330670 1.032736 1.020135 1.600841 0.072604 0.052757 0.036616 0.047358 0.039970 0.094375 0.054206 0.023908 0.082886 0.652506
0.545655 0.138364 0.108074 -0.074943 0.045922 0.145587 0.033463 -0.081877 0.187579 0.100446 0.999330 -0.031210 0.159548 0.386314 0.985806 1.341237 0.928233 0.454167 0.029584 0.041136 0.023077 0.022267 0.004550 0.012428 1.275737 0.962867 0.035580 0.020269 0.066158 0.053598 0.037902 0.049488 0.073236 0.049107 0.020785 0.013741 0.019992 0.052720 0.116092 0.198827 0.079294 0.085997 2.310114 2.646126 2.132876 0.704594 0.026213 0.020950 0.041920 0.028156 0.041439 0.038899 0.047676 0.034234 0.132098 0.073671 0.052652 0.368211
0.239182 0.163857 0.075164 0.058498 0.429455 0.367139 0.252922 0.225233 0.386428 0.299219 1.380386 0.156432 0.099900 0.272323 0.055763 0.023786 0.074906 0.087487 0.020609 0.012444 0.015647 0.004815 0.000132 0.008890 1.368454 0.747473 0.033615 0.032361 0.069544 0.021286 0.022864 0.018295 0.064387 0.019883 0.009983 0.012204 0.006516 0.045393 0.167947 0.140626 0.189933 0.065071 1.714140 1.745779 1.438434 0.090602 0.000339 0.009861 0.022673 0.023340 0.032242 0.017110 0.033426 0.038075 0.105912 0.039622 0.049958 0.188100
