use_cases/Flooding_chicago/flooding_data/output/hUy_3540.asc
ncols 337
nrows 393
xllcorner 428428.000000
yllcorner 4602440.000000
cellsize 26.757400
NODATA_value -9999.000000
[rows 104 to 129 of 393, columns 177 to 235 of 337]
0.151391 0.081630 0.103200 0.111205 -0.000893 -0.000342 -0.001040 -0.000258 -0.000042 -0.000020 0.000001 -0.000003 -0.001822 -0.292479 0.108378 0.853397 2.235181 1.409142 0.180480 -0.475682 -0.288188 -0.220252 -0.040504 -0.154064 -0.274436 -0.088317 -0.025228 0.697163 0.505401 0.302545 -0.060695 0.334792 0.320529 0.212135 0.652633 0.000171 0.000443 -0.105003 -1.208704 -0.359075 -0.199305 -0.150340 -0.252442 0.563113 0.998861 0.089620 -0.070406 -0.023533 -0.301495 0.237609 -0.001190 -0.019451 -0.000087 -0.001230 0.391248 0.833199 1.036255 0.701929 0.419113
0.000901 0.381263 0.411835 0.223299 -0.066124 -0.645622 -0.820244 -0.003639 -0.000423 -0.000019 -0.000006 -0.000002 -0.024905 -0.011639 1.197777 2.098492 2.660475 1.468300 -0.006693 -0.769855 -0.451010 -0.380400 -0.145142 -0.294102 -0.431963 -0.146103 -0.300124 0.645971 0.391280 0.232949 -0.069035 0.547404 0.552197 0.148505 0.000763 0.000147 0.000006 0.000000 -0.417174 -0.368787 -0.182340 -0.143504 -0.129027 0.411018 0.448563 0.000002 0.000002 -0.002670 -0.188110 0.367992 0.193034 0.038783 -0.054949 -0.137971 0.414678 0.880931 1.194327 0.714175 0.453490
0.000002 0.000193 0.000200 0.321604 1.236402 0.074579 -1.094805 -0.583533 -1.022774 -0.009814 -0.000082 -0.000210 0.134075 0.547885 1.583812 2.474102 3.026024 2.037791 -0.093711 -1.143844 -0.508933 -0.436604 -0.140274 -0.268109 -0.403792 -0.078970 -0.441746 0.773033 0.547379 0.273985 0.222697 1.612953 0.137381 0.001011 0.000268 0.000002 0.000000 -0.000000 -0.180387 -0.221667 -0.320519 -0.121666 -0.064287 0.105631 0.002141 -0.000002 -0.000002 0.083028 0.203674 0.350589 0.001401 0.000070 -0.073468 -0.075150 0.439534 1.192100 1.250630 0.747095 0.558972
-0.000000 0.000003 0.000079 1.192504 1.732755 0.431358 -0.404639 -0.744164 0.042093 0.464060 -0.000695 0.002430 1.950397 1.705635 2.351976 2.728428 3.474747 3.299713 1.287924 -0.732520 -0.304127 -0.368404 0.085136 -0.029079 -0.214876 0.180514 -0.321423 1.385480 0.002326 0.001722 0.000550 0.000899 0.001090 0.000850 0.000017 -0.000000 -0.000000 -0.000115 -0.085319 -0.284862 -0.513192 -0.189645 -0.128063 -0.260464 0.000827 0.228050 0.129962 0.042920 0.464443 0.251298 0.092140 -0.076720 -0.175481 -0.050558 0.485593 1.342617 1.083310 0.356192 0.271199
-0.009097 -0.000000 0.000000 0.537428 1.788720 0.493081 -0.055095 -0.171260 0.229051 0.108017 -0.040119 0.090772 1.154815 0.050363 0.000421 0.000559 0.000146 0.000297 0.001255 0.001788 -0.082205 -0.213709 0.507525 0.264904 -0.037222 0.694066 0.379168 0.002140 0.001539 0.000544 0.000273 0.000114 0.000133 0.000486 0.000196 -0.000001 0.000002 -0.001642 -0.340668 -0.786847 -0.990282 -0.682028 0.752881 0.162335 0.363760 0.490942 0.219124 0.931142 0.877924 0.533207 0.209599 -0.311184 -0.812749 0.023076 0.391226 1.217200 0.634728 0.266442 0.200460
0.366107 -0.020209 -0.000035 0.652497 2.364181 0.297416 -0.011162 -0.056485 0.487121 0.044907 0.016108 0.000398 0.000326 0.000565 0.000157 0.000004 0.000006 0.000002 0.000000 0.000002 0.000003 0.018455 0.196733 0.438478 0.003710 0.002198 0.002920 0.000924 0.000478 0.000279 0.000000 0.000000 0.000003 0.000003 0.000092 -0.000001 0.000000 0.000000 0.000891 -0.252619 -0.452114 0.146555 1.164797 0.541383 0.494143 0.617856 0.682417 0.439340 0.282114 0.119031 0.023905 -0.298329 -0.217731 0.088417 0.278480 1.071738 0.397005 0.282953 0.153880
0.093786 0.362031 -0.130820 0.937473 1.742187 0.545378 0.012617 -0.011567 0.099953 0.126088 0.000000 0.000000 0.000001 0.000002 -0.000000 -0.000003 -0.000005 -0.000002 -0.000000 0.000007 0.000037 0.142278 0.218630 0.001402 0.001746 0.001881 0.003718 0.000042 0.000006 0.000263 -0.000400 -0.000072 -0.000003 -0.000003 -0.000000 -0.000000 -0.000000 -0.000001 0.006128 -0.035471 -0.360092 0.634894 1.049542 0.406864 0.011235 0.000657 0.000173 0.002408 0.000265 0.000336 0.000002 -0.156669 -0.187292 0.014919 0.231975 1.063724 0.463517 0.280107 0.169228
0.125984 0.656511 0.955849 0.686237 0.908064 0.000083 0.003412 0.000009 0.136907 0.226642 -0.000000 -0.000000 -0.000002 -0.000004 -0.000717 -0.000508 -0.000389 -0.000195 -0.000285 0.000043 0.001953 0.221484 0.000604 0.000484 0.000515 0.001252 0.001876 0.001902 0.000149 -0.000338 -0.003420 -0.000044 -0.000329 -0.000289 -0.000145 -0.000147 -0.000000 -0.000383 0.798857 0.129775 -0.506093 0.526235 0.847963 0.001269 0.000250 0.000518 0.000145 0.000927 0.000094 0.000370 0.000001 -0.316825 -0.457468 -0.055871 0.228021 1.267801 0.597603 0.358062 0.296005
0.324874 1.247271 1.513006 0.054108 0.000152 0.000043 0.000233 0.000001 0.098791 0.298392 -0.000156 -0.000855 -0.000551 -0.000233 -0.000652 -0.006753 -0.008091 -0.009518 -0.008403 0.002559 0.001199 0.215666 0.000000 0.000000 0.000005 0.000270 0.000392 0.000396 0.000165 -0.000039 -0.005482 -0.002111 -0.001781 -0.001071 -0.000473 -0.000651 -0.000210 -0.031174 1.579631 -0.042940 -1.010593 -0.006379 0.614415 0.000522 0.000002 0.000245 0.000001 0.000003 0.000002 0.000381 0.000100 -0.019396 -0.407807 -0.076547 0.218046 1.240145 0.791447 0.635494 0.390972
0.266847 1.147779 1.881938 0.012513 0.000001 0.000001 0.000001 0.000000 0.066475 0.672225 0.163453 -0.001478 -0.073916 -0.437262 -0.002224 -0.001332 -0.002023 -0.001448 0.000003 0.000066 0.000000 0.140813 0.000000 -0.000000 -0.000000 0.000000 0.000003 0.000010 0.000001 -0.000005 -0.003292 -0.005368 -0.003533 -0.003776 -0.001522 -0.001215 -0.032704 1.453257 1.885210 -0.297988 -1.282861 -0.390047 0.110808 0.010564 0.000013 0.000000 0.000001 -0.000002 -0.000001 0.000159 0.000063 0.000315 0.108090 -0.012465 0.174066 0.997844 0.774233 0.552118 0.519682
0.121043 0.981457 1.753410 0.001585 0.000001 0.000001 -0.000000 -0.000000 0.000004 0.544776 0.172053 0.052773 -0.062022 -0.214284 -0.000221 -0.016899 -0.000204 -0.000000 -0.000000 0.000000 -0.000000 0.177724 -0.000001 -0.000172 -0.000105 -0.000217 -0.000005 -0.000010 -0.000001 -0.000004 -0.000085 -0.003165 -0.004445 -0.032390 -0.020077 -0.017530 0.595445 1.756155 2.986914 -0.443855 -1.516887 -0.396064 0.582433 0.001479 0.001168 0.001159 -0.000000 -0.000002 -0.000232 -0.000000 -0.000000 0.000001 0.000004 0.000877 0.183207 1.131224 1.219301 0.809789 0.853420
0.205912 0.959360 1.707421 0.000001 0.000001 -0.000001 -0.000001 -0.000577 0.000200 0.470737 0.196481 0.067178 -0.014297 -0.154230 -0.041155 -0.088003 0.044154 -0.000197 -0.000068 -0.000088 0.043187 0.169638 0.028294 -0.000665 -0.000542 -0.000644 -0.000314 -0.000371 -0.000040 -0.000000 -0.000018 -0.000081 -0.000076 0.000031 -0.001989 0.059462 0.208712 1.670232 2.923997 -0.122620 -0.780758 0.600779 0.007139 0.000400 0.000443 0.000578 0.000004 -0.000010 -0.001002 -0.000152 -0.000004 -0.000000 0.000003 0.000000 0.326166 1.301564 1.331703 0.951250 1.150264
0.260363 0.956706 1.494008 0.000000 -0.000001 -0.000145 -0.000102 -0.417922 0.150951 0.455759 0.224565 0.067439 -0.013031 -0.101888 -0.036237 -0.069234 0.210430 0.004634 -0.061061 -0.438808 0.307929 0.063440 0.241563 -0.067814 -0.002376 -0.000741 -0.000871 -0.000305 -0.000464 -0.000077 -0.000008 -0.000000 0.000010 -0.000061 -0.000002 0.137603 0.180126 0.038138 0.008218 0.070036 0.120902 0.021874 0.005873 0.000001 0.000007 0.000037 0.000001 -0.000001 -0.000876 -0.000922 -0.000006 -0.000882 -0.000007 0.008405 0.565545 1.511778 1.541561 1.060813 1.145341
0.342820 0.742745 0.814091 -0.177591 -0.000070 -0.000469 -0.450002 0.083260 0.676038 0.677237 0.245904 0.028139 -0.078371 -0.232632 -0.037743 0.022876 0.212039 -0.041096 -0.067762 -0.628031 0.062381 0.105413 0.212809 -0.025604 -0.000184 -0.000035 -0.001083 -0.000161 -0.037020 -0.035400 -0.000030 -0.006781 -0.000233 -0.000030 0.186273 0.196292 0.133384 0.000280 0.000408 0.000264 0.044975 0.008801 0.005301 -0.000000 -0.000003 0.000018 0.000001 -0.000001 -0.000431 -0.002019 -0.000465 -0.002080 0.076188 0.026687 1.371571 2.206638 2.008597 1.243088 1.151880
0.532329 0.743567 0.429532 -0.489679 -0.488887 -0.408911 -0.211769 0.586192 0.625152 0.386578 -0.006419 -0.056207 -0.138264 -0.302221 -0.058325 -0.009634 0.223843 -0.058398 -0.059333 -0.149713 0.048509 0.091514 0.171211 -0.035295 -0.000067 0.000572 -0.000066 -0.001072 -0.001195 0.016987 0.000238 -0.064774 -0.007629 0.008562 0.193892 0.000419 0.000349 0.000017 0.000009 0.000004 0.003097 0.016716 0.013746 0.000450 -0.000002 -0.000003 -0.000001 -0.000142 -0.000003 -0.001725 -0.002335 0.285631 0.124813 0.020427 2.024719 2.454402 2.064489 1.172965 1.125624
0.664043 0.396397 0.381493 0.036514 -0.151577 -0.149070 -0.205858 0.094920 0.164876 0.039751 -0.041327 -0.107308 -0.178564 -0.324232 -0.134320 -0.110860 0.228605 -0.080198 -0.123147 -0.239158 0.020681 0.069459 0.109587 0.016761 -0.000013 0.000000 0.000019 0.000840 0.027512 0.034536 0.001913 0.061828 0.006739 0.044485 0.164101 0.000007 0.000017 0.000030 0.000004 0.000012 0.002209 0.011264 0.004005 0.000102 -0.000002 -0.000003 -0.000001 -0.000436 -0.000330 -0.001189 0.034632 0.392927 1.539724 1.368069 2.574336 2.718626 2.173706 1.188685 0.544935
0.536408 0.338275 0.056773 0.011213 0.073866 0.224787 -0.187938 -0.098525 0.057853 -0.142786 -0.054102 -0.136428 -0.195714 -0.285057 -0.140078 -0.143776 0.207455 -0.215859 -0.250195 -0.241497 -0.007935 0.044761 0.038734 0.078115 0.000002 0.000007 0.000320 0.000221 0.010393 0.000697 0.000404 0.008971 0.026069 0.014789 0.011887 0.000013 0.000037 -0.000014 -0.000007 0.000092 0.000016 0.072479 -0.184857 0.000113 -0.000002 -0.000010 -0.000135 -0.000476 -0.000927 -0.331735 1.740794 1.610671 2.225486 1.861771 4.493366 3.672343 2.140411 0.917264 -0.025586
0.154430 0.101043 -0.059043 -0.061351 0.000000 0.284092 0.173496 0.049639 0.243268 -0.218346 -0.067143 -0.270824 -0.431175 -0.464492 -0.307153 0.031997 0.146927 -0.263074 -0.328823 -0.249278 -0.134805 0.019324 -0.040555 0.165403 0.000010 0.000849 0.000417 0.000094 0.001677 0.002237 0.001373 0.011693 0.002689 0.000551 0.004471 0.000077 0.000047 -0.000018 -0.000070 -0.000048 -0.000011 0.109028 -0.298879 -0.098191 -0.029862 -0.017200 -0.008844 -0.004329 -0.375170 0.218809 2.462397 2.292902 1.595142 0.915042 2.702617 2.661562 2.002235 0.616194 -0.088213
0.068979 0.000001 -0.044808 -0.070503 0.040939 0.264789 0.259534 0.210208 0.480063 0.045479 0.011368 -0.209697 -0.361550 -0.354808 -0.308894 0.059970 0.111927 -0.301618 -0.383970 -0.333895 -0.125491 -0.024848 -0.081168 0.351732 0.001184 0.000356 0.000283 0.000073 0.002234 0.003975 0.007182 0.005172 0.000002 0.000000 0.000015 0.000134 0.000008 -0.000024 -0.000130 -0.004141 -0.020891 0.491648 -0.121244 -0.210896 -0.079292 -0.046974 -0.021260 -0.009732 -0.544005 0.158736 2.741223 1.555588 1.916113 1.206958 1.630268 2.576588 2.225349 0.774336 0.074922
-0.019345 -0.008383 -0.001932 -0.282028 0.071600 0.447515 0.384920 0.225169 0.001185 -0.028794 0.039400 -0.162078 -0.268012 -0.243256 -0.187499 0.057378 0.072374 -0.324257 -0.514272 -0.319608 -0.132257 -0.034148 -0.069980 0.000243 0.000351 0.000132 0.000003 0.000002 0.000140 0.013518 0.000260 0.000393 0.000003 -0.000000 0.000012 -0.000051 -0.000029 -0.000000 0.000011 -0.001128 -0.392973 1.102989 -0.017451 -0.023029 0.041747 0.016877 0.009443 0.008321 0.012296 0.004152 0.565420 0.905386 2.492248 2.302651 1.868172 1.472512 2.174862 0.911898 0.020499
-0.200809 0.233688 -0.006504 -0.387727 -0.036908 0.407067 0.291447 0.000000 0.000000 0.025124 0.064912 -0.145750 -0.254868 -0.153048 -0.163791 0.024894 0.007307 -0.448649 -0.541143 -0.471539 -0.298172 0.000005 0.000001 0.000000 0.000000 -0.000000 -0.000002 -0.000001 0.138172 0.001459 0.000134 0.000159 0.000002 -0.000026 -0.000063 -0.000093 -0.002386 -0.002491 0.000407 -0.139644 -0.590844 1.394128 0.035687 0.020406 0.013464 0.000987 0.001259 0.002010 0.000712 0.000814 0.001646 0.078469 3.883058 3.252027 1.910129 1.002673 0.560407 0.281472 0.106301
-0.189534 0.263808 -0.002670 -0.116253 -0.150599 0.204061 0.279504 0.383071 -0.000744 0.114901 0.091772 -0.112891 -0.171419 -0.036350 -0.069962 0.003442 -0.059465 -0.458648 -0.549183 -0.339303 -0.194005 0.000014 -0.000001 -0.000292 -0.000001 -0.000177 -0.000254 -0.000195 0.000142 0.000000 0.000001 0.000000 0.000001 -0.000010 -0.000166 -0.000252 -0.030436 -0.023121 0.299880 -0.049741 -0.284711 1.921527 0.007376 0.000127 0.013242 0.007018 0.000099 0.000013 0.000088 0.000010 0.000642 0.000088 6.546906 5.622482 2.279921 0.035365 0.013029 0.015817 0.010402
0.010273 0.002861 -0.014497 0.019446 -0.082464 0.068398 0.096958 0.401047 0.196598 0.383389 0.114266 -0.079793 -0.132194 -0.130735 -0.215937 -0.098967 -0.068925 -0.445796 -0.535760 -0.367221 -0.227453 -0.000032 -0.000033 -0.000804 -0.000263 -0.000454 -0.000575 -0.000468 -0.000165 -0.000000 -0.000001 -0.000000 0.000001 0.000001 -0.000087 -0.000100 -0.001666 -0.224570 0.792074 0.309493 -0.072424 0.000672 0.000057 0.001749 0.005221 0.006635 0.002990 0.000006 0.000000 0.000036 0.000026 0.000213 7.045956 6.213295 0.412518 0.003502 0.001137 0.009085 0.004388
0.006556 0.000106 -0.003203 0.171459 -0.034722 0.050586 -0.016537 0.000517 0.000096 0.376637 0.098932 -0.020354 -0.005786 -0.091349 -0.261664 -0.141568 -0.052415 -0.456485 -0.580240 -0.489280 -0.258701 -0.000159 -0.000177 -0.002260 -0.000773 -0.000541 -0.000037 -0.002773 -0.000589 -0.001822 -0.000114 -0.000104 -0.000002 0.000002 0.000027 0.000487 0.022729 -0.162710 0.344874 0.244434 0.007897 0.000032 0.000001 0.000081 0.002716 0.004329 0.002116 0.000120 0.000455 0.000262 0.000101 0.000173 5.531210 5.403239 0.534410 0.004358 0.000169 0.009244 0.000823
0.000270 0.000028 -0.039710 0.140941 -0.021793 0.000030 0.000034 0.000275 0.001104 0.314453 0.066232 0.041273 0.110405 0.005040 -0.151994 -0.116486 -0.034588 -0.409464 -0.534968 -0.437568 -0.214994 0.015320 0.081553 -0.314326 -0.002402 -0.000006 -0.000007 -0.000078 -0.095697 -0.005468 -0.014511 -0.020127 -0.000010 0.000004 0.000012 0.004795 0.006013 0.001637 0.082984 0.006059 0.004404 0.000262 -0.000001 -0.000000 0.000529 0.001301 0.000615 0.000996 0.004812 0.000370 0.000009 0.001585 2.745059 5.890965 2.281465 0.920289 0.000093 0.004517 0.000546
0.000073 0.000014 -0.046662 0.106455 0.006907 0.000059 0.000016 0.000025 0.001389 0.000816 0.001891 0.289618 0.254862 0.119860 -0.158389 -0.063031 -0.007005 -0.404959 -0.594246 -0.414495 -0.232456 0.004686 0.101509 -0.365014 -0.000019 -0.000005 -0.000067 -0.000879 -0.033564 -0.153112 -0.001295 0.022970 0.036195 0.000018 0.000213 0.001316 0.001272 0.000461 0.028585 0.000453 0.000545 0.002245 -0.000552 -0.001880 0.001197 0.000000 0.000037 0.000501 0.000252 0.000003 -0.000010 -0.000129 2.014099 7.769838 3.715625 2.068785 1.010494 0.000993 0.002627
