use_cases/Flooding_chicago/flooding_data/output/hUy_3300.asc
ncols 337
nrows 393
xllcorner 428428.000000
yllcorner 4602440.000000
cellsize 26.757400
NODATA_value -9999.000000
[rows 52 to 77 of 393, columns 232 to 289 of 337]
0.004778 0.003421 0.014894 0.000281 0.000012 0.000049 0.000076 0.000002 0.000000 0.000000 -9999.000000 -9999.000000 -9999.000000 -9999.000000 -9999.000000 -9999.000000 -9999.000000 -9999.000000 -9999.000000 -9999.000000 -9999.000000 -9999.000000 -9999.000000 -9999.000000 -9999.000000 -9999.000000 -9999.000000 -9999.000000 -9999.000000 -9999.000000 -9999.000000 -9999.000000 -9999.000000 -9999.000000 -9999.000000 -9999.000000 -9999.000000 -9999.000000 -9999.000000 -9999.000000 -9999.000000 -9999.000000 -9999.000000 -9999.000000 -9999.000000 0.331723 1.833480 1.319467 1.228222 1.553934 1.864417 0.387431 0.295695 0.148792 0.000100 0.000276 0.002220 -0.006182
0.000136 0.000056 0.000015 -0.001219 -0.000013 -0.000065 -0.000097 -0.002993 -0.001313 0.000333 -9999.000000 -9999.000000 -9999.000000 -9999.000000 -9999.000000 -9999.000000 -9999.000000 -9999.000000 -9999.000000 -9999.000000 -9999.000000 -9999.000000 -9999.000000 -9999.000000 -9999.000000 -9999.000000 -9999.000000 -9999.000000 -9999.000000 -9999.000000 -9999.000000 -9999.000000 -9999.000000 -9999.000000 -9999.000000 -9999.000000 -9999.000000 -9999.000000 -9999.000000 -9999.000000 -9999.000000 -9999.000000 -9999.000000 -9999.000000 0.000105 0.000956 1.549482 1.148477 1.410317 1.546810 2.108720 0.656451 0.549529 0.204386 -0.000023 0.000324 0.000215 -0.002724
-0.000225 -0.000074 -0.000015 -0.132385 -0.002611 -0.002093 -0.002131 -0.008669 -0.003031 0.001808 -9999.000000 -9999.000000 -9999.000000 -9999.000000 -9999.000000 -9999.000000 -9999.000000 -9999.000000 -9999.000000 -9999.000000 -9999.000000 -9999.000000 -9999.000000 -9999.000000 -9999.000000 -9999.000000 -9999.000000 -9999.000000 -9999.000000 -9999.000000 -9999.000000 -9999.000000 -9999.000000 -9999.000000 -9999.000000 -9999.000000 -9999.000000 -9999.000000 -9999.000000 -9999.000000 -9999.000000 -9999.000000 -9999.000000 -9999.000000 -0.000051 0.000530 1.092270 1.051513 1.078573 1.450389 1.983388 0.874087 0.770890 0.252554 -0.000401 -0.000113 0.000245 -0.000939
-0.002647 -0.001923 -0.000041 -0.179084 -0.128936 -0.003468 -0.003563 -0.015320 -0.000991 0.011025 -9999.000000 -9999.000000 -9999.000000 -9999.000000 -9999.000000 -9999.000000 -9999.000000 -9999.000000 -9999.000000 -9999.000000 -9999.000000 -9999.000000 -9999.000000 -9999.000000 -9999.000000 -9999.000000 -9999.000000 -9999.000000 -9999.000000 -9999.000000 -9999.000000 -9999.000000 -9999.000000 -9999.000000 -9999.000000 -9999.000000 -9999.000000 -9999.000000 -9999.000000 -9999.000000 -9999.000000 -9999.000000 -9999.000000 -9999.000000 1.274337 1.163460 1.085148 1.085131 1.002198 1.181964 1.752977 1.071598 1.077748 0.926230 -0.000612 -0.000199 0.000183 -0.000192
-0.010500 -0.019144 -0.000722 0.087928 -0.064379 -0.066609 -0.035696 -0.103296 0.000801 0.006172 0.000619 0.000836 0.000044 -9999.000000 -9999.000000 -9999.000000 -9999.000000 -9999.000000 -9999.000000 -9999.000000 -9999.000000 -9999.000000 -9999.000000 -9999.000000 -9999.000000 -9999.000000 -9999.000000 -9999.000000 -9999.000000 -9999.000000 -9999.000000 -9999.000000 -9999.000000 -9999.000000 -9999.000000 -9999.000000 -9999.000000 -9999.000000 -9999.000000 -9999.000000 -9999.000000 -9999.000000 -9999.000000 -9999.000000 1.943108 1.530442 1.973321 1.532156 1.475041 1.622419 1.998803 1.214755 1.387307 1.269822 -0.000249 -0.000036 0.000000 0.000129
-0.009547 0.000055 0.000055 0.000057 -0.033772 -0.026700 -0.154721 0.009050 0.018782 -0.002680 -0.048883 -0.005060 -0.011826 -9999.000000 -9999.000000 -9999.000000 -9999.000000 -9999.000000 -9999.000000 -9999.000000 -9999.000000 -9999.000000 -9999.000000 -9999.000000 -9999.000000 -9999.000000 -9999.000000 -9999.000000 -9999.000000 -9999.000000 -9999.000000 -9999.000000 -9999.000000 -9999.000000 -9999.000000 -9999.000000 -9999.000000 -9999.000000 -9999.000000 -9999.000000 -9999.000000 -9999.000000 -9999.000000 0.000826 2.284637 2.452113 2.778938 2.391263 1.987040 1.748466 2.026170 1.409435 1.321714 1.046723 -0.069496 -0.016461 -0.001133 -0.002272
-0.000508 -0.000055 -0.000055 0.000053 -0.010851 -0.015240 -0.072675 0.072257 0.080830 0.002368 -0.127598 -0.062752 -0.128208 0.057327 0.091681 -9999.000000 -9999.000000 -9999.000000 -9999.000000 -9999.000000 -9999.000000 -9999.000000 -9999.000000 -9999.000000 -9999.000000 -9999.000000 -9999.000000 -9999.000000 -9999.000000 -9999.000000 -9999.000000 -9999.000000 -9999.000000 -9999.000000 -9999.000000 -9999.000000 -9999.000000 -9999.000000 -9999.000000 -9999.000000 -9999.000000 -9999.000000 -9999.000000 0.310853 1.679194 2.643481 3.309108 2.181069 1.859038 1.371480 1.986640 1.391831 1.337624 0.704959 0.063897 -0.184507 -0.002806 -0.169687
-0.005311 -0.003378 -0.001232 -0.000027 -0.000000 -0.002897 -0.030027 0.169571 0.001412 0.045997 0.004217 -0.036426 -0.059538 0.078728 0.316185 0.116851 0.000000 0.000000 0.000000 -9999.000000 -9999.000000 -9999.000000 -9999.000000 -9999.000000 -9999.000000 -9999.000000 -9999.000000 -9999.000000 -9999.000000 -9999.000000 -9999.000000 -9999.000000 -9999.000000 -9999.000000 -9999.000000 -9999.000000 -9999.000000 -9999.000000 -9999.000000 -9999.000000 -9999.000000 -9999.000000 -9999.000000 0.000597 1.600370 2.612983 3.024167 2.536482 2.070408 1.495360 2.009973 1.732359 1.388905 0.868397 -0.059641 -0.058535 0.168494 -0.333955
-0.012173 -0.007257 -0.005637 -0.000661 -0.001885 -0.043879 0.085201 0.004071 0.001208 0.002657 -0.000211 -0.006477 0.004740 0.196702 0.330770 0.133452 -0.057056 -0.231578 0.032364 0.000000 0.000000 -9999.000000 -9999.000000 -9999.000000 -9999.000000 -9999.000000 -9999.000000 -9999.000000 -9999.000000 -9999.000000 -9999.000000 -9999.000000 -9999.000000 -9999.000000 -9999.000000 -9999.000000 -9999.000000 -9999.000000 -9999.000000 -9999.000000 -9999.000000 -9999.000000 0.000000 -0.000014 0.766615 2.209084 3.194542 2.780218 2.359176 1.371740 1.818515 1.755399 1.545960 0.975155 -0.205868 -0.194885 0.191869 -0.197776
0.175442 -0.959117 -0.016836 -0.015887 -0.050413 -0.033045 0.008183 0.002000 0.000595 0.000021 -0.001925 -0.097819 0.139944 0.350496 0.318245 0.071878 -0.114181 -0.447863 0.036936 -0.253866 -0.002400 0.000000 -9999.000000 -9999.000000 -9999.000000 -9999.000000 -9999.000000 -9999.000000 -9999.000000 -9999.000000 -9999.000000 -9999.000000 -9999.000000 -9999.000000 -9999.000000 -9999.000000 -9999.000000 -9999.000000 -9999.000000 -9999.000000 -9999.000000 0.000456 -0.000438 -0.063243 1.202091 2.318065 2.801780 2.769462 1.718238 1.201197 1.892477 1.696381 1.413101 0.809062 -0.215453 -0.320814 -0.002944 -0.122017
0.420007 -0.497671 -0.093949 -0.586392 -0.061167 -0.004362 0.006384 0.000050 0.000024 0.000015 -0.001412 -0.100606 0.136124 0.419835 0.371761 0.188234 0.029028 -0.455948 0.026044 0.004653 -0.226364 -0.212266 -0.000025 0.071564 0.000000 0.000051 -9999.000000 -9999.000000 -9999.000000 -9999.000000 -9999.000000 -9999.000000 -9999.000000 -9999.000000 -9999.000000 -9999.000000 -9999.000000 -9999.000000 -9999.000000 -9999.000000 -9999.000000 0.000364 -0.000704 -0.080216 1.118324 2.420575 3.043818 2.752185 1.806566 1.165035 1.795669 1.682617 1.255176 0.601174 -0.423081 -0.283402 -0.000621 0.000024
0.232820 -0.307512 -0.041159 0.431700 -0.220837 0.006433 0.002218 0.000041 -0.000024 -0.000000 -0.000000 0.062096 0.391551 0.654961 0.459063 0.533589 0.402771 -0.477799 0.079537 0.127239 -0.275246 -0.411574 -0.013606 0.085839 0.008931 -0.000000 0.000039 0.000020 0.460334 0.439154 -9999.000000 -9999.000000 -9999.000000 -9999.000000 -9999.000000 -9999.000000 -9999.000000 -9999.000000 -9999.000000 -9999.000000 -9999.000000 0.000162 -0.001043 -0.072998 1.245012 2.542796 3.320866 3.302027 2.333667 1.308343 1.886565 1.456425 1.226133 0.219477 -0.538702 -0.219386 -0.000166 -0.000024
0.274995 -0.172497 -0.197399 0.958135 0.021737 0.003441 0.000076 -0.000416 -0.001830 -0.001214 -0.001390 0.181482 0.101651 0.112119 0.124055 0.110786 0.114728 -0.261175 0.232709 0.172967 -0.381260 -0.511299 -0.015506 0.044171 0.000564 -0.002988 -0.000027 -0.000000 0.711651 0.705653 0.799794 0.829692 0.747459 0.673508 2.041758 4.970216 13.523034 9.306554 2.739490 0.191876 0.000058 0.000047 -0.000749 -0.000042 1.484061 2.703174 3.595927 3.512628 2.193781 1.090030 1.562735 1.477821 1.226467 0.197066 -0.517008 -0.416434 0.148254 0.005153
0.290639 -0.155789 0.027173 0.007080 0.009035 0.001997 -0.000110 -0.000329 -0.003915 -0.006304 -0.023045 0.319317 0.078083 0.143884 0.156436 0.172111 0.118510 0.000142 0.152907 0.055060 -0.476763 -0.684850 0.000055 0.000055 -0.002080 -0.061311 -0.006758 -0.008271 0.883212 1.499138 2.411862 3.061993 2.393922 1.991916 3.401384 7.703170 13.567348 6.930274 3.004267 0.408528 0.000064 0.000053 0.000230 0.449047 1.723975 3.975533 4.062178 3.553946 1.876716 0.952798 1.384067 1.443998 1.078985 0.266136 -0.324206 -0.229217 0.153988 0.045577
0.296704 -0.178195 0.000112 0.000538 0.007257 -0.000003 -0.000139 -0.002873 -0.000107 -0.154895 -0.088501 0.279445 -0.003216 0.135325 0.149723 0.152459 0.090379 0.000272 0.000291 0.093293 -0.307961 -0.517877 -0.000055 -0.000055 0.453629 0.028072 0.742142 1.158731 1.442136 1.938973 2.792601 2.976966 2.389497 1.840594 3.169770 7.304805 9.611675 5.917557 2.684689 0.547509 -0.000013 0.000000 0.002032 0.609826 1.957515 3.950978 4.010854 3.077041 1.838806 0.693815 1.501651 1.323976 0.901903 0.235215 -0.097243 -0.195837 0.000743 0.005112
0.488394 -0.415854 0.000122 0.000065 0.000051 -0.000852 -0.000361 -0.024382 -0.001752 0.003324 -0.085636 0.244694 0.004242 0.138593 0.150573 0.088387 0.064126 0.000074 -0.000157 -0.000005 -0.316701 -0.563010 -0.117687 0.366693 0.477117 0.628012 1.374258 2.022045 1.474140 1.448226 2.553013 3.433849 2.117150 1.619378 4.478249 6.892512 10.201365 6.945421 3.219105 0.917879 -0.000077 -0.000053 0.008566 0.803118 2.092894 2.886600 3.060612 3.748781 1.955791 0.755814 1.536341 1.629529 0.763707 0.271931 0.245477 0.017356 0.004140 0.000056
0.614644 0.099454 0.000097 -0.000032 -0.000184 -0.001114 -0.000123 -0.002530 -0.000401 0.023987 0.261034 0.296748 -0.005976 0.088027 0.053979 0.052384 0.045847 -0.000060 -0.000283 0.002004 -0.048110 -0.634396 0.024611 0.522455 0.823179 1.088969 1.773457 2.225752 1.069383 1.731092 3.159465 3.004623 2.817597 2.167207 4.517120 6.364730 6.701379 4.018950 3.298606 0.798696 0.201860 -0.000047 0.022439 1.103183 1.881114 3.790735 4.222206 2.878486 1.028377 0.714262 0.905285 0.891673 0.916983 0.011695 0.014415 0.122177 0.008123 -0.000014
0.353470 0.383857 -0.000014 -0.000652 -0.006859 -0.000161 0.000002 0.000093 0.000125 0.011478 0.011768 0.397145 0.045527 -0.000021 0.000011 0.000306 0.000501 -0.000106 -0.118027 0.024966 0.102424 -0.342096 0.058088 0.383791 0.643950 1.115703 2.242877 2.856638 1.205105 1.387137 2.889661 3.641209 3.021444 2.051860 4.729395 6.037766 5.685461 3.913208 2.948568 0.657432 0.233061 -0.069198 -0.084998 0.681849 2.080173 4.697804 4.742892 2.672228 1.053782 0.051528 0.973227 0.916872 0.900060 0.019285 0.020870 0.119051 0.074921 -0.000015
0.260791 0.385692 -0.004292 -0.005990 -0.018965 -0.001820 -0.003126 0.000153 0.004418 0.008756 0.009645 0.003928 0.094976 -0.000328 0.020533 0.000049 0.000042 -0.000175 0.021388 0.168839 0.382316 -0.206825 0.063586 0.251835 0.580832 1.063676 2.158473 3.327507 2.578972 2.315023 3.065956 2.828222 2.516631 2.055869 4.891198 5.734584 4.773664 3.324225 3.426203 0.501025 -0.145668 -0.635732 -0.525517 -0.101518 1.127940 4.583260 5.282540 2.700609 1.046028 0.622293 0.950868 0.879773 0.828216 0.024582 0.078938 0.115692 0.083594 -0.001671
0.257163 0.395592 -0.093334 -0.113007 -0.079459 -0.003617 -0.007245 0.000231 0.001846 0.002745 0.002937 0.000087 0.000087 -0.007265 -0.000381 -0.000171 -0.000348 -0.078834 0.084863 0.419504 0.551217 -0.110887 0.121420 0.206185 0.480499 0.688592 2.351346 3.504681 3.522617 3.370734 3.720616 2.618202 2.789296 1.448153 5.009037 6.358030 5.190516 2.861388 3.285801 -0.124598 -0.678729 -0.487564 -0.076836 0.142694 1.202613 5.587168 6.136224 3.740061 1.563472 1.008032 1.289748 0.760431 0.695003 0.098775 0.082223 0.154796 0.094643 -0.054400
0.239999 0.499269 0.573912 0.514866 0.922464 -0.020509 -0.004679 0.000027 0.000024 0.000014 0.000011 -0.000013 0.000127 -0.020642 -0.046299 -0.000272 -0.000376 0.066003 0.202686 0.518668 0.610504 -0.082263 0.143582 0.130204 0.058433 0.834102 2.272923 3.739946 3.890750 4.059411 4.503916 3.354359 1.096572 0.928078 5.219967 6.651670 5.137902 1.960723 3.101599 -0.769935 -0.657933 -0.451704 0.569280 0.086911 1.011871 5.256370 7.520922 4.271016 1.799423 1.231406 1.064097 0.824619 0.508560 0.109247 0.140251 0.138483 0.142386 0.091412
0.104836 0.040081 1.073537 1.052894 1.196911 0.015319 0.010050 0.000065 -0.000024 0.000002 -0.000008 -0.000044 0.000472 -0.031715 -0.095488 -0.000144 -0.085797 0.081210 0.226402 0.550300 0.622823 -0.122300 0.175173 0.000299 0.074047 0.295081 2.784155 4.602438 4.679215 4.293300 4.625185 2.072690 0.205548 0.704749 6.649094 7.075214 4.827826 2.002354 3.897742 -0.632642 -0.045716 0.006672 0.000677 0.012231 0.796683 5.966482 8.304450 4.066255 1.727136 1.233526 1.403373 0.754252 0.781920 0.072333 0.179974 0.049786 0.062787 0.052670
0.053878 0.011219 0.006805 0.004212 0.010226 0.019093 0.004361 0.000088 -0.000741 -0.000028 -0.000081 0.004702 0.000602 0.019800 -0.073455 -0.013082 0.143442 0.050212 0.148327 0.601325 0.650002 -0.142444 0.286843 0.000161 0.000501 0.451994 2.088215 4.854641 4.805643 6.144066 3.617051 2.264902 0.301684 0.415808 5.007968 6.821004 5.127789 3.060814 5.612641 0.312554 0.000065 0.000000 0.000000 0.000467 1.274691 6.224791 8.690525 4.339256 1.758434 1.381292 0.956478 0.410019 0.106423 0.064778 0.708350 0.046263 0.001422 0.002192
0.013893 0.010811 0.000006 0.000019 0.000591 0.004769 0.000209 0.000007 -0.003905 -0.001239 -0.000083 0.025127 0.199980 0.097953 -0.020818 -0.014058 0.029895 -0.047173 0.099501 0.286674 0.388196 -0.125747 0.204349 -0.000235 0.001195 1.585620 3.442275 2.838236 3.030740 3.376884 3.387046 2.203063 0.754351 1.342475 6.412516 4.788167 2.359914 0.858594 2.986382 0.591909 0.000117 0.002628 -0.014970 0.432873 4.158648 7.428406 7.052873 3.839734 1.550164 0.896513 0.479429 0.091711 0.001920 0.003266 0.003663 0.000426 0.000000 0.000000
0.000429 0.000114 -0.000006 -0.000015 0.000000 0.000000 -0.000021 -0.001007 -0.006129 -0.005890 0.001931 0.095204 0.104214 0.013524 0.243623 -0.008189 -0.014086 -0.122056 0.064160 0.387567 0.163642 0.000127 0.187766 -0.038666 0.418118 2.911216 3.145410 2.070489 2.119458 2.583169 3.036046 2.258839 0.715731 1.668871 6.069815 6.134302 2.641057 2.502680 2.858939 1.795571 0.444661 0.010078 0.572678 2.088163 6.512498 7.386788 4.299860 1.952246 1.039734 0.406649 0.081704 0.000047 0.000049 0.000000 0.000000 -0.000410 -0.003482 -0.002807
-0.000667 -0.000797 -0.006839 -0.002229 -0.001540 -0.001540 -0.005317 -0.003867 -0.009645 -0.085639 0.001345 0.190440 0.006738 0.020844 0.328387 0.100126 0.113899 -0.376807 0.075736 0.372240 -0.015437 0.000279 0.075243 -0.585255 1.164683 3.043707 4.053025 1.546631 0.980513 1.584219 1.611629 1.373207 0.168000 1.528897 5.119986 7.171436 5.327942 3.679409 4.147203 2.932565 0.657164 0.032586 0.938463 3.699011 6.884990 7.293260 3.553650 1.247983 0.510226 -0.126842 0.000224 0.000001 -0.000050 -0.000077 -0.000114 -0.116447 -0.176233 -0.213634
