use_cases/Flooding_chicago/flooding_data/output/hUy_240.asc
ncols 337
nrows 393
xllcorner 428428.000000
yllcorner 4602440.000000
cellsize 26.757400
NODATA_value -9999.000000
[rows 104 to 129 of 393, columns 232 to 289 of 337]
-0.108173 -0.022221 -0.032340 -0.028590 -0.047235 -0.080021 -0.058150 -0.014575 -0.002133 0.007085 0.014529 0.109746 0.073205 -0.006703 -0.006703 -0.013095 -0.005557 -0.072913 -0.017847 0.001547 0.001153 -0.000379 -0.002404 0.000907 0.000420 0.008325 0.041134 0.001007 0.000119 0.000531 0.006952 0.020751 0.020318 0.021003 0.027718 0.006292 -0.000003 -0.000207 0.023035 0.005121 0.035803 -0.175707 -0.030587 -0.091634 0.002710 0.010882 0.645385 0.390458 0.294968 -0.382459 0.014576 0.026517 0.013384 0.029885 0.141357 0.072846 1.035644 0.065637
-0.276859 -0.040419 -0.027309 -0.013550 -0.015543 -0.147228 -0.190993 -0.030273 -0.006727 0.007129 0.000947 0.028037 0.023468 -0.014268 -0.012765 -0.033511 -0.016782 -0.337781 0.145622 0.023227 0.000282 -0.000217 -0.002150 -0.001874 -0.000545 -0.000018 0.000220 0.000747 -0.000601 -0.000449 -0.000015 0.002008 0.000326 0.008966 0.000294 0.001187 -0.000715 0.027531 0.080105 0.042503 0.026154 0.087235 0.061424 -0.345294 0.004533 0.038323 0.093539 0.192184 0.155429 0.006380 0.007288 0.018884 0.012726 0.030020 0.180797 0.039841 0.045778 0.022611
-0.158442 -0.007062 0.006800 0.006908 0.007855 -0.085511 -0.116354 -0.032720 -0.002835 0.000018 0.000389 0.000906 0.000000 -0.004352 -0.002901 -0.056315 0.012376 -0.085772 0.251380 0.009855 -0.000319 0.000041 -0.001579 -0.001677 -0.011137 -0.033515 -0.001754 -0.004475 -0.006206 -0.006709 -0.021507 -0.002640 -0.000207 -0.000003 0.000122 0.001068 -0.001479 0.031691 0.115756 0.001566 0.001612 0.029287 0.377734 -0.078897 0.004313 0.030912 0.034777 0.071517 0.110144 0.024562 0.000724 0.009317 0.009928 0.036493 0.114072 0.046841 0.021328 0.026373
-0.135306 -0.002139 0.000400 0.000621 0.000017 -0.027542 -0.335236 -0.028109 -0.002625 -0.004689 -0.000987 -0.001296 -0.011705 -0.002872 -0.002439 -0.000058 0.690544 0.087259 0.069147 0.001105 0.000718 -0.000243 -0.000864 -0.012305 -0.020909 -0.188659 -0.001967 -0.003790 -0.006008 -0.005065 -0.069649 -0.039107 -0.007373 -0.006224 -0.001607 -0.000006 0.000045 0.029780 0.107040 0.003171 0.003298 0.021767 0.016058 0.164931 0.001931 0.015050 0.002079 0.008986 0.169879 0.085700 0.008240 0.000360 0.000360 0.027728 0.028191 0.035004 0.025027 0.013167
-0.133287 -0.000859 -0.000323 -0.000043 -0.005938 -0.005683 -0.924611 -0.002397 -0.003800 -0.004436 -0.006101 -0.007410 -0.036700 -0.016118 -0.003044 0.021534 0.055466 0.027002 0.023431 -0.000262 -0.001400 -0.007932 -0.004358 -0.026084 -0.021110 -0.145408 -0.000566 -0.002375 -0.004816 -0.002603 -0.074369 -0.089917 -0.009709 -0.063482 -0.009689 -0.000503 0.005705 0.042380 0.091521 0.006685 0.004376 0.004978 0.003081 0.187660 0.022210 0.003782 0.007105 0.050654 0.242871 0.009650 0.005441 -0.000360 -0.000360 0.001731 0.001447 0.001216 0.013787 0.005978
-0.095981 -0.000336 -0.000751 -0.000527 -0.010294 -0.005027 -0.457861 -0.000875 -0.002376 -0.002677 -0.005702 -0.005062 -0.084341 -0.078199 -0.004801 0.000705 0.001916 0.020397 -0.000047 -0.001911 -0.004881 -0.007754 -0.014253 -0.023420 -0.124226 -0.142700 -0.000079 -0.001851 -0.002553 -0.012932 -0.010880 -0.193841 -0.035959 -0.024972 -0.005627 0.020408 0.016139 0.014965 0.014708 0.009414 0.000497 0.005427 0.006161 0.119232 0.017495 0.008010 0.014259 0.087278 0.112765 0.004905 0.000057 -0.007953 -0.012606 -0.001457 -0.000547 -0.000094 -0.000000 -0.000003
-0.026944 0.000233 -0.000790 -0.000436 -0.000714 -0.005136 -0.119494 -0.003023 -0.020776 -0.011443 -0.002880 -0.002302 -0.039071 -0.035452 -0.006707 0.000341 0.000243 0.000110 -0.000547 -0.044222 -0.003215 -0.004665 -0.003273 -0.003404 -0.057342 -0.104376 -0.006796 -0.008619 -0.012296 -0.074042 -0.089879 -0.117246 -0.126049 -0.011321 0.006994 0.060005 0.015660 0.017533 0.016841 0.000466 -0.000158 -0.000005 0.007770 0.034245 0.005924 0.010623 0.008381 0.041987 0.065551 0.039952 -0.000663 -0.021111 -0.043554 -0.014569 -0.024330 -0.010290 -0.019349 -0.011008
0.066377 0.001406 -0.001426 -0.007141 -0.000477 0.008417 -0.019846 0.013302 -0.098983 -0.096069 -0.009200 -0.009805 -0.209338 -0.149676 -0.002392 0.000834 -0.000027 -0.000719 -0.006376 -0.080413 -0.040314 -0.015739 -0.005727 -0.002640 -0.021799 -0.131303 -0.096244 -0.037551 -0.024876 -0.237694 -0.239367 -0.047364 0.079788 -0.000309 0.046769 0.007732 0.003845 0.002472 0.000796 -0.000239 -0.041256 -0.005087 0.000053 0.003223 0.696921 0.013108 0.012104 0.008673 0.017493 0.044839 -0.002385 -0.036659 -0.063927 -0.028273 -0.054906 -0.044429 -0.028228 -0.023123
0.016416 0.003823 -0.002840 -0.025782 -0.014101 0.043736 0.695105 0.101939 0.082829 0.083429 -0.070869 -0.108202 -1.237412 -0.845330 0.030088 0.001570 0.000764 -0.002076 -0.061775 -0.069929 -0.085998 -0.024724 -0.002406 -0.012515 -0.006956 -0.012677 -0.570488 -0.092279 -0.183110 -0.148269 -0.170045 0.001680 0.023052 0.001661 0.006177 0.000477 0.003548 0.000265 -0.000494 -0.017786 -0.079558 -0.003705 0.003200 0.044127 0.075715 0.079981 0.050910 0.022632 0.049991 0.013022 -0.001709 -0.123875 -0.050449 -0.070901 -0.082968 -0.039988 -0.044513 -0.022510
0.001409 0.000052 0.000001 -0.015099 -0.045729 0.898407 0.172148 0.025243 0.017696 0.021688 0.080459 0.598943 0.136406 0.038542 0.010343 0.001567 0.001997 -0.000160 -0.687320 -0.018018 -0.118768 -0.064024 -0.011074 -0.018394 -0.003617 0.065108 -0.168847 -0.024617 0.000000 0.000000 -0.118301 -0.000175 0.000015 0.000345 0.000000 0.000000 -0.000646 -0.001606 0.057978 0.162523 0.045654 0.539456 0.020984 0.093637 0.030384 0.060076 0.056452 0.065372 0.034767 0.008108 0.134474 -0.030599 0.085737 -0.434796 -0.106273 -0.044873 -0.035192 -0.004196
0.000374 -0.001733 -0.019042 -0.003211 0.022215 0.214046 0.063383 0.020315 0.005686 0.018942 0.066238 0.091996 0.018628 0.012598 0.000656 0.000269 0.000000 -0.001113 0.000216 -0.002437 -0.062702 -0.303952 -0.021056 -0.019516 -0.002593 0.001033 -0.008476 -0.027910 -0.004785 -0.020864 -0.052470 0.017194 -0.008724 -0.001084 -0.012042 -0.000477 -0.000002 0.041282 0.152815 0.522171 0.096815 0.073374 0.084224 0.041543 0.023170 0.015030 0.028304 0.077994 0.031355 0.004528 0.028013 0.026746 0.190647 -0.024721 -0.070284 -0.029522 -0.004322 -0.000082
0.000042 -0.001160 -0.020031 0.001368 0.084695 0.043011 0.068534 0.006117 0.001756 0.018674 0.037598 0.040169 0.018884 0.001033 -0.000806 -0.002110 -0.012883 -0.002412 -0.000660 -0.000928 -0.007876 -0.653067 -0.121184 -0.017675 -0.001124 -0.000958 0.001008 -0.000538 -0.013538 -0.024176 -0.022458 0.032689 0.050233 0.122497 -0.016662 0.002025 0.002695 0.137851 0.356201 0.237449 0.083468 0.054007 0.043329 0.047193 0.008798 0.002021 0.003125 0.078117 0.001839 0.000222 0.022275 0.021713 0.040861 0.313930 0.196656 -0.003857 -0.000927 0.001821
-0.000338 -0.000666 -0.002187 0.068896 0.121315 0.017852 0.037533 0.015380 0.000936 0.013241 0.007993 0.008769 0.012057 0.000150 -0.018773 -0.023359 -0.034881 -0.017371 -0.013405 -0.001707 -0.000052 0.012062 -0.076047 -0.004194 -0.012835 -0.003623 -0.002628 -0.005771 -0.017919 -0.017614 -0.026426 0.001598 0.139995 0.237326 0.005595 0.006955 0.015582 0.022615 0.506878 0.103048 0.111124 0.030019 0.018940 0.052872 0.000104 0.001814 0.005164 0.023905 0.006018 -0.000222 0.009441 0.012838 0.015262 0.089618 0.494008 0.603456 -0.000454 0.000005
-0.002090 0.009052 0.046069 0.373810 0.200613 0.035088 0.062926 0.026370 0.000107 0.000101 0.000381 0.000340 0.000252 -0.000187 -0.052430 -0.106935 -0.087993 -0.067065 -0.049846 -0.026205 -0.000590 -0.000014 -0.039653 -0.024638 -0.110560 -0.061012 -0.009048 0.030469 0.177718 0.036976 0.033868 0.002981 0.033165 0.149973 0.017440 0.008404 0.013435 0.031583 0.410997 0.180321 0.059702 0.013587 0.003463 0.040185 0.000990 0.000518 0.000330 0.000401 0.000013 -0.011048 -0.000478 0.007531 0.003113 0.100411 0.113262 0.170377 0.000035 -0.007492
-0.001074 0.056368 0.147899 0.642596 0.283380 0.083101 0.124819 0.027687 -0.000092 -0.000065 0.000138 0.000000 0.000297 0.000267 -0.004829 -0.036600 -0.023798 -0.086493 -0.426009 -0.026274 -0.010383 -0.110565 -0.148019 -0.117197 0.021436 0.401738 0.040296 0.110883 0.083969 0.142269 0.121242 0.068655 0.071382 0.098173 0.102056 0.043549 0.002392 0.107374 0.161096 0.414466 0.004557 -0.000005 -0.000334 0.000022 0.000434 0.000581 -0.000396 -0.000555 0.000402 -0.119337 0.121504 0.023211 0.011404 0.220493 0.005800 0.021484 0.001003 -0.009697
-0.001086 0.205690 0.349800 0.461708 0.064464 0.051402 0.115183 0.086832 0.011039 0.004269 -0.000141 -0.000340 -0.000008 0.000099 0.001321 -0.010198 -0.002053 -0.015853 -0.146591 -0.126519 -0.540341 -0.337520 -0.244765 -0.010391 0.008044 0.369543 0.167753 0.043964 0.054109 0.023144 0.092793 0.039155 0.028239 0.063833 0.116868 0.080590 0.013658 0.015731 0.003451 0.580064 0.009580 0.010639 0.005443 0.010549 -0.000922 -0.001463 -0.016256 -0.017398 0.002212 0.007760 0.017678 0.032309 0.036758 0.253603 0.020342 0.001101 0.000000 -9999.000000
0.216409 0.491235 0.222998 0.027360 0.038665 0.025749 0.022034 0.167545 0.014288 0.042151 -0.000009 -0.006678 -0.007563 -0.000273 0.005403 0.007393 0.004283 0.001316 0.009122 0.007271 -0.187427 0.894820 0.014050 0.018938 0.004807 0.276640 0.093408 0.048474 0.023308 0.023095 0.036469 0.025242 0.013463 0.026696 0.087562 0.100603 0.016234 0.004644 0.003348 0.566718 0.010721 0.071482 0.053016 0.055503 0.034383 0.004332 0.075994 -0.056610 0.001512 0.011732 0.008659 0.028049 0.051573 0.059901 0.034302 0.005583 -9999.000000 -9999.000000
0.028459 0.488922 0.032286 0.041240 0.018000 0.028973 0.020948 0.078456 0.050167 0.015989 0.000942 -0.024609 -0.011748 0.001802 0.009220 0.004837 0.001403 -0.000212 -0.000013 0.009727 0.008267 1.154196 0.038284 0.008853 0.000659 0.184645 0.001799 0.025143 0.001246 0.001668 0.008301 0.006317 0.015351 0.012874 0.046962 0.077694 0.012001 0.010454 0.003706 0.533276 0.005527 0.021095 0.036206 0.014734 0.026636 0.015318 0.147041 0.027534 0.001918 0.003884 0.005527 0.021125 0.023840 0.024997 0.005855 0.005140 -9999.000000 -9999.000000
0.032488 0.335399 0.140977 0.023010 0.008080 0.017379 0.017735 0.045025 0.010767 0.009172 0.000656 -0.120947 -0.086660 0.001016 -0.000016 -0.003502 -0.002741 -0.009072 -0.025496 -0.001554 -0.000055 0.684118 0.013105 0.001653 0.001613 0.239771 -0.000260 0.001685 0.001952 0.006808 0.041567 0.015941 0.049390 0.003717 0.036987 0.028477 0.013059 0.048744 0.028176 0.710818 0.009537 0.008079 0.014331 0.002108 0.057013 0.034721 0.390946 0.320552 0.027792 0.025856 0.001789 0.013781 0.086531 0.071369 0.008782 0.000606 -9999.000000 -9999.000000
0.030693 0.194626 0.162443 0.019499 0.000066 0.001896 0.010305 0.002028 0.000622 0.000184 0.000007 -0.018874 -0.006931 -0.012345 -0.011209 -0.006998 -0.002976 0.004227 -0.051314 0.006171 0.329018 0.668226 0.000154 0.004954 0.005574 0.234628 0.102129 0.003269 0.016474 0.049634 0.036400 0.045351 0.024260 0.008103 0.008433 0.010414 0.001101 0.072491 0.044819 0.419631 0.053184 0.000441 0.002193 0.007270 0.116303 0.085307 0.034277 0.039855 0.026613 0.026854 0.010560 0.065495 0.044507 0.018343 0.000796 -9999.000000 -9999.000000 -9999.000000
0.020084 0.081415 0.163006 0.103096 0.009735 0.002347 0.000445 0.000175 -0.000263 -0.000153 -0.000074 0.004583 0.003372 -0.020818 -0.012020 0.049135 0.028655 0.029250 0.136328 0.074550 0.577556 0.759437 0.139471 0.015463 0.026681 0.033021 0.310636 0.026286 0.013939 0.032088 0.020642 0.013293 0.013708 0.000376 0.000724 0.000376 0.000070 0.082210 0.049230 0.217692 0.158101 -0.000068 0.001767 0.015918 0.088860 0.033699 0.024321 0.009337 0.018942 0.004695 0.018653 0.068160 0.006602 0.000210 -9999.000000 -9999.000000 -9999.000000 -9999.000000
0.009423 0.016430 0.092179 0.095104 0.069667 0.019392 0.000581 -0.000535 -0.005277 -0.006908 -0.000468 0.034046 0.005335 -0.018678 0.209333 0.102660 0.059833 0.062671 0.082530 0.192857 0.211788 0.418556 0.365367 0.045476 0.048118 0.041022 0.048285 0.024172 0.015250 0.014300 0.007173 0.001328 0.018389 -0.000376 -0.000724 -0.000376 -0.000259 0.100651 0.037302 0.033380 0.255780 0.007377 -0.000218 0.005803 0.059240 0.040181 0.001609 0.000095 0.001878 0.001394 0.023487 0.020484 0.001218 -9999.000000 -9999.000000 -9999.000000 -9999.000000 -9999.000000
0.007171 0.006999 0.072707 0.047968 0.016658 0.028302 0.001037 -0.007503 -0.020508 -0.042330 -0.017776 0.014455 0.001886 0.020903 0.355283 0.187108 0.141823 0.162713 0.055899 0.106798 0.076369 0.297337 0.355337 0.176887 0.046969 0.016499 0.014454 0.012710 0.005869 0.000340 0.000156 0.000088 0.000006 0.068308 0.151141 0.091695 0.170514 0.132053 0.027983 0.017243 0.073982 0.019647 -0.001507 0.002886 0.033851 0.027529 0.002790 -0.001203 0.000380 0.003101 0.015665 0.000753 -9999.000000 -9999.000000 -9999.000000 -9999.000000 -9999.000000 -9999.000000
0.000021 0.000809 0.057922 0.007971 0.008161 0.023293 0.001755 -0.014001 -0.112176 -0.431221 -0.024876 0.002180 0.005079 0.055318 0.312034 0.267025 0.059592 0.041831 0.038155 0.100260 0.079646 0.202616 0.192339 0.270898 0.059143 0.003099 0.005357 0.000861 0.000338 0.000000 -0.000100 -0.000213 0.066486 0.074036 0.008083 0.011739 0.007952 0.022781 0.002122 0.000866 0.001041 0.009806 -0.000392 0.013907 0.013750 0.000452 -0.001809 -0.002339 -0.000142 0.001868 0.003683 -9999.000000 -9999.000000 -9999.000000 -9999.000000 -9999.000000 -9999.000000 -9999.000000
-0.009160 0.000948 0.019592 0.001486 0.001875 0.011130 0.001394 0.036850 0.584401 0.133579 -0.053778 0.007860 0.022601 0.218621 0.513297 0.407310 0.060977 0.019605 0.006067 0.095914 0.090230 0.107175 0.079605 0.290652 0.041354 0.034702 0.000769 0.003310 0.000529 -0.000340 -0.000593 0.040889 0.072013 0.000389 0.000601 0.000780 0.000388 0.000657 0.000359 0.000649 0.001736 -0.001239 -0.003430 0.006557 0.000085 -0.001379 -0.004783 -0.002348 -0.000298 0.002681 0.009174 0.002476 -9999.000000 -9999.000000 -9999.000000 -9999.000000 -9999.000000 -9999.000000
-0.021550 0.000224 0.000363 0.000766 0.002573 0.000674 0.013333 0.059652 0.035868 0.037508 0.052584 0.017889 0.091895 0.412454 0.206744 0.218633 0.069392 0.015154 0.023719 0.139614 0.147029 0.058523 0.095339 0.121528 0.042154 0.075374 0.001992 0.027833 0.002386 0.001582 -0.000451 0.070610 0.045389 0.000230 -0.000292 -0.000726 -0.000369 0.000875 0.000744 0.000983 0.002951 0.125870 0.016154 0.000086 -0.000510 -0.030683 0.190230 0.051945 0.000545 0.001154 0.028068 0.003820 -9999.000000 -9999.000000 -9999.000000 -9999.000000 -9999.000000 -9999.000000
