use_cases/Flooding_chicago/flooding_data/output/hUy_2520.asc
ncols 337
nrows 393
xllcorner 428428.000000
yllcorner 4602440.000000
cellsize 26.757400
NODATA_value -9999.000000
[rows 286 to 311 of 393, columns 58 to 115 of 337]
0.000510 -0.293775 -0.893068 -0.905685 -0.430157 -0.466372 -0.366316 -0.484997 0.260160 -0.047193 -0.036932 -0.075010 -0.139006 -0.209915 -0.000228 -0.000632 -0.000840 -0.000877 -0.000571 -0.001976 -0.089350 -0.086939 -0.008971 -0.000208 -0.000003 -0.000017 -0.000000 -0.053001 -0.025344 -0.045726 -0.014212 0.031623 0.048288 0.000360 0.000360 -0.025908 0.297818 0.613001 0.761634 0.846817 0.635426 0.555730 0.691522 0.941338 0.444995 0.069357 0.420998 0.406032 0.544923 0.792056 0.615831 0.480723 0.170407 0.469258 0.391648 0.281978 0.280825 0.079905
-0.000244 -0.411814 -1.007374 -0.931679 -0.443429 -0.443035 -0.311907 -0.394099 0.138514 -0.079309 -0.151629 -0.181261 -0.102029 -0.099310 -0.001664 -0.017673 -0.017422 -0.015783 -0.010135 -0.010359 -0.307501 -0.889373 -0.026574 -0.010360 -0.003984 -0.000397 -0.008376 -0.094949 -0.053137 -0.032384 -0.043333 -0.003194 -0.015166 -0.000360 -0.000360 -0.004704 0.380544 0.568466 0.706409 0.848674 0.740488 0.537805 0.502917 0.638486 0.438612 0.090964 0.329284 0.392721 0.529262 0.715778 0.811388 0.591075 0.320504 0.468432 0.179207 0.360277 0.246086 0.135771
-0.019417 -0.531606 -1.172596 -1.323173 -0.581088 -0.583961 -0.267613 -0.303376 0.042359 -0.113475 -0.141359 0.069239 -0.023431 -0.033282 -0.011693 -0.032887 -0.032527 -0.022559 -0.037413 -0.244335 -0.030466 -0.706562 -0.500120 -0.021180 -0.007563 -0.011354 -0.021769 -0.317830 -0.026551 -0.014835 0.003094 -0.025390 -0.044833 -0.060859 0.280264 0.282380 0.348442 0.435032 0.571346 1.121734 0.776069 0.469493 0.465580 0.573080 0.129429 0.049704 0.220979 0.407798 0.647468 0.863595 0.759113 0.585373 0.196630 0.292406 0.161520 0.158902 0.156054 0.154034
-0.362897 -1.388031 -2.054137 -1.384647 -0.512473 -0.399007 -0.034665 -0.255789 -0.021809 -0.059083 -0.232513 0.137138 -0.213602 -0.064403 -0.020917 -0.038217 -0.030261 -0.028216 0.110411 0.267614 0.006130 -0.656406 -0.398063 -0.126462 -0.278432 -0.183900 -0.462238 -0.272464 -0.010852 0.062853 0.044822 -0.023150 0.416563 0.339439 0.272370 0.331782 0.276417 0.319095 0.400255 1.129841 1.328927 0.373211 0.424154 0.512340 0.122024 0.048138 0.276163 0.457340 0.539212 0.731314 0.745886 0.669813 0.212329 0.286654 0.069635 0.149949 0.074338 0.146976
-0.324693 -1.910200 -1.554174 -1.169067 -0.082172 -0.167344 -0.000237 0.001586 -0.009883 -0.022828 -0.187110 0.169615 -0.004474 -0.426305 -0.043047 -0.054936 -0.036207 -0.010533 0.281439 0.443932 0.180345 -0.224779 -0.462582 -0.150164 -0.133200 -0.077471 -0.002207 -0.637658 -0.142408 -0.001029 0.020668 0.053484 0.432257 0.542552 0.013187 0.166040 0.001386 0.000615 0.627177 1.315816 1.221612 0.445816 0.465015 0.526187 0.521298 0.112467 0.381681 0.240187 0.512339 0.468200 0.503726 0.706084 0.306635 0.390797 0.139123 0.128058 0.068375 0.156629
-0.385438 -1.896062 -1.625742 -0.688794 -0.001494 -0.002341 -0.001411 0.001765 0.111495 0.174127 -0.062084 0.250284 0.130400 -0.243111 -0.477411 -0.635119 -0.009217 -0.006178 0.405072 0.832748 -0.000090 -0.000344 -0.291679 -0.180605 -0.245703 0.299527 0.108178 -0.618944 -0.692517 -0.129252 -0.054904 -0.001233 0.307342 0.022346 0.011409 0.003914 0.000306 -0.000182 0.622886 0.563542 0.461642 0.286467 0.575197 0.524085 0.291159 0.149478 0.242196 0.200453 0.232332 0.427078 0.466740 0.656509 0.261873 0.311239 0.126001 0.110928 0.049943 0.152130
-0.893891 -2.028878 -1.579107 -0.616515 -0.188204 -0.052927 -0.342684 0.003893 0.021878 0.016448 -0.019655 0.119688 0.012080 0.003937 0.001928 -0.479210 -0.074298 0.010285 0.400699 0.342704 -0.000691 0.000354 0.000930 -0.097715 -0.049748 0.323834 0.001564 -0.290691 -0.384772 -0.211987 -0.110921 -0.052151 0.156108 0.008686 0.003081 -0.000098 0.384336 0.372903 0.650617 0.589966 0.484900 0.238726 0.690587 0.467868 0.249095 0.131469 0.164658 0.145328 0.157543 0.398502 0.419160 0.649210 0.241865 0.303710 0.122631 0.029983 0.028816 0.164248
-0.987202 -1.358742 -1.425050 -1.106283 -0.202389 -0.107741 -0.437583 0.002218 0.001119 0.002630 0.003154 0.002630 0.001119 0.003010 0.002146 -0.244834 -0.021172 0.003568 0.273149 0.000418 -0.047684 0.000606 0.002577 0.042942 0.121581 0.121206 -0.000598 -0.236526 -0.306985 -0.197300 -0.119227 -0.043925 -0.102274 -0.006270 -0.005544 -0.002971 0.544940 0.521182 1.536759 0.587967 0.522768 1.119057 0.891175 0.480055 0.233461 0.114412 0.062613 0.087748 0.159386 0.340878 0.368530 0.465802 0.238852 0.201297 0.120794 0.023785 0.026679 0.182873
-0.746201 -1.248297 -1.244816 -1.202122 -0.325477 -0.272115 -0.602201 0.001230 0.000244 0.001415 0.002183 0.001415 0.000244 -0.000654 0.101863 -0.115197 -0.011622 -0.057356 0.062478 -0.000257 -0.066939 0.002186 0.003676 0.009702 0.019182 0.116715 -0.000766 -0.159966 -0.483219 -0.446294 -0.105380 0.030601 -0.309893 -0.017222 -0.007418 0.249822 0.657103 1.131859 0.725962 0.598202 0.621344 0.319711 0.530687 0.237872 0.115198 0.063820 0.047533 0.076299 0.161941 0.309760 0.337564 0.457772 0.147852 0.188195 0.126899 0.069768 0.016291 0.019987
-0.508395 -1.314240 -1.299865 -1.597936 -0.468024 -1.153981 -0.623445 0.001358 -0.000956 -0.002220 -0.002610 -0.002221 -0.000956 -0.159676 0.383669 -0.112610 -0.043969 -0.132872 -0.090509 -0.091236 -0.073221 0.001274 0.000628 0.000400 0.000547 0.007345 0.003188 -0.417068 -0.355118 -0.394246 -0.079576 0.003664 -0.223042 -0.219826 -0.007090 0.387999 1.222989 1.031167 1.101071 0.527056 0.705169 0.008784 0.017713 0.007245 0.004030 0.000975 0.029211 0.045418 0.068132 0.311333 0.352543 0.492112 0.146144 0.242217 0.188103 0.076997 -0.065743 0.078308
-0.579203 -0.649812 -0.679858 -1.674301 -1.430669 -1.378079 -0.802007 0.079948 -0.017077 -0.002147 -0.002937 -0.002147 -0.000435 0.003553 0.447308 -0.092679 -0.084731 -0.220650 -0.199851 -0.124085 -0.055945 0.000929 -0.000013 -0.000322 -0.000319 -0.000018 0.003475 -0.391860 -0.362035 -0.086780 -0.054301 0.117518 -0.082415 -0.154344 0.051176 0.432931 1.314972 1.141039 1.041785 0.465418 0.044467 0.015020 0.001250 0.010150 0.003124 -0.000051 0.021392 0.039503 0.068858 0.086624 0.228498 0.488813 0.199682 0.255114 0.223833 0.049269 -0.085272 0.115148
-0.433822 -1.177050 -1.343242 -1.357360 -1.516404 -1.254587 -1.048096 0.327786 -0.399163 0.047050 -0.003608 0.003106 0.006888 0.293832 0.575756 0.022558 -0.038647 -0.318419 -0.305255 -0.150719 0.000601 0.000158 -0.000636 -0.018359 -0.002191 -0.001234 0.038306 -0.379244 -0.337741 -0.342256 -0.017977 0.185058 -0.009288 -0.102222 0.057184 0.668881 1.270932 0.653718 0.581263 0.004158 0.001716 0.003392 0.002893 0.008581 0.000083 -0.095376 0.037594 0.086931 0.171868 0.248424 0.233457 0.477334 0.193729 0.237293 0.188097 0.060087 0.090247 0.077281
-0.376555 -0.674493 -1.141506 -1.745293 -1.537667 -1.459183 -0.740166 0.417385 -0.360583 0.116885 0.003623 0.010642 0.013698 0.066887 0.027283 0.001059 -0.000735 -0.366799 -0.371989 0.000012 0.000220 -0.000359 -0.008356 -0.027282 -0.051347 -0.002195 0.011052 0.007825 0.042021 -0.286692 0.090907 0.051913 -0.000153 -0.124447 0.182922 0.545106 0.938779 0.505897 0.431233 0.004755 0.002193 0.003968 0.003336 0.001120 -0.000651 -0.035474 0.038953 0.068974 0.114058 0.068734 0.073451 0.327493 0.177239 0.145596 0.196236 0.131792 0.014499 0.066135
-0.339494 -0.601508 -1.099777 -1.748846 -1.667060 -1.636148 -0.905011 0.123219 -0.177334 0.036329 0.002902 0.003696 0.003512 0.012073 0.001031 0.000081 0.007870 -0.388818 -0.400252 -0.062479 -0.000805 -0.000988 -0.038111 -0.164037 -0.062566 0.049458 0.000681 0.000681 0.000490 0.028945 0.190611 -0.066142 0.008156 -0.015189 0.290808 0.568989 0.718298 0.567386 0.345046 0.000336 0.000035 0.000342 0.000222 0.000161 -0.000217 0.069304 0.057866 0.014146 0.020866 0.047928 0.039466 0.060573 0.030252 0.149793 0.198346 0.232716 -0.017537 0.056397
-0.258685 -0.378574 -0.944054 -1.351060 -1.311221 -1.349130 -0.913011 0.028951 0.001367 0.015342 0.003407 0.002565 0.000775 0.000000 0.000008 -0.000236 0.000513 -0.431560 -0.444798 -0.055812 0.000867 -0.000084 -0.004252 -0.085510 -0.123443 0.008080 0.000000 -0.000000 0.000320 0.113233 0.442593 -0.313757 -0.001373 0.258845 0.418689 0.491863 0.585066 0.441279 0.009225 -0.000692 -0.002422 -0.003976 -0.000222 -0.000293 -0.000023 0.189845 0.063349 -0.013647 -0.022732 0.128818 0.020549 0.032157 0.012174 0.048257 0.109241 0.256506 -0.032291 0.000438
-0.211108 -0.373936 -0.438486 -1.505707 -1.435116 -1.567718 -0.387907 0.000037 -0.000022 0.000000 -0.002418 -0.003276 -0.003278 -0.013345 -0.001100 -0.003068 -0.001534 -0.450147 -0.506086 0.000775 0.000881 0.000600 0.001447 0.002172 -0.201477 -0.016661 -0.000681 -0.000681 -0.000040 0.301475 1.054487 -0.376894 -0.211311 0.575547 0.427068 0.242932 0.357283 0.093815 0.010677 -0.015824 -0.022800 -0.003036 -0.011490 -0.001349 0.000152 0.176027 0.116232 0.064214 0.005964 0.055668 0.016731 0.022359 0.008645 0.048502 0.078830 0.245878 -0.001872 -0.000307
-0.166407 -0.358871 -0.392943 -2.424318 -2.010221 -2.061656 -0.990436 -0.000429 -0.001189 -0.012153 -0.003716 -0.002924 -0.033339 -0.038840 -0.015962 -0.003924 -0.162154 -1.137041 -0.470186 -0.000564 -0.001937 -0.000805 0.000231 0.001516 -0.156514 -0.140169 -0.010087 -0.014414 0.000617 0.550176 0.464871 0.191984 0.050469 0.677756 0.172502 0.002627 -0.027693 -0.193355 -0.007820 -0.016793 -0.017769 -0.025608 -0.037539 -0.005540 0.000857 0.324401 0.405010 0.022389 0.000500 0.003388 0.000936 0.000004 0.000001 0.038275 0.018016 0.210923 0.046982 -0.004714
-0.000163 -0.301871 -0.987182 -1.707747 -1.440639 -1.622129 -0.957907 -0.180903 -0.109438 -0.020288 -0.016216 -0.010970 -0.417744 -0.394665 -0.030758 0.013577 -0.248311 -0.531389 -0.672502 -0.136668 -0.001878 -0.001947 -0.000595 0.004206 0.281951 -0.094190 -0.335687 -0.528276 0.241595 0.979281 0.514716 0.733047 0.639684 0.836819 -0.125557 -0.513884 -0.493376 -0.553361 -0.017690 -0.012242 -0.037409 -0.123708 -0.186503 -0.001430 0.000034 0.000822 0.010327 0.011337 0.000386 0.001982 -0.000413 -0.021540 -0.032193 0.033020 -0.061947 0.187051 0.091291 0.000901
-0.163478 -0.232684 -0.442756 -1.371628 -1.320797 -1.476807 -0.909938 -0.346148 -0.243735 -0.462595 -0.079645 -0.063954 -0.246543 -0.679448 0.027214 0.022126 -0.112215 -0.189707 -0.596172 -0.146675 -0.126234 -0.080307 0.423264 0.413939 0.622568 0.129409 -0.287803 -0.316384 0.585430 0.853113 0.705461 0.480073 1.123220 1.141210 -0.207611 -0.671005 -0.661759 -0.835054 -0.012303 -0.006144 -0.008394 -0.076008 -0.151389 -0.089921 -0.004580 -0.000152 0.000000 0.000000 -0.003981 -0.000405 -0.042647 -0.020065 -0.067179 0.015001 -0.117729 0.079576 0.034700 0.028639
-0.423382 -0.727138 -0.221944 -1.252043 -1.248420 -1.418580 -0.989018 -0.404094 -0.505995 -0.823721 -0.067784 -0.052549 -0.208070 -0.070768 0.000149 0.000000 0.000834 -0.001243 -0.220233 0.112117 -0.017670 0.060720 1.045965 1.049012 0.815170 0.319950 -0.676269 -0.334180 0.334396 0.198757 0.348792 0.537812 0.021455 0.011019 0.024174 -0.390091 -0.856242 -1.025107 -0.005260 -0.000006 0.066747 -0.060283 -0.171598 -0.088153 -0.328637 -0.008480 -0.005878 -0.005878 -0.006152 -0.000664 0.007980 -0.005048 -0.008483 0.010770 -0.208811 0.000020 0.000791 0.053220
-0.175163 -0.659065 -0.216494 -1.129634 -1.128368 -1.391412 -1.104860 -0.536143 -0.383749 -0.236665 -0.125994 -0.088852 -0.172288 -0.000028 -0.000705 -0.010443 -0.001197 -0.001045 -0.103621 0.491874 0.314094 0.438371 1.343530 1.217227 0.452891 0.271900 -0.335718 -0.368734 -0.096739 -0.083611 -0.215076 0.265910 0.000681 0.000681 0.000180 -0.000715 -0.990643 -1.115683 -0.001107 0.004278 0.013742 0.001736 -0.156215 -0.053009 -0.701645 -0.154775 -0.143392 -0.015108 -0.006736 -0.002564 0.001104 0.015446 0.000326 0.000121 -0.199707 -0.109786 0.000147 0.000664
-0.166866 -0.541412 -0.298285 -1.008270 -0.978351 -1.351796 -1.215822 -0.445971 -0.452494 -0.179676 -0.495841 -0.256389 -0.138035 -0.134807 -0.122959 -0.315840 0.105806 -0.090701 -0.031647 0.696043 0.572628 0.778686 1.089180 0.909779 0.015307 0.004986 -0.137903 -0.233780 -0.239280 -0.173675 -0.420496 0.105344 0.000000 -0.000000 -0.000167 -0.371087 -0.879840 -1.008180 -0.000939 0.003790 0.000488 0.000640 -0.073934 -0.018447 -0.145328 -0.099213 -0.089850 -0.003526 -0.004643 -0.003718 -0.001901 -0.000003 -0.000208 -0.000106 -0.107803 -0.099196 -0.000705 -0.001004
-0.137553 -0.509522 -0.273186 -0.860369 -0.811586 -1.254720 -1.555587 -0.780533 -0.429955 -0.346948 -0.281124 -0.065892 -0.095129 -0.110151 -0.050881 -0.266423 0.053295 -0.102445 -0.000330 0.669114 0.689060 0.884318 1.136031 0.059389 0.019446 0.001656 -0.153572 -0.138488 -0.134798 -0.227898 -0.579212 0.054041 -0.000681 -0.000681 -0.000671 -0.350821 -0.659188 -0.755950 -0.000616 -0.000005 -0.000172 -0.000004 -0.000000 -0.000000 -0.076234 -9999.000000 -9999.000000 -9999.000000 -9999.000000 -9999.000000 -9999.000000 -9999.000000 -9999.000000 -9999.000000 -9999.000000 -9999.000000 -9999.000000 -9999.000000
-0.107844 -0.536968 -0.285819 -0.853153 -0.796434 -1.171268 -1.328006 -0.920962 -0.534573 -0.279469 -0.201673 -0.136184 -0.060259 -0.148734 -0.062436 -0.294132 -0.035181 -0.176248 0.003478 0.641320 0.720341 0.885083 1.012235 0.064123 0.018524 -0.126221 -0.226487 -0.133453 -0.098436 -0.140296 -0.452848 0.000000 -0.013108 -0.008293 -9999.000000 -9999.000000 -9999.000000 -9999.000000 -9999.000000 -9999.000000 -9999.000000 -9999.000000 -9999.000000 -9999.000000 -9999.000000 -9999.000000 -9999.000000 -9999.000000 -9999.000000 -9999.000000 -9999.000000 -9999.000000 -9999.000000 -9999.000000 -9999.000000 -9999.000000 -9999.000000 -9999.000000
-0.054243 -0.325750 -0.157839 -0.446086 -0.455794 -1.127627 -1.441622 -1.087204 -0.655489 -0.398338 -0.213528 -0.285366 -0.038845 0.040242 -0.024768 -0.343289 -0.312023 -0.511112 -0.003691 0.828098 0.826970 0.800004 0.807564 0.059642 0.019121 0.114075 -0.553028 -0.098063 -0.007168 -0.109121 -0.606199 -0.003663 -0.050040 -0.020690 -9999.000000 -9999.000000 -9999.000000 -9999.000000 -9999.000000 -9999.000000 -9999.000000 -9999.000000 -9999.000000 -9999.000000 -9999.000000 -9999.000000 -9999.000000 -9999.000000 -9999.000000 -9999.000000 -9999.000000 -9999.000000 -9999.000000 -9999.000000 -9999.000000 -9999.000000 -9999.000000 -9999.000000
-0.140582 -0.252118 -0.130824 -0.398044 -0.137926 -0.473510 -0.757177 -0.804506 -0.527450 -0.403263 -0.255070 -0.403132 0.036570 0.150809 0.029698 -0.105624 -0.351109 -0.749057 0.049752 0.634777 0.616220 1.037894 0.621020 0.037731 0.017534 0.232491 -0.747024 -0.067628 0.013980 0.000890 -0.536572 -0.208009 -0.044020 -9999.000000 -9999.000000 -9999.000000 -9999.000000 -9999.000000 -9999.000000 -9999.000000 -9999.000000 -9999.000000 -9999.000000 -9999.000000 -9999.000000 -9999.000000 -9999.000000 -9999.000000 -9999.000000 -9999.000000 -9999.000000 -9999.000000 -9999.000000 -9999.000000 -9999.000000 -9999.000000 -9999.000000 -9999.000000
