use_cases/Flooding_chicago/flooding_data/output/hUy_2760.asc
ncols 337
nrows 393
xllcorner 428428.000000
yllcorner 4602440.000000
cellsize 26.757400
NODATA_value -9999.000000
[rows 156 to 181 of 393, columns 58 to 115 of 337]
-0.117387 -0.462080 -0.043393 -0.007233 -0.099699 0.047638 0.127577 0.062441 0.025636 0.060486 -0.053297 -0.010161 -0.135842 -0.159726 -0.128088 -0.186601 -0.068818 0.085809 0.186891 0.110344 0.056950 0.165188 0.019208 0.108091 -0.034729 0.059038 -0.036490 -0.004419 0.002159 0.002413 0.118031 0.214227 0.018869 0.005605 -0.000326 -0.001787 0.000584 0.001276 0.011309 -0.065474 -0.030284 -0.000666 -0.000222 -0.000232 -0.000691 -0.001748 -0.006366 -0.011929 0.001173 0.005231 0.006920 -0.013398 -0.001146 0.036525 0.011524 -0.005627 0.163069 0.003473
0.189051 -0.422351 -0.085584 -0.023416 -0.117788 0.133267 0.138962 0.045218 0.028517 0.067347 -0.069416 -0.035275 -0.138686 -0.150590 -0.140819 -0.286886 -0.033674 0.086549 0.168077 0.110004 0.042877 0.167481 0.011400 0.089328 -0.095182 0.035696 -0.035035 0.007035 0.004953 0.006088 0.146891 0.257780 0.032190 -0.005080 -0.002057 0.000191 0.000350 0.000606 0.000352 -0.088845 -0.038047 -0.000474 -0.003946 -0.005356 -0.001506 -0.001637 -0.008785 -0.016890 -0.001834 0.007815 0.001640 -0.016579 -0.043811 0.036847 0.000326 0.000120 0.000919 0.002805
0.023548 -0.272586 -0.126124 -0.053917 -0.129293 0.192674 0.084821 -0.020514 0.002529 0.027113 -0.074911 -0.066736 -0.173856 -0.178590 -0.170588 -0.303450 0.003311 0.139373 0.197343 0.099621 0.038472 0.180506 0.008245 0.092711 -0.163937 0.015913 -0.026962 0.016446 0.011147 0.014761 0.129810 0.216561 0.080347 0.009633 -0.001423 -0.000054 -0.001144 -0.001351 -0.000478 -0.067744 -0.038953 -0.001390 -0.013994 -0.003548 -0.027023 -0.003136 -0.014734 -0.021134 0.000000 0.000198 -0.000943 -0.000076 -0.050828 -0.000003 -0.000208 -0.000106 -0.000412 -0.003117
0.018262 -0.167089 -0.179318 -0.126856 -0.037489 0.213596 0.002584 -0.166776 -0.012865 0.017386 -0.029801 -0.062918 -0.300933 -0.299108 -0.195302 -0.336185 0.029763 0.142902 0.243838 0.119277 0.016053 0.194106 -0.005189 0.089244 -0.250967 -0.006690 0.012456 0.009540 0.017483 0.111084 0.010239 0.026796 0.140448 0.089384 -0.002334 -0.017763 -0.001046 -0.001239 -0.109059 -0.221690 -0.116924 -0.000551 -0.002783 -0.013804 -0.030066 -0.171894 -0.022293 -0.012014 -0.003042 -0.000397 -0.000856 -0.005883 -0.099061 -0.068216 -0.043668 -0.031244 -0.003599 -0.074206
0.016394 -0.007219 -0.298387 -0.240501 0.166425 0.250038 -0.105285 -0.286303 -0.077132 0.025910 -0.009863 -0.087978 -0.533226 -0.392926 -0.320729 -0.369828 0.134991 0.191239 0.243545 0.109807 -0.001137 0.235645 -0.004233 0.094826 -0.346093 -0.002314 0.000477 0.004884 0.074047 0.177671 0.006389 0.006814 0.006045 0.014204 -0.001047 -0.362616 -0.007393 -0.001661 -0.138912 -0.215012 0.000105 0.000133 -0.001076 -0.022396 -0.162603 -0.709312 -0.008446 -0.004489 -0.002151 -0.000419 -0.000281 -0.035083 -0.566129 -0.351669 -0.398845 0.006284 0.362263 0.005854
-0.000818 0.119473 -0.654986 -0.437069 0.310026 0.304237 -0.162832 -0.327873 -0.070694 0.087821 -0.053593 -0.036360 -0.599182 -0.527728 -0.396610 -0.437891 0.037358 0.112419 0.217013 0.122212 0.060672 0.055210 -0.054957 0.204223 -0.125683 0.000206 0.000000 0.000000 -0.003013 0.104672 0.003982 0.000000 0.000000 0.000000 -0.018747 -0.018666 -0.367373 -0.117820 -0.163343 -0.173035 -0.000128 -0.000372 -0.007097 -0.003923 -0.000330 -0.276851 0.000137 -0.002612 -0.001825 0.000183 0.000152 0.000344 0.017825 -0.022131 -0.395627 0.093366 0.335905 0.003021
0.052852 0.152383 -0.791277 -0.393018 0.369004 0.344336 -0.156191 -0.348631 -0.027935 0.101844 -0.034510 -0.054373 -0.647068 -0.517197 -0.442899 -0.511408 0.025974 0.059685 0.140225 0.155706 0.121209 -0.058213 -0.124257 0.258415 0.123824 -0.000181 -0.000477 -0.014431 -0.008905 0.062854 0.001622 -0.002105 -0.001102 0.002560 0.019792 0.362144 -0.332819 -0.080815 -0.117313 -0.548657 -0.007053 -0.008580 -0.044511 -0.002355 -0.061906 -0.193941 -0.000663 -0.002543 -0.002353 -0.000642 -0.000238 0.000266 0.000637 0.027962 -0.222675 0.045363 0.256648 0.003753
0.030219 0.037579 -0.757591 -0.547230 0.359896 0.458433 -0.089375 -0.347377 0.015060 0.152392 -0.009934 -0.043255 -0.675553 -0.469473 -0.421938 -0.584255 0.043632 0.005422 0.100966 0.102144 0.107127 0.012444 -0.088177 0.215275 0.175079 0.056444 -0.012352 -0.011524 -0.012830 0.000732 0.000953 -0.003043 -0.001173 0.079484 0.037854 0.482106 0.010636 0.036229 -0.061415 -0.403342 -0.105179 -0.351685 -0.661872 -0.046003 -0.025318 -0.262243 -0.089872 -0.006834 -0.007017 -0.009466 -0.028272 -0.003467 -0.001157 0.000674 0.000965 0.000963 0.000795 0.000386
0.010435 0.001040 -0.879366 -0.522515 0.390379 0.504233 -0.029752 -0.351964 0.068055 0.228044 0.005949 -0.095787 -0.698257 -0.510064 -0.475789 -0.514651 0.097615 -0.021517 0.038912 0.132566 0.135579 0.200972 -0.056020 0.178599 0.342849 0.123948 0.040184 0.033590 -0.004153 -0.000412 -0.002272 -0.003156 -0.001465 0.010158 0.303427 0.006318 0.003663 0.006947 -0.019711 -0.169799 0.010750 -0.051211 -0.631206 -0.472735 -0.267911 -0.164618 -0.075141 -0.019261 -0.014341 -0.008601 -0.094584 -0.073294 -0.021103 -0.000944 -0.001136 -0.001077 -0.000816 -0.000390
0.000414 0.001494 -0.509061 -0.376002 0.431479 0.486663 -0.091724 -0.352824 0.144015 0.097657 -0.022242 -0.132456 -0.684666 -0.533797 -0.547589 -0.642408 0.000788 0.001166 0.048144 0.016861 0.011304 0.047849 0.012220 0.017691 0.040011 0.026801 0.162105 0.006033 0.138688 -0.001029 -0.001871 -0.025585 -0.001236 0.000008 0.000098 0.000000 0.000000 0.000067 0.000074 -0.058312 0.041693 0.040794 -0.518095 -0.540994 -0.827735 -0.070740 0.000526 0.005369 -0.009049 -0.067271 -0.041269 -0.526672 -0.009115 -0.000785 -0.210211 0.036026 0.156118 0.055846
0.000050 0.004680 0.070169 0.006341 0.310391 0.273895 -0.180350 -0.305875 0.033535 -0.034874 -0.040418 -0.152517 -0.806623 -0.516810 -0.601879 -0.783355 -0.000183 -0.000055 0.000135 0.000076 0.000214 0.005094 0.007847 0.004197 0.008340 0.008053 0.032353 0.045356 0.165014 -0.009917 -0.018215 -0.016766 -0.020628 -0.021034 -0.001104 -0.013198 -0.005350 -0.000464 -0.000141 0.000469 0.000033 0.000182 -0.098341 -0.562767 -0.807096 -0.014214 -0.000066 0.000000 -0.004269 -0.221674 -0.523315 -0.267410 -0.328313 -0.136925 -0.583808 0.227552 0.313708 0.089950
-0.000367 0.018315 0.171207 0.237431 0.207797 0.014723 -0.269078 -0.221851 0.035564 -0.037105 -0.030769 -0.192118 -0.864552 -0.466260 -0.607037 -0.896774 -0.000727 -0.012716 -0.000169 -0.000063 -0.000058 0.000000 0.000000 0.000000 0.000000 0.000320 0.026280 0.019844 0.322431 -0.114680 -0.162733 -0.166623 0.018471 0.022941 0.009489 -0.257410 -0.013123 -0.006953 -0.002710 -0.000668 -0.026441 -0.001924 -0.023748 -0.540095 -1.485945 -0.056401 -0.011731 -0.003663 0.006077 0.673308 -0.219571 -0.366211 -0.153652 -0.156320 -0.726461 0.383114 0.464374 0.281700
-0.002242 0.039131 0.104777 0.252069 0.122586 0.022081 -0.336256 -0.240540 0.103781 -0.024505 -0.008215 -0.231820 -0.987269 -0.526073 -0.705859 -1.115557 -0.056942 -0.016651 -0.069160 -0.009689 -0.012723 -0.006965 -0.010009 -0.021817 -0.019481 -0.000565 0.015665 0.011838 0.013130 -0.045717 -0.114674 -0.196075 0.037919 0.050836 0.028536 -0.205432 -0.591050 -0.097677 -0.013268 -0.008650 -0.074316 -0.147921 -0.147404 -0.780520 -1.373606 -0.045469 0.000459 -0.012059 0.051064 0.975950 0.038620 -0.221220 0.014876 0.032948 -0.371926 0.474370 0.996363 0.435492
0.028614 0.049188 0.074231 0.077591 0.007615 0.365672 -0.798826 -0.765292 0.303650 0.045694 0.095978 -0.431007 -1.295409 -0.363865 -0.409939 -0.684482 -0.699329 -0.313568 -0.620785 -0.807120 -0.028038 -0.019937 -0.036770 -0.050445 -0.026684 -0.000348 0.000010 0.000360 0.000360 0.000122 -0.089475 -0.085966 0.122674 0.123089 -0.018694 -0.065961 -0.062870 -0.047914 -0.012362 -0.007794 0.429550 -0.196527 -0.408949 -0.855567 -0.685347 0.001958 0.016043 0.002534 0.043907 0.013321 0.032241 0.129931 0.327958 0.019755 0.005792 0.778955 0.905538 0.725186
-0.042898 0.000000 0.000000 0.000000 0.125497 0.878871 -0.733417 -0.627182 0.580900 0.154817 0.184280 -0.185396 -1.138093 -0.030989 -0.025718 -0.010605 -1.174203 -0.690792 -0.637027 -0.599363 -0.141098 -0.740138 -0.049804 -0.026254 -0.030472 -0.005447 -0.008693 -0.000360 -0.000360 -0.000093 -0.258666 -0.041014 0.000020 0.000785 -0.033527 0.109859 -0.019257 -0.029614 -0.060945 -0.032031 0.762511 -0.258198 -0.535267 -0.858416 -0.716659 0.000042 0.000000 0.003973 0.023197 0.000352 0.000158 0.041368 0.018376 0.002211 0.386827 1.339628 1.176146 1.281411
-0.094139 -0.114666 -0.069219 0.111787 0.128823 0.263878 -0.143212 -0.879849 0.203018 0.061074 0.226807 -0.010156 -1.094493 -0.520591 -0.007945 -0.038608 -1.295676 -0.377322 -0.247734 -0.412093 -0.080432 -0.647329 -0.011516 -0.009207 -0.035998 -0.042418 -0.018765 -0.007478 -0.015326 -0.202572 -1.597615 -0.173987 -0.007736 0.000224 0.001033 0.001541 0.001038 0.034027 -0.022884 -0.383181 0.490669 -0.236288 -0.370195 -0.832271 -0.597318 -0.000902 -0.009857 -0.001167 0.000416 -0.000170 -0.000106 -0.000001 0.033302 0.778577 1.957414 2.703681 1.793477 1.529540
-0.044136 -0.207076 -0.456920 0.096902 0.163975 0.092311 0.779797 -0.787030 -0.026657 -0.026178 -0.022678 -0.013648 -0.704307 -0.897181 -0.302048 -0.309082 -1.180150 -0.417404 -0.294398 -0.215572 -0.130678 -0.426445 -0.006417 -0.003954 -0.008824 -0.365129 -0.396079 -0.441708 -1.503418 0.458283 -0.609487 0.342921 -0.077146 -0.000643 -0.000763 -0.000551 0.000789 0.009746 0.019395 -0.037020 0.101999 -0.242672 -0.317798 -0.727253 -0.442971 -0.047117 -0.158406 -0.000637 0.000123 -0.000743 -0.007955 0.000553 2.191263 3.111083 3.394911 3.501547 2.109264 1.695088
0.049247 -0.005083 0.286857 0.135034 0.125831 0.081435 0.092440 -0.690177 -0.772589 -0.012294 -0.013476 -0.006536 -0.395322 -0.523431 -0.236215 -0.282866 -0.972534 -0.537245 -0.448763 -0.270020 -0.238785 -0.441237 -0.004308 -0.011631 -0.076849 -0.047263 -0.075188 -0.326041 -0.866285 0.062540 -0.248234 0.171459 -0.030502 -0.012752 -0.024141 -0.001364 -0.000932 0.000414 0.008775 0.000206 -0.049226 -0.253161 -0.293663 -0.667190 -0.371793 -0.040406 -0.068999 0.000020 0.000136 -0.000610 -0.080686 2.146206 3.491074 3.512469 3.780226 3.126674 1.414289 1.502950
0.174138 0.170531 0.699346 0.232475 0.161259 0.126109 0.137517 -0.303657 -0.684099 -0.347266 -0.215608 -0.551859 -0.168646 -0.269368 -0.195122 -1.047388 -0.906822 -0.636478 -0.614041 -0.295345 -0.733601 -0.243849 -0.087657 -0.458146 0.009303 0.057597 -0.135442 -0.290169 -0.261447 0.069608 0.082715 -0.182143 -0.082031 -0.021735 -0.039250 -0.027882 -0.001273 -0.000591 -0.000022 -0.000101 0.025328 -0.254553 -0.344562 -0.687540 -0.620268 -0.019437 0.000127 0.000000 -0.000070 -0.056996 3.158246 4.568878 5.569870 4.986018 4.410597 4.103466 1.400828 1.491772
0.124601 0.070145 0.176023 0.124789 0.074950 0.031211 0.042036 0.026556 -0.479435 -0.708791 -1.064668 -1.145368 -0.460341 -0.207466 -0.199962 -0.464658 -1.000705 -0.743260 -0.811292 -0.295955 -0.227636 0.070499 -0.113731 -0.329742 -0.023782 -0.021889 -0.133884 -0.186944 -0.228538 0.000000 0.000000 -0.064584 -0.232132 -0.787741 0.020180 -0.173170 -0.008197 -0.005268 -0.010358 -0.000665 0.100246 -0.328375 -0.459001 -0.802417 -0.383770 0.000702 -0.000209 -0.004228 -0.107585 1.537298 4.787326 5.208758 5.006152 2.692562 5.029931 4.347225 1.956651 1.117362
0.007311 0.001231 0.063164 0.053461 0.028252 0.005806 0.020354 0.008187 0.005863 -0.331043 -0.886322 -0.802092 -0.442769 -0.243392 -0.262088 -0.352444 -0.815807 -0.927027 -1.131323 -0.343703 -0.195817 0.014802 -0.163617 -0.276459 -0.163046 -0.140799 -0.123914 -0.707353 -0.584445 -0.000225 -0.014958 -0.112022 -0.023858 -0.715155 0.131027 0.436189 -0.001762 -0.026296 -0.031239 -0.002220 0.094330 -0.294706 -0.357227 -0.593256 -0.347082 0.013036 0.009863 -0.009268 0.960759 2.666951 4.919453 4.580006 4.403218 3.438715 2.692282 4.368823 1.584906 1.000669
-0.012699 -0.003992 0.097029 0.080208 0.039107 0.004214 0.057617 0.031731 0.012985 0.031844 0.363510 0.009500 -0.527690 -0.353795 -0.336342 -0.165733 -0.747923 -1.043253 -1.343499 -1.043370 -0.268248 -0.001336 0.329259 -0.078044 -0.166220 -0.133384 -0.112563 -0.939915 -0.550002 -0.002692 -0.052937 -0.044770 0.019709 -0.511476 0.016632 0.007944 0.007004 -0.002168 -0.425238 -0.074259 -0.075994 -0.312849 -0.352012 -0.548205 -0.232072 0.084472 0.141003 -0.449457 1.422489 3.282492 4.928786 4.428640 4.218299 3.566539 2.599012 2.845428 1.336338 0.090871
-0.004262 0.055271 0.099011 0.084408 0.041799 0.195213 0.138292 0.117156 0.047051 0.124585 0.169725 0.142232 -0.026922 -0.405526 -0.371004 -0.282618 -0.605991 -1.156714 -1.533001 -1.245025 -0.292969 -0.000363 0.000000 0.000068 -0.073969 -0.078523 0.030743 -0.796234 -1.219664 -0.218872 -0.023533 -0.046085 -0.053279 -0.401244 0.000000 0.000000 0.000065 0.000001 -0.497159 -0.010355 -0.027788 -0.091199 -0.089338 -0.357607 0.002361 0.331629 0.402467 0.128458 2.344885 3.299052 4.967248 4.404214 4.419184 3.279233 2.774109 2.388590 0.120877 0.001109
0.026928 0.051249 0.174684 0.071775 0.040151 0.065584 0.031949 0.021941 0.008229 0.034690 0.068706 0.033225 0.056170 -0.300840 0.057949 -0.178003 -0.645575 -1.278422 -2.291818 -2.140684 -0.833146 -0.072452 -0.006209 -0.000527 0.033497 0.354855 0.383759 -0.244972 -1.089347 -0.326505 -0.018971 -0.091681 -0.124667 -0.499151 -0.011964 -0.005378 -0.000547 -0.000174 -0.367164 -0.071870 -0.018354 -0.044961 -0.003782 0.071410 0.590584 1.139929 0.824464 0.464143 2.653445 3.372305 4.985600 3.728417 4.036649 2.703120 2.529140 1.713460 0.046681 0.000348
0.004457 0.042771 0.142032 0.065827 0.002578 0.002747 0.002230 0.001016 0.000248 0.000322 0.105314 0.000767 0.009141 -0.136616 0.303377 0.000748 -0.303845 -1.791839 -2.032810 -1.986227 -0.863273 -0.188835 0.033397 0.049735 0.010424 0.022327 0.014914 -0.168463 -0.834688 -0.239415 -0.174641 -0.142004 -0.563521 -0.894660 -0.178915 -0.021700 -0.004640 -0.000000 0.254679 -0.054943 -0.122643 -0.010832 0.234373 0.829686 1.501218 1.685668 1.251951 1.446086 2.646696 3.759443 5.078584 3.930735 3.460360 2.164538 1.733106 1.240575 0.067751 -0.000013
-0.001613 0.052323 0.002433 0.003637 0.003179 0.001038 0.000262 0.000052 -0.000149 0.000130 0.092620 0.001169 0.001298 0.023578 0.462265 0.001912 -0.282572 -1.827242 -2.361848 -2.286309 -0.903169 -0.257795 0.080142 0.055731 0.000626 0.008624 0.006411 0.016594 -0.865874 0.041504 -0.116972 -0.414119 -0.271585 -0.831679 -0.348981 -0.451777 -0.017131 0.000554 0.008007 0.053542 -0.066359 0.160986 0.650684 1.430294 2.257882 2.292749 1.589031 2.426098 3.212937 3.333070 3.286451 2.940870 2.479249 1.203338 0.912803 0.927423 0.147166 -0.000401
