use_cases/Flooding_chicago/flooding_data/output/hUy_2400.asc
ncols 337
nrows 393
xllcorner 428428.000000
yllcorner 4602440.000000
cellsize 26.757400
NODATA_value -9999.000000
[rows 234 to 259 of 393, columns 58 to 115 of 337]
0.038463 0.033303 0.018895 0.029094 0.000621 0.000399 0.001359 0.113675 0.074136 0.000300 0.000414 0.000000 0.000000 -0.000309 -0.000013 -0.017754 -0.003797 0.008036 -0.110399 -0.202992 -0.127365 0.003501 -0.009549 -0.001607 -0.001070 0.394957 0.398239 0.377257 0.000653 -0.002913 0.147646 0.157880 0.165614 0.593838 1.037380 2.573645 2.308305 1.466444 1.739005 2.103613 1.742064 1.285771 0.385722 0.000912 0.000554 0.000733 -0.055494 0.133291 0.223599 0.275310 -0.000347 -0.046346 0.000441 0.000824 0.000841 -0.000550 -0.017104 -0.127180
0.059473 0.043275 0.016058 0.000557 -0.000042 -0.000323 0.004581 0.109876 0.001988 0.000069 0.000000 -0.014692 -0.008912 -0.043950 -0.041286 -0.014423 -0.127273 0.183305 -0.004903 -0.110514 0.014383 -0.005175 -0.450530 -0.044663 0.077446 0.363857 0.815352 0.319334 0.027929 -0.035991 0.459824 0.291439 0.311702 0.724665 1.132388 1.820647 1.787025 0.963874 1.789414 2.224556 1.902318 1.041833 0.428306 0.000131 0.000247 0.000331 0.001655 0.002498 0.184193 0.412623 0.220621 0.022453 -0.080262 -0.205375 -0.074695 -0.153315 -0.553898 -0.141709
0.273586 0.027329 0.013859 0.001316 -0.000527 0.001311 0.099068 0.009749 0.008855 -0.000565 -0.006111 -0.040627 -0.021665 -0.516925 -0.319607 -0.317451 0.139962 0.210382 0.057974 -0.058848 0.123673 0.006212 -0.224955 0.114696 0.084552 0.290148 0.293978 0.234601 0.099491 0.102503 0.414557 0.386953 0.497796 1.212897 1.794336 1.904404 0.818141 1.199627 1.884454 3.202965 1.420987 0.398803 0.333724 -0.000159 -0.000569 -0.000393 -0.001527 0.001667 0.003371 0.326971 0.238424 0.116350 0.018127 -0.232459 -0.007350 0.003664 -0.327745 -0.043991
0.332022 0.009939 0.004511 0.003595 -0.000436 0.002277 0.002162 0.055609 -0.000114 -0.007344 -0.042551 -0.177454 -0.281818 -0.399510 -0.188215 -0.122604 0.307568 0.349034 0.135425 -0.047676 0.302273 0.050285 -0.148304 0.267514 0.079535 0.212749 0.218904 0.158896 0.008337 0.030364 0.205726 0.440918 0.665855 1.416829 2.140910 2.499871 1.487211 0.783725 1.846474 2.279599 1.814732 0.341046 0.331737 -0.021682 -0.006861 -0.006778 -0.038931 -0.000021 0.001897 0.159127 0.290078 0.185741 0.148960 -0.072129 0.017547 0.148322 -0.139053 -0.034692
0.247761 0.006902 0.007562 0.000000 -0.008654 -0.006418 -0.004702 -0.002879 -0.005483 -0.005499 -0.241599 -0.074858 -0.198909 -0.414159 -0.183300 -0.082160 0.311000 0.410797 0.123358 -0.041593 0.409466 0.059482 -0.090103 0.445463 0.119468 0.208908 0.282583 0.096599 0.029338 0.021404 -0.061510 0.230208 0.580340 1.343568 2.048414 2.913402 1.949093 1.369169 1.839359 2.544648 1.466381 0.279535 0.348834 -0.181897 0.663432 0.468848 0.048161 0.000722 -0.001925 0.002325 -0.000011 -0.000876 -0.000886 -0.026195 -0.115667 0.000028 -0.089295 -0.020674
0.045090 0.011499 0.005061 -0.035795 -0.007600 -0.012826 -0.009478 -0.007001 -0.005273 -0.095554 -0.138212 -0.051568 -0.195597 -0.394633 -0.138204 -0.082816 0.211118 0.392038 0.070337 -0.064686 0.318777 -0.008349 -0.069420 0.399756 0.155923 0.263681 0.494653 0.129782 0.053070 0.011671 -0.210916 0.226720 0.597609 1.434308 2.132527 2.969470 1.750352 1.834969 2.272977 2.155035 1.491146 0.039673 0.232374 -0.128154 0.022255 0.019124 0.006551 0.000356 -0.001094 -0.065542 -0.106485 -0.260281 -0.225587 -0.102339 -0.112617 -0.007613 0.001313 -0.062123
0.002282 0.000830 0.000244 -0.535023 -0.045903 -0.009121 -0.009893 -0.008403 -0.004580 -0.046199 -0.170660 -0.054053 -0.200225 -0.305163 -0.152453 -0.099903 0.116874 0.234799 -0.023141 -0.115963 0.260684 -0.118845 -0.138191 0.317848 0.060099 0.266928 0.581538 0.225197 0.114859 0.033195 -0.241407 0.153769 0.686922 1.555618 2.238974 3.184261 3.502221 2.064862 2.209770 2.169652 1.082086 -0.121372 0.421494 0.000306 0.000167 0.000000 0.000000 -0.000167 0.080530 0.014824 -0.077513 -0.191632 -0.167595 -0.059116 -0.093002 0.106355 0.000261 -0.082379
0.000641 -0.000120 0.000900 -0.012180 0.190437 -0.381150 -0.219967 -0.005520 -0.033136 0.001541 -0.158092 -0.059352 -0.199273 -0.281430 -0.158613 -0.064552 0.025345 0.073419 -0.169465 -0.180243 0.284225 -0.217234 -0.248700 0.192530 -0.071919 0.302911 0.584702 0.229209 0.301137 0.266385 -0.233605 0.102064 0.839665 1.930760 2.838326 4.084550 4.081124 2.869422 1.610260 2.012189 0.581814 -0.008083 0.006330 0.000026 -0.000356 -0.009232 -0.463787 -0.402313 -0.014360 -0.010711 -0.011695 -0.131060 -0.229887 -0.109972 -0.132248 0.267931 -0.138544 -0.369892
-0.001992 -0.017986 0.087933 0.133373 0.191148 -0.433686 -0.119272 -0.002064 -0.026659 0.004842 -0.087018 -0.055205 -0.184545 -0.264436 -0.142473 -0.072508 0.003174 -0.041254 -0.213417 -0.199387 0.312742 -0.303010 -0.279288 0.151840 -0.109717 0.185779 0.552467 0.354724 0.548698 0.524256 -0.088099 0.298087 1.108442 2.297182 2.980196 4.204824 4.974923 3.008004 1.621722 1.249942 0.549095 0.000913 0.000502 -0.001266 -0.061471 -0.338603 -0.331914 -0.292416 -0.258693 -0.002855 0.076196 -0.088302 -0.233214 -0.140096 0.054165 0.510154 -0.210702 -0.448779
-0.045047 -0.526993 0.292563 0.168508 0.179902 -0.330385 -0.071196 0.007254 0.000923 0.001031 -0.068884 -0.113441 -0.172224 -0.163557 -0.112099 -0.083166 -0.035600 -0.119956 -0.294912 -0.214192 0.279086 -0.310744 -0.276277 0.103478 -0.088892 0.070922 0.439649 0.604084 0.617388 0.668836 -0.009363 0.269797 1.091391 2.097157 1.763823 2.481536 5.055128 4.206561 1.201015 2.389831 0.665534 0.003999 -0.000154 -0.012697 -0.300624 -0.275457 -0.302786 -0.301182 -0.163817 0.097012 0.054989 -0.110682 -0.254552 -0.167051 0.102052 0.328206 -0.256471 -0.514786
-0.614604 -0.372384 0.282107 0.183841 0.217429 -0.225425 0.077334 0.207222 -0.012218 -0.008445 -0.153281 -0.177305 -0.163355 -0.128168 -0.105801 -0.081720 -0.100192 -0.370806 -0.404159 -0.241997 0.261591 -0.267279 -0.247859 0.083199 -0.115658 0.035653 0.285794 0.459629 0.843473 0.996582 -0.080841 0.149274 0.967284 2.253139 2.565604 3.715085 6.929692 3.769967 1.019513 1.499322 0.638372 0.019294 -0.000670 -0.000249 -0.187125 -0.262340 -0.319760 -0.317346 -0.122874 0.001095 0.086783 -0.193490 -0.284661 -0.158409 -0.049716 0.216591 -0.194700 -0.502592
-0.472858 -0.350807 0.233421 0.150927 0.217864 -0.159673 0.112880 0.380398 0.094750 0.116321 -0.241010 -0.154792 -0.086041 -0.087817 -0.092998 -0.129474 -0.181975 -0.511757 -0.409943 -0.218685 0.318618 -0.229672 -0.226632 0.106862 -0.118523 0.012092 0.255242 0.402286 0.841458 1.317177 -0.262123 0.043638 0.945859 2.601209 2.902599 4.267368 6.600627 3.804420 1.072272 0.610801 0.826689 0.960417 -0.037899 -0.051835 -0.171733 -0.145311 -0.274439 -0.261200 -0.046594 -0.001394 0.000356 -0.213271 -0.365921 -0.224093 -0.118477 0.009308 -0.103625 -0.485846
-0.415354 -0.451110 0.149140 0.085642 0.153927 -0.165571 0.079877 0.275352 0.129625 0.198299 -0.216486 -0.054582 -0.012315 -0.049507 -0.080486 -0.153388 -0.290762 -0.518997 -0.369347 -0.215156 0.422274 -0.218185 -0.084177 0.088502 -0.077556 -0.026051 0.257636 0.345601 0.895190 1.571842 -0.246914 0.174869 1.084280 2.710300 3.089886 3.844644 5.279774 2.924451 0.882677 0.592423 0.788345 1.166602 0.612229 -0.022061 -0.093441 -0.097920 -0.233274 -0.073792 -0.010583 -0.001581 -0.002197 -0.093592 -0.331238 -0.231889 -0.348282 -0.016480 -0.096672 -0.521196
-0.165846 -0.410963 0.149585 0.104593 0.146223 -0.125424 0.142989 0.085724 0.147536 0.166669 -0.147948 -0.006800 0.010189 -0.004694 -0.102974 -0.210927 -0.265861 -0.485706 -0.310230 -0.209545 0.572572 -0.127955 0.032334 0.143009 -0.092856 -0.045301 0.160196 0.328270 0.936795 1.834323 -0.277341 0.473066 0.669242 1.520676 1.721000 4.128763 5.333142 3.310771 0.149603 0.137699 0.172951 1.138155 1.291420 0.191835 -0.063609 -0.074082 -0.174847 -0.035756 0.012294 -0.163453 -0.159070 -0.276006 -0.529136 -0.148504 -0.304976 -0.056737 -0.157672 -0.431381
-0.102164 -0.310509 0.129631 0.075272 0.090295 -0.058369 0.019387 0.057034 0.121487 0.231656 -0.138510 0.002428 0.019217 0.066004 -0.139529 -0.185181 -0.248021 -0.396084 -0.219261 -0.173574 0.461860 -0.076761 0.120190 0.226681 -0.095906 -0.020012 0.288660 0.023730 0.445100 2.318351 -0.349978 0.638783 0.752748 1.747137 1.881012 4.060588 5.729419 3.504374 0.946105 0.162700 0.183508 0.753218 1.087364 0.461078 0.142048 -0.235507 -0.014566 -0.006073 0.017403 -0.228633 -0.174479 -0.388537 -0.539903 -0.076361 -0.109068 0.222958 0.049318 -0.427224
0.005146 -0.282314 0.109169 0.051792 0.027092 -0.041650 -0.002639 0.039378 0.104138 0.310593 -0.220983 -0.009887 -0.000867 0.098335 -0.140931 -0.155182 -0.227516 -0.369952 -0.152013 -0.119824 0.574934 0.000565 0.213126 0.506741 -0.093256 0.092982 0.044032 0.051087 0.050588 2.634742 0.086228 0.090613 0.137640 1.783364 2.894346 4.957769 4.012364 3.221913 1.591413 0.402201 0.436178 0.519059 0.781168 0.511735 0.247799 0.493651 0.188031 0.066451 -0.093088 -0.211777 -0.174090 -0.358829 -0.545016 -0.012526 0.060525 0.318459 0.249240 -0.357784
0.003814 -0.201361 0.056492 0.013096 0.014006 -0.065796 -0.020470 0.036734 0.102289 0.429086 -0.157484 -0.025173 -0.000621 0.139769 -0.107887 -0.132879 -0.220113 -0.349514 -0.096306 -0.171600 0.696231 0.059870 0.235491 0.512072 0.047140 0.022861 0.000776 0.077176 0.094403 1.181992 0.088121 0.110329 0.161878 1.545603 2.595968 4.447163 3.403654 2.783833 1.618741 0.570800 0.451487 0.462809 0.256060 0.436170 0.177289 0.308074 0.411862 0.299693 0.003482 -0.045775 -0.001618 -0.145282 -0.457092 0.393177 0.012082 0.272496 0.353578 -0.219627
-0.000446 0.063944 0.016722 -0.021586 0.038486 -0.080173 -0.025032 0.002889 0.003162 0.535560 0.011571 -0.023148 -0.004135 0.188510 -0.043468 -0.051987 -0.135928 -0.339347 -0.018989 -0.054862 1.115194 0.218865 0.373105 0.841925 0.039421 0.002967 0.000922 0.071189 0.168948 1.286989 0.163302 0.198579 0.434904 1.451658 2.613277 4.372853 4.445203 2.576894 1.837393 0.675897 0.591539 0.531716 0.243493 0.470064 0.113801 0.113401 0.237765 0.277833 0.082512 0.084141 0.198571 0.017056 -0.066797 0.000103 0.000222 0.365528 0.563336 0.291575
-0.002227 -0.001532 0.028774 -0.003276 0.039430 -0.068391 0.001965 0.003959 0.003857 0.020207 -0.000908 0.087239 0.014349 0.235815 -0.030451 0.007877 -0.092900 -0.243650 0.086448 -0.067420 0.906368 0.210630 0.534940 0.011511 0.008103 0.004264 -0.000070 0.058220 0.071933 1.069715 0.131148 0.169387 0.431768 1.470396 2.607140 4.260353 2.874530 2.378006 2.371846 1.417964 0.984373 0.596977 0.101444 0.115329 0.000367 0.000740 0.030947 0.260661 0.012405 0.089730 0.252534 0.138809 0.110093 -0.000103 -0.000222 0.001071 0.000222 0.001127
-0.002978 -0.002409 0.065967 0.017275 0.019076 -0.069113 0.000322 0.000401 -0.002272 0.000000 -0.000259 0.526138 0.109069 0.326764 -0.047216 0.051833 -0.099866 -0.295325 0.146918 -0.084037 1.022190 0.333398 0.029422 0.003946 0.000702 0.001780 0.008573 0.136276 0.001447 0.541142 0.164012 0.211216 0.518497 2.194789 3.222311 3.991172 3.407054 2.171894 2.123989 1.408525 0.951356 1.089318 0.137806 0.126138 -0.000382 -0.000796 -0.011603 0.264458 -0.033847 0.067150 0.235297 0.276090 0.194862 -0.024344 -0.019069 -0.000389 -0.000222 -0.001724
-0.185316 -0.075746 0.089752 0.064951 0.055522 -0.073142 -0.017958 -0.076979 -0.237673 -0.007377 0.015608 1.125723 0.114662 0.323396 -0.046182 0.357163 0.019436 -0.283279 0.252758 0.035067 1.223689 0.787994 0.012074 0.000222 0.001020 0.017411 0.065665 0.194994 -0.023027 0.221277 0.232801 0.135316 0.126123 2.044099 2.924577 3.622358 3.008235 2.513154 2.081816 1.563571 1.022415 0.750949 0.143972 0.087863 -0.232543 -0.072624 -0.026962 0.190866 -0.009496 0.090764 0.236971 0.315457 0.549642 -0.006184 -0.085413 -0.001029 -0.006849 -0.023963
0.024870 0.029394 0.202588 0.114233 0.090376 -0.159772 0.164214 0.068324 -0.270911 -0.158063 0.284480 0.817069 0.035384 0.426384 -0.038328 0.526253 0.299828 -0.073830 0.060850 0.043411 0.049985 0.071301 0.005389 -0.000222 0.002126 0.012152 0.008509 0.267424 0.007729 0.006698 0.006698 0.000640 0.104049 2.090363 2.841344 3.313421 2.819906 2.193840 2.008953 1.645342 1.085660 0.710906 0.331589 0.044000 -0.203302 -0.069780 -0.007237 0.181944 0.073432 0.177021 0.313542 0.396760 0.601472 0.187642 -0.044529 -0.003369 -0.022327 -0.073602
0.141146 0.059730 0.193442 0.249706 0.169986 -0.271176 0.273181 0.110988 -0.465646 -0.178118 0.337386 0.866385 0.012992 0.556717 0.010337 0.708353 0.032854 0.039065 0.022506 0.038394 0.017858 0.045843 0.034920 0.011644 0.005865 0.001299 0.000799 0.048381 0.000010 0.000360 0.000360 0.000221 0.176777 2.095193 3.213778 2.946933 2.561060 1.946973 2.113918 2.077931 1.585886 0.753364 0.308835 0.057726 -0.166769 -0.094847 0.012387 0.243806 0.172628 0.234670 0.307669 0.498492 0.750035 0.353464 0.000000 -0.000882 0.100830 0.043338
0.232862 0.076666 0.213744 0.352877 0.225698 -0.342984 0.300813 0.111930 -0.540114 -0.211162 0.456139 1.176651 -0.061090 0.724960 0.289558 0.160888 0.000824 0.000935 0.013264 0.017486 0.007317 0.018923 0.020785 0.037008 0.002610 -0.000367 -0.000008 0.000149 -0.046977 -0.000360 -0.000360 -0.000112 0.738632 2.086641 3.160287 2.580819 2.277884 1.952225 1.947612 1.821205 1.536038 0.900502 0.374738 0.177917 -0.056150 -0.088798 0.016665 0.479578 0.256718 0.317191 0.371020 0.402204 0.847611 0.525188 -0.388389 -0.001038 0.129902 -0.030203
0.315776 0.124189 0.353486 0.527365 0.400314 -0.421430 0.516308 0.191461 -0.490757 -0.121156 0.624811 1.200499 -0.112808 1.370256 0.849460 0.240707 0.008253 0.007665 0.004515 0.000007 0.000352 0.006416 0.010469 0.007603 -0.000686 -0.021044 -0.003208 -0.000459 -0.184726 -0.013816 -0.005154 -0.000552 0.868329 2.257141 3.283789 2.606937 2.324744 1.801661 1.662138 1.872529 1.772888 1.406960 0.532024 0.443127 0.216135 -0.042911 0.001022 0.010620 0.100939 0.241286 0.449899 0.602435 0.868124 0.766661 0.058799 0.001209 0.231903 -0.018648
0.508632 0.228664 0.419559 0.018240 0.804739 -0.101515 0.835499 0.559553 -0.144371 0.303433 1.040526 0.022041 0.022995 0.407420 0.711070 0.409768 0.013820 0.006129 -0.000108 -0.007635 -0.000352 -0.000007 0.000068 0.000120 0.014722 -0.059350 -0.016237 -0.010516 -0.066178 -0.208564 -0.010901 0.142801 1.704877 2.393768 2.331954 1.933943 1.767287 1.624200 1.871048 1.360314 1.340482 1.059019 0.757253 0.516334 0.497189 0.120446 0.000150 0.000000 0.070847 0.122003 0.158921 0.411417 0.642935 0.673853 0.146402 0.121901 0.299172 0.113307
