use_cases/Flooding_chicago/flooding_data/output/hUy_1860.asc
ncols 337
nrows 393
xllcorner 428428.000000
yllcorner 4602440.000000
cellsize 26.757400
NODATA_value -9999.000000
[rows 182 to 207 of 393, columns 174 to 231 of 337]
0.002378 0.001422 0.000441 -0.000046 -0.000012 0.007727 -0.013481 0.480276 0.633801 1.343265 0.623408 -0.325710 -0.053704 1.801460 0.096023 -0.006778 -0.006854 -0.026457 -0.022857 -0.080453 0.379717 -0.130301 0.818467 0.313091 1.298781 0.075250 0.098981 1.114852 0.039126 0.036996 0.001315 -0.002045 -0.029322 -0.001706 -0.001623 -0.001306 0.313924 0.015300 0.355536 0.277316 0.006306 -0.008278 -0.023384 -0.013711 -0.008027 -0.004798 -0.081209 -0.034100 -0.050623 -0.002510 0.000574 0.000010 1.022831 4.071158 3.615919 3.258328 2.065137 0.012164
0.000505 0.017008 0.000852 -0.000748 -0.000881 0.038041 0.026144 0.515533 0.752242 1.587775 0.869116 -0.277390 -0.029902 2.048970 0.287205 0.076674 -0.053871 -0.075612 0.068431 0.528350 0.875837 0.034332 1.180309 0.035274 0.027763 0.011507 0.126529 0.245979 0.009886 0.019405 0.000412 -0.011068 -0.021483 -0.006860 -0.002197 -0.001844 0.177308 0.010780 0.025520 0.006387 0.000592 -0.002162 -0.050276 -0.011018 -0.006907 -0.003214 -0.079480 -0.049737 -0.267355 0.348893 0.126837 0.459618 2.897410 4.868385 2.148611 2.009673 0.900658 0.002549
-0.000161 0.005879 0.000608 0.020442 0.107856 0.144761 0.034835 0.207874 0.746679 1.701104 0.725443 0.052363 0.022265 0.011412 0.012176 0.019342 0.020464 -0.002105 0.304970 0.755601 1.201369 0.576462 0.032767 0.019551 0.011993 0.009684 0.009378 0.176904 0.000721 0.001046 -0.000084 -0.002338 -0.096453 -0.003303 -0.033608 -0.004754 0.126677 0.000010 0.000360 0.000360 -0.000058 -0.001091 -0.054218 -0.041984 -0.070216 -0.053518 -0.228682 0.785939 1.008790 1.225235 0.347936 0.440654 1.668569 2.608992 1.262966 1.542821 1.352488 0.003396
-0.002679 -0.000140 0.000083 0.004693 0.078348 0.068460 0.060106 0.007409 0.636749 1.932840 1.207916 0.006406 0.000009 0.000464 0.005350 0.016137 0.021779 0.058930 0.202016 0.233638 0.062549 0.088719 0.037182 0.003930 0.005252 0.002194 0.000081 0.230872 0.000051 0.000510 -0.000573 0.004439 0.014007 -0.073665 -0.179115 -0.098521 0.008012 -0.017722 -0.000360 -0.000360 -0.001000 -0.000440 -0.007013 -0.061119 -0.217880 0.654029 0.846749 1.139515 1.510178 1.376625 0.018069 0.013397 0.510906 0.685063 1.425926 3.076769 1.572548 0.009742
-0.047604 -0.005209 -0.000282 -0.000006 0.073764 0.066077 0.015642 0.003483 0.124639 1.326844 1.937080 0.722173 -0.004109 -0.000068 0.000000 0.006078 0.016158 0.057020 0.110643 0.163279 0.031879 0.086522 0.027648 0.009907 0.009322 0.003109 -0.000314 0.207242 -0.000649 0.000657 -0.000006 0.050230 0.036206 0.033654 0.137708 0.052958 0.011053 -0.459290 -0.007599 -0.011391 -0.001948 -0.000651 -0.016153 0.516615 0.617108 0.975393 1.172184 1.210287 0.214888 0.016897 0.009147 0.007039 0.001002 0.014663 1.357302 2.673634 2.852654 0.052329
-0.073699 -0.008284 -0.001021 0.002754 0.055726 0.032986 0.002884 0.000631 0.008723 0.021257 1.245170 2.484091 -0.032035 -0.011342 -0.006293 0.000345 0.010688 0.011068 0.070293 0.109085 0.089200 0.043446 0.012078 0.020307 0.013249 0.003070 -0.000518 0.146365 -0.009659 0.000153 0.000807 0.011784 0.008315 0.187736 0.026345 0.058451 0.021466 -0.452436 -0.243591 -0.252535 -0.075170 -0.041526 0.109899 0.560691 0.648575 1.354696 1.239172 0.000163 0.000118 0.000139 0.000222 0.000103 0.000742 0.005430 1.043673 2.125882 3.392571 1.396194
-0.088656 -0.010566 -0.001582 0.002686 0.002029 0.000634 -0.000023 -0.000029 0.017068 0.026987 1.090704 1.014054 0.645164 -0.037639 -0.016356 -0.000273 0.000958 0.002652 0.015866 0.055770 0.080620 0.026672 0.040503 0.051799 0.036173 0.004535 -0.000781 0.073211 -0.010809 -0.000080 0.000148 0.000222 0.002632 0.070918 0.033482 0.017760 0.001864 0.001000 -0.097981 -0.298135 -0.208301 -0.223476 0.134396 0.540198 0.826942 1.289326 1.407705 -0.000149 -0.000020 -0.000140 -0.000222 -0.000103 0.000133 0.001328 0.135197 2.022308 3.349396 2.198986
-0.027525 -0.002442 -0.001182 -0.001322 -0.000685 -0.000363 -0.000362 -0.000368 0.034878 0.039582 0.797494 0.871653 0.733917 -0.015105 -0.016347 -0.001014 -0.000177 0.003632 0.000549 0.078526 0.007727 0.009703 0.029768 0.043609 0.011042 0.001008 -0.133088 0.045034 0.023441 -0.000160 -0.000248 -0.000222 0.008926 0.051741 0.001883 0.001297 0.000467 0.001821 0.001126 -0.216169 -0.128932 -0.381563 0.245024 0.342970 0.882936 1.119841 1.039429 0.157116 -0.001081 -0.011787 -0.016194 -0.008006 -0.000489 0.008619 0.331500 1.631230 2.998873 2.100627
-0.011594 -0.001018 -0.017336 -0.003711 -0.002018 -0.014955 -0.006945 0.007203 0.049396 0.039191 0.665316 1.014886 0.693562 0.192327 -0.020774 -0.000553 -0.000738 0.000013 0.000402 0.035438 0.000251 0.000517 0.005758 0.020358 0.010024 0.001064 -0.085943 0.037514 0.022080 -0.140687 0.000078 -0.000015 0.002031 0.020867 0.010842 0.003218 0.000821 0.003144 0.001945 -0.086704 -0.078187 -0.154268 0.314441 0.292861 0.950714 0.927680 0.758556 0.176392 -0.013065 -0.400613 -0.723803 0.823742 0.509846 0.350720 0.393157 2.025676 2.215327 1.492029
-0.010335 -0.012565 -0.065076 -0.013100 -0.020369 -0.041853 -0.019945 0.005856 0.030267 0.010079 0.520437 0.917424 0.492632 0.398555 0.032610 0.003084 0.000501 -0.000723 -0.000434 -0.000010 -0.000126 -0.000068 0.000003 0.000208 0.000106 0.000083 -0.056125 -0.073609 -0.161292 -0.072563 0.000825 0.000476 0.001171 0.007085 0.006648 0.019631 0.011174 0.025183 0.017905 -0.028077 -0.188523 -0.040542 0.574954 0.404776 1.256255 0.653588 0.631516 0.374136 0.112125 0.702087 0.875953 1.352010 0.614138 0.483207 1.187400 2.176857 0.903820 0.018118
-0.002624 -0.048455 -0.028671 -0.007132 -0.002946 -0.002682 0.014272 -0.004915 0.116624 -0.201532 0.577680 0.862396 0.347276 0.018439 0.019056 0.006567 0.004122 -0.001723 -0.003412 -0.009513 -0.023214 -0.000867 -0.007254 -0.000326 -0.000121 -0.000087 -0.089660 -0.212217 -0.064107 0.016849 0.001258 0.000424 0.000000 0.000007 0.000352 0.007760 0.004261 0.007058 0.003665 -0.007373 -0.021434 0.083225 0.618130 0.243036 0.809506 0.660069 0.555532 0.500275 0.419099 1.110578 1.053030 1.247396 0.344939 0.317124 0.974613 0.980628 0.028127 0.001893
-0.000763 -0.007236 -0.244731 -0.005843 0.016528 0.031241 0.004520 0.001207 0.852632 -0.238208 0.493050 0.575630 0.267808 0.000529 0.006923 0.026432 0.012602 0.005432 -0.001701 -0.076179 -0.020384 -0.001230 -0.015907 -0.011371 -0.008069 -0.007198 -0.085820 -0.226035 0.000367 0.007712 -0.000288 -0.002101 -0.016418 -0.007847 -0.000352 -0.000007 -0.000000 0.000100 0.000002 -0.001643 0.201669 0.160847 0.452011 0.227558 1.022272 0.468347 0.509323 0.515797 0.496708 0.834356 0.946425 1.263772 0.381200 0.442153 0.464695 0.463745 0.002508 0.000606
-9999.000000 -0.014247 -0.013101 -0.007846 0.000000 0.004703 0.003181 0.076795 1.080716 -0.043370 0.329791 0.573225 0.400748 -0.002039 0.004441 0.008895 0.020337 0.015515 -0.000345 -0.028151 -0.160283 -0.010779 -0.017539 -0.017018 -0.020063 -0.008077 -0.342171 -0.086756 -0.000105 0.000000 -0.000490 -0.030815 -0.061489 -0.019066 -0.006462 -0.006063 -0.008704 -0.000220 -0.005815 -0.000245 0.326790 0.103903 0.464170 0.476563 1.147917 0.228689 0.209583 0.502183 0.450643 0.966595 1.052615 1.256689 0.920114 1.218538 0.977631 0.491629 0.003781 -0.000241
-9999.000000 -9999.000000 -0.011170 -0.004035 0.001172 0.018485 0.011596 0.059879 0.030158 0.095411 0.008747 0.309799 0.668572 -0.002269 0.001004 0.010154 0.026195 0.021972 0.001053 0.000910 -0.138028 -0.118508 -0.081651 -0.045954 -0.066361 -0.020153 -0.708023 -0.017872 -0.009922 -0.003663 -0.009249 -0.066966 -0.076736 -0.042022 -0.012282 -0.013361 -0.023106 -0.007532 -0.012979 -0.001302 0.352179 0.111345 0.293251 0.535063 1.199647 0.001998 0.003662 0.003688 0.193052 0.596545 1.067327 1.428689 1.196023 1.377136 1.561564 0.943249 0.070449 0.046284
-9999.000000 -9999.000000 -9999.000000 -0.000203 0.003147 0.046807 0.025656 0.025149 0.010949 0.000931 -0.001161 0.254351 0.664604 -0.000940 -0.000546 0.000427 0.027732 0.023007 0.001415 0.000746 -0.080561 -0.066724 -0.034698 -0.085754 -0.013995 -0.002003 -0.962833 -0.030865 -0.021581 -0.010332 -0.015724 -0.073705 -0.108835 -0.062414 -0.011422 -0.032927 -0.026346 -0.030517 -0.001563 -0.001122 0.366375 0.000699 0.323701 0.332262 1.178205 0.001239 0.000689 -0.002150 0.002011 0.252414 0.910187 0.925798 1.117756 1.520996 1.708427 1.510708 0.417818 0.340044
-9999.000000 -9999.000000 -9999.000000 0.000039 0.001280 0.022552 0.059915 0.001742 0.000065 0.000640 0.009534 0.479088 0.923100 0.013701 -0.000613 -0.000091 0.000400 0.000740 0.000034 -0.000327 0.000130 -0.040392 -0.025328 -0.031050 -0.006050 -0.002752 -0.693640 -0.376455 -0.028641 -0.020587 -0.023358 -0.021348 -0.197452 -0.016877 -0.020865 -0.053924 -0.030128 -0.043119 -0.008488 0.055615 0.295714 0.000913 0.337230 0.600076 1.435530 0.154114 -0.070631 -0.304012 -0.052977 0.212761 0.300954 0.746407 1.142718 1.610694 2.151515 1.658229 0.873558 0.710883
-9999.000000 -9999.000000 -9999.000000 -9999.000000 0.002134 0.013498 0.015241 0.001775 0.000088 0.000581 0.023802 0.134018 1.457598 0.092788 -0.000533 -0.011672 -0.000679 -0.001041 -0.001659 -0.000939 -0.000226 -0.016248 -0.014185 -0.017242 -0.003874 -0.003147 -0.537596 -0.373090 -0.027779 -0.032775 -0.004471 -0.008143 -0.193286 -0.086803 -0.014923 -0.055036 -0.023452 -0.034956 -0.023626 0.115528 0.194603 0.047456 0.650151 0.532317 1.310630 0.637180 0.246894 -0.142934 -0.079138 0.261919 0.451532 0.756522 1.224635 1.813241 2.029766 1.802120 0.931749 0.733288
-9999.000000 -9999.000000 -9999.000000 -9999.000000 0.001944 0.000772 0.006417 0.001296 0.000409 0.000147 0.082485 0.133659 0.111721 0.067360 -0.001185 -0.028504 -0.008547 -0.013004 -0.009957 -0.032416 -0.019562 -0.008193 -0.054652 -0.012589 -0.003920 -0.001790 -0.280748 -0.858247 -0.055553 -0.042323 -0.009536 -0.004235 -0.092369 -0.057921 -0.051117 -0.074193 -0.037177 -0.087880 -0.010135 0.246574 0.276285 0.403747 0.831152 0.943269 1.663096 0.956389 0.351442 0.005018 -0.146802 0.151289 0.394144 0.898944 1.343823 1.308617 2.065690 1.634777 0.801935 0.516393
-9999.000000 -9999.000000 -9999.000000 -9999.000000 -0.000011 -0.000270 0.000000 0.000144 0.000181 0.000550 0.118262 0.193460 0.001306 0.006384 0.000073 -0.068480 -0.017428 -0.027044 -0.018450 -0.076022 -0.016647 -0.040169 -0.076077 -0.023421 -0.029162 -0.014849 -0.345444 -0.616289 -0.309141 -0.038528 -0.037257 -0.042619 -0.102534 -0.083017 -0.065242 -0.090188 -0.055798 -0.383290 -0.071344 0.296369 0.378367 0.589126 0.993287 1.052518 1.872410 1.027185 0.544727 0.124710 0.097362 -0.014565 0.468055 0.935499 1.368592 1.239335 1.375452 1.165265 0.695169 0.402272
-9999.000000 -9999.000000 -9999.000000 -9999.000000 -9999.000000 -0.012355 -0.004217 -0.000250 0.000256 0.000388 0.046726 0.076112 0.000678 0.000760 0.000365 -0.092624 -0.170791 -0.099481 -0.188516 -0.168693 -0.022262 -0.054339 -0.056495 -0.045162 -0.048759 -0.028072 -0.608008 -0.957571 -0.132491 -0.096439 -0.065156 -0.046247 -0.190300 -0.117863 -0.842014 -0.949833 0.186051 0.382427 0.392947 0.602589 0.974956 0.986481 1.027377 1.243571 1.856384 1.162692 0.585168 0.171812 0.136418 0.184748 0.463038 0.678677 1.036002 1.157118 1.271986 0.807728 0.260742 0.016925
-9999.000000 -9999.000000 -9999.000000 -9999.000000 0.000565 -0.020071 -0.007918 -0.006429 -0.000345 0.000303 0.056842 0.100377 0.000410 0.001111 0.000121 0.000103 -0.030818 -0.025511 -0.053344 -0.099172 -0.262935 -0.251575 -0.028666 -0.046809 -0.052818 0.000636 -0.442143 -0.724212 -0.301404 -0.296118 -0.107628 -1.058401 -0.775104 -0.218345 -0.047781 -0.214027 0.736624 0.722262 0.541144 0.650907 1.329234 1.388737 1.072009 1.525792 1.935745 1.041844 0.795200 0.169300 0.137109 0.141808 0.320635 0.315551 0.639395 1.058235 0.591070 0.018649 0.000870 0.001378
-9999.000000 -9999.000000 -9999.000000 -9999.000000 -0.003526 -0.065824 -0.017156 -0.005676 -0.001515 -0.000546 0.040267 0.077861 -0.000083 0.000000 -0.000113 -0.000103 0.003833 0.000222 0.000566 -0.023870 -0.102487 -0.374302 -0.400858 -0.156285 -0.025924 -0.014374 -0.361868 -0.514174 -0.212822 -0.182994 0.386252 -0.175508 -0.119499 0.237313 0.269788 0.130653 0.687098 0.650974 0.730884 0.960521 1.413805 1.196899 1.362996 1.340896 1.505045 0.850021 0.515554 0.120631 0.028781 -0.008774 0.263321 0.260195 0.519712 0.451513 0.129110 0.000200 0.000137 0.000844
-9999.000000 -9999.000000 -9999.000000 -9999.000000 0.000771 -0.009521 -0.106979 -0.003227 -0.001589 -0.000735 0.032488 0.029738 -0.015861 -0.003663 -0.005468 -0.058002 -0.036748 -0.000222 0.001509 -0.004094 0.349436 0.016766 -0.102975 -0.048423 -0.079421 -0.188099 -0.293049 -0.210410 -0.421923 0.518046 0.515379 0.879998 0.418755 0.433733 0.396595 0.253624 0.684490 0.768838 0.620086 0.941133 1.126083 1.026940 0.877664 1.274946 0.710728 0.364960 0.183060 0.201784 -0.015789 0.022637 0.208536 0.185462 0.298146 0.303677 -0.000015 -0.000214 -0.000783 -0.001410
-9999.000000 -9999.000000 -9999.000000 0.000013 0.000308 0.000295 -0.065920 -0.001553 -0.001191 0.013698 0.134586 -0.003246 0.073880 -0.056167 -0.104092 -0.122140 -0.047438 -0.021655 -0.002691 0.080532 0.707217 0.109633 0.000801 0.000458 -0.084770 -0.105632 0.001080 0.236696 1.119284 0.947222 0.666774 0.675849 0.684731 0.456106 0.358001 0.249506 0.566968 0.753094 0.748019 0.642436 0.928834 0.549375 0.418324 0.944206 0.523270 0.229882 0.065268 0.054668 -0.115378 -0.099974 0.216279 0.012739 0.016257 0.000963 -0.028351 -0.011776 -0.025812 -0.028763
-9999.000000 -9999.000000 -9999.000000 -0.009020 -0.000832 -0.000447 -0.041670 -0.027636 -0.012587 0.029873 0.113197 0.102438 0.003663 -0.015678 -0.030445 -0.033112 -0.234491 -0.020926 -0.041688 0.131107 0.263351 0.000000 -0.000234 -0.000279 -0.027035 0.058222 0.422282 0.926656 1.229477 1.261665 0.584557 0.570270 0.824675 0.508608 0.301889 0.304721 0.631431 0.891210 0.738500 0.661068 0.230974 0.254433 0.064060 1.110673 0.517343 0.174977 -0.033979 -0.035748 -0.159827 -0.165120 -0.000145 0.000208 0.000003 -0.000089 -0.008921 -0.917629 -1.380819 0.413800
-9999.000000 -9999.000000 -9999.000000 -0.024986 -0.000667 0.003597 0.018404 -0.135830 -0.215036 0.003857 0.000044 0.000000 0.000000 0.000000 0.000000 -0.013988 -0.017173 -0.012508 -0.033669 0.029709 0.014590 0.005579 -0.022568 -0.097567 0.283014 0.761926 0.932890 0.983111 1.156397 0.597664 0.047529 0.019170 0.329550 0.272666 0.384134 0.323380 0.794620 1.155370 1.213199 0.326155 0.003224 0.002657 0.043471 0.998711 0.767184 0.161443 -0.037239 -0.021101 -0.173536 -0.191651 -0.236168 -0.000326 -0.005982 -0.019320 -0.097088 -0.302543 -0.834647 0.452839
