use_cases/Flooding_chicago/flooding_data/output/hUy_1620.asc
ncols 337
nrows 393
xllcorner 428428.000000
yllcorner 4602440.000000
cellsize 26.757400
NODATA_value -9999.000000
[rows 208 to 233 of 393, columns 58 to 115 of 337]
0.000728 0.106044 0.170865 -0.385919 -0.230604 -0.287899 0.200512 0.000178 0.000000 0.000000 0.094557 0.268737 0.487673 -1.052931 -1.168085 -0.036600 -0.034181 -0.057874 -0.319676 -0.361642 -0.406763 -0.170031 -0.002161 -0.020488 -0.002653 -0.006330 -0.012748 0.029957 0.032596 -0.031772 0.011598 0.106940 -0.152249 -0.167918 -0.006446 0.324447 0.546827 0.046487 0.114878 0.498522 0.759837 0.524443 0.909900 1.660034 1.028185 0.403858 0.302861 0.009299 0.114428 0.004757 0.018945 0.017966 0.005244 0.003799 0.000539 -0.000345 -0.000367 -0.000718
-0.057774 0.094044 0.074777 -0.309126 -0.287743 -0.286331 0.140733 -0.000347 -0.073923 -0.069935 0.000465 0.313256 0.401314 -0.248221 -0.413880 0.230417 -0.540783 -0.421442 -0.589109 -0.229930 0.042695 0.053771 0.173169 -0.009967 -0.026833 -0.016037 -0.243855 0.298928 0.054776 0.000052 0.114534 0.155483 -0.176903 -0.208134 -0.001946 0.473654 0.750839 0.092499 0.133608 0.301866 0.486434 0.491512 0.605112 1.318526 1.082378 0.519371 0.437235 0.049212 0.113246 0.013041 0.002756 0.000360 0.000360 -0.008603 -0.002193 -0.039800 -0.041680 -0.010883
-0.126898 -0.037368 0.018833 -0.308722 -0.281977 -0.494067 0.050479 -0.109335 0.002803 0.173199 0.013827 0.000204 -0.092052 -0.025065 -0.134902 0.440734 -0.611415 -0.368172 -0.527020 0.024319 0.013616 0.131242 0.140831 0.104556 -0.062686 -0.003334 -0.200145 0.287836 0.043673 0.063673 0.056638 0.177654 -0.150165 -0.214100 0.027683 0.469850 0.531327 0.054829 0.163972 0.348167 0.475444 0.471493 0.578361 1.316130 1.110092 0.631694 0.411349 0.016683 0.135696 0.113854 0.012790 -0.000360 -0.000360 -0.012505 -0.010852 -0.299041 -0.242045 -0.244596
-0.139235 -0.117057 0.035918 -0.288102 -0.254972 -0.508512 0.018124 -0.014425 -0.022220 0.233032 0.031292 -0.001296 -0.398279 0.045835 0.054648 0.420548 -1.124673 -0.396962 -0.243642 0.006780 0.021518 0.023643 0.028976 0.132695 0.009699 0.001550 -0.103314 0.352459 -0.010363 0.149018 0.084681 0.287130 0.002446 -0.254315 -0.040279 0.358230 0.443623 0.055644 0.068731 0.343607 0.424102 0.554938 0.902428 1.612426 1.363209 0.660407 0.823785 -0.028997 0.003073 0.027124 0.057780 -0.000250 -0.044592 -0.528284 -0.372614 -0.343470 -0.549426 -0.925426
-0.106074 -0.093380 0.007502 -0.273913 -0.252061 -0.518439 -0.018746 -0.020383 0.023907 0.406772 -0.059034 -0.229034 -0.366988 0.660155 0.710277 0.718038 -0.308642 0.028551 0.000468 0.019812 0.008632 0.057791 -0.031566 0.155397 0.025737 0.005348 -0.040024 0.296137 -0.020500 0.002047 0.101614 0.432465 0.166537 0.085570 -0.090323 0.243676 0.320085 0.044080 0.066816 0.312123 0.496899 0.477635 0.836251 1.702945 1.235572 0.745286 0.505523 -0.015042 0.000926 0.001595 0.019940 0.001662 -0.261310 -0.666857 -0.523208 -0.392993 0.042960 0.033638
-0.107788 -0.102737 -0.093726 -0.222729 -0.222421 -0.407039 -0.082232 -0.062556 -0.020726 0.963245 -0.315328 -0.901379 -0.324821 0.003663 0.007194 0.086918 0.081284 0.009124 0.000681 0.029217 0.012343 0.047102 0.019147 0.017293 0.000376 0.006592 0.020575 0.021000 0.000503 0.003544 0.000628 0.636722 0.201662 0.167049 0.012735 0.230911 0.299572 0.033764 0.184214 0.413002 0.504429 0.436708 0.858458 1.427497 1.326947 0.597786 0.630116 0.000110 -0.000025 -0.000579 0.000000 0.000000 -0.010103 -0.768206 -0.678711 -0.000371 0.001565 0.013966
-0.207748 -0.217749 -0.095902 -0.111544 -0.161207 -0.480966 -0.104008 -0.064830 -0.207739 1.238480 -0.213927 -0.364993 0.031523 0.000000 0.000000 0.000749 0.002707 0.000433 0.000711 0.030694 0.001800 0.010763 0.000806 0.000035 -0.000142 -0.000020 -0.000001 -0.000004 -0.000149 -0.000005 -0.000174 0.804165 0.007911 0.010177 0.246102 0.236144 0.250214 0.063704 0.212989 0.346408 0.311018 0.286753 0.667586 1.378969 1.487910 1.089696 0.835878 -0.001018 -0.014913 -0.022843 -0.006680 -0.007169 -0.574803 -0.631479 -0.593779 0.000563 0.000897 0.000222
-0.212308 -0.231030 -0.056697 -0.026669 -0.036449 -0.294195 -0.039077 0.070673 -0.268273 1.565530 0.035632 0.005399 0.010405 -0.000576 -0.005528 -0.002316 -0.003311 -0.000329 -0.000527 0.000582 0.000391 0.000000 -0.000167 -0.004342 -0.065333 0.009147 0.010032 0.001651 0.014357 0.032334 0.126565 0.581774 0.022164 0.026896 0.052590 0.046491 0.037195 0.207149 0.245163 0.178011 0.188028 0.144439 0.619803 1.203128 1.695226 1.047409 1.605662 0.514092 -0.366289 -0.439448 -0.315350 -0.250125 -0.536087 -0.356040 -0.466271 0.000485 0.000174 -0.000222
-0.174432 -0.149565 0.029611 0.075629 -0.140837 -0.266230 -0.007776 0.001253 0.000036 0.517284 0.013466 0.000081 -0.000012 -0.000570 -0.001930 -0.042575 -0.092463 -0.014382 -0.006857 -0.001026 -0.001919 -0.006437 -0.000802 -0.038048 0.050876 0.016861 0.012370 -0.001503 0.026962 0.079383 0.307520 0.386332 0.054297 0.065750 0.024232 0.029255 0.040297 0.005863 0.009798 0.102141 0.154605 0.011235 0.619842 1.355059 1.754864 1.192623 1.785048 1.190872 0.161120 -0.232850 -0.440732 -0.225126 -0.494828 0.025654 0.000840 0.000406 -0.001832 -0.025069
-0.113065 -0.166684 0.098063 0.310925 0.018740 -0.046888 0.012487 0.003600 0.320945 0.461200 0.051451 -0.000714 -0.008973 -0.007167 -0.108924 -0.089202 -0.177660 -0.009937 -0.002688 -0.000812 -0.038603 -0.037233 -0.001470 0.048168 0.069003 0.000778 0.001029 0.015515 0.058415 0.182687 0.016360 0.037797 0.127335 0.034297 0.014220 0.010098 0.016436 0.000645 0.000821 0.009376 0.013250 0.077826 0.935442 1.404870 0.422181 0.467374 1.734616 1.345690 0.930119 0.912365 -0.184273 0.019345 0.000265 0.000123 -0.001216 -0.004017 -0.026689 -0.086424
-0.109305 -0.339601 0.176171 0.634429 0.262447 -0.015495 0.006624 0.011334 0.329709 0.051740 0.047458 -0.102221 -0.104884 -0.084732 -0.080073 -0.041783 -0.067403 0.074005 -0.001756 -0.005078 -0.199815 -0.003990 0.000831 0.000447 0.124506 0.000183 0.001421 0.041551 0.156298 0.018165 0.000471 0.043185 0.031822 0.032606 0.000381 0.000780 0.000847 0.000314 0.002329 0.043633 0.044210 0.017185 0.349754 0.469743 0.594573 0.617179 0.470270 0.436879 0.556849 0.653498 0.125501 0.066227 -0.000472 -0.000848 -0.011752 -0.062656 -0.087510 -0.566949
-0.181134 -0.356041 0.211673 0.943047 0.645080 0.056855 0.004749 0.010665 0.027154 0.067080 0.040125 -0.017665 -0.029939 -0.019857 -0.034085 0.027676 0.016474 0.000985 0.000322 0.005472 -0.139082 -0.000013 -0.000308 -0.000295 0.000194 -0.083628 0.001102 0.004926 0.035781 0.009485 0.000691 0.066282 0.000026 0.000538 -0.000387 -0.000804 -0.000853 -0.000610 0.005942 0.018945 0.012447 0.001242 0.138156 0.546980 0.664945 0.678869 0.490814 0.128181 0.259915 0.486810 0.272831 0.111706 0.031196 -0.000709 -0.121488 -0.188978 -0.153202 -0.606133
-0.135383 -0.305949 0.233653 1.189311 0.741602 0.086716 -0.005409 -0.003631 0.013485 0.113269 0.019771 -0.005391 -0.028851 -0.010790 -0.015129 0.085137 0.114187 0.001014 0.000801 0.016635 -0.181914 -0.012970 -0.000771 -0.004464 -0.000713 -0.090631 -0.000318 0.002040 0.009007 0.000989 0.000652 0.050954 -0.019142 -0.001063 -0.011612 -0.010418 -0.021098 -0.013691 -0.000699 -0.000024 -0.000001 0.000293 0.296801 0.300039 0.754070 0.809920 0.100306 0.194662 0.297831 0.670172 0.116566 0.148120 0.048519 0.009551 -0.120570 0.005672 -0.220369 0.005542
-0.062298 -0.218552 0.299704 1.162582 0.841599 0.223116 -0.047993 -0.024777 -0.007078 0.005800 0.000789 -0.021925 -0.028991 0.000184 -0.000008 0.057103 0.133434 -0.000009 0.000000 0.000214 -0.069723 -0.462546 -0.498487 -0.003112 -0.102203 -0.070464 -0.001672 -0.000000 -0.000003 -0.000071 -0.000351 0.004974 -0.001813 -0.000898 -0.028431 -0.024020 -0.059813 -0.032460 0.047491 0.068541 0.088506 0.052224 0.334038 1.006940 0.351567 0.258493 0.009532 0.035325 0.087309 0.779477 0.173379 0.367424 0.032955 -0.001615 -0.000927 0.034217 -0.114150 0.001523
-0.044570 -0.109954 0.402353 0.817670 0.529684 0.376970 0.011549 0.000062 0.000140 0.000222 0.000047 -0.041092 -0.051407 -0.000343 -0.101459 0.018279 0.146066 0.003599 -0.009314 -0.000709 0.009036 -0.628832 -0.483933 0.572774 0.096366 0.265379 0.247148 0.021232 0.005049 -0.001015 -0.000838 -0.046347 0.015154 -0.000516 -0.003964 -0.050906 -0.027306 -0.009982 0.161373 0.171999 0.212262 0.202884 0.498171 0.776390 0.385786 0.007235 0.017209 0.000000 0.154304 0.148710 0.425892 0.306234 0.070877 -0.052860 0.010531 0.089833 0.040178 0.008162
-0.032309 -0.104504 0.104793 0.901327 0.540149 0.522317 0.133548 -0.000062 -0.000140 -0.000222 -0.000195 -0.608437 -0.405344 -0.390631 -0.224500 0.179721 0.397565 0.091721 0.052854 0.019990 0.136279 -0.531227 -0.507432 0.206424 0.058522 0.055946 0.115987 0.059941 0.015339 -0.003352 -0.012039 -0.048255 0.000000 0.002185 -0.003538 -0.017866 -0.017680 -0.006113 0.233047 0.174806 0.208941 0.264943 0.510321 0.759889 0.312771 0.000412 0.005691 0.029113 0.115984 0.148904 0.344551 0.300073 0.124462 -0.057536 0.001095 0.008392 0.128657 0.032354
0.022701 0.000000 0.132128 0.831008 0.493298 0.216221 0.235246 0.177338 -0.049138 -0.103124 -0.159786 -0.784775 -0.445722 -0.400274 0.065272 0.040299 0.330238 0.019909 0.167902 -0.043317 0.303636 -0.106642 -0.208342 0.017386 0.000222 0.050721 0.004082 0.012029 0.072690 -0.003009 -0.008519 -0.030866 -0.001236 0.003655 -0.001534 -0.016892 -0.054085 -0.242160 0.250345 0.195799 0.222578 0.273139 0.436291 0.632902 0.171536 0.010585 0.099235 0.040391 0.120307 0.145305 0.360915 0.372480 0.279649 0.098974 0.000102 0.000508 0.000989 0.046329
0.052672 0.083621 0.162152 0.787132 0.545679 0.168040 0.133083 0.035115 -0.649356 -0.638353 -0.742393 -0.742080 -0.323384 -0.296829 0.318197 0.034469 0.311712 -0.078492 0.278284 -0.017774 0.488058 0.158479 0.269248 0.052418 -0.000222 0.003376 0.001123 0.010343 0.074787 0.012252 0.000408 -0.013478 0.001715 -0.000849 -0.001519 0.020115 -0.054705 -0.086958 0.210536 0.220068 0.242029 0.216389 0.319618 0.485004 0.051982 0.063888 0.334274 0.068010 0.140184 0.157465 0.172366 0.231557 0.259740 0.272301 -0.000286 -0.000239 0.000069 0.003150
0.423845 0.098900 0.169304 0.216804 0.192803 0.074445 -0.020659 -0.086146 -0.400873 -0.410512 0.005348 -0.109193 -0.181393 0.024656 0.008396 0.006941 0.016233 -0.079424 0.551666 0.010992 0.024965 0.011138 0.509566 0.120662 -0.008684 -0.013147 -0.000884 0.000326 0.020108 0.034171 -0.000099 0.000649 0.001452 -0.000811 0.016980 0.073760 -0.106809 -0.016438 0.240998 0.239922 0.259012 0.226297 0.079729 0.134621 0.024227 0.021444 0.114281 0.078188 0.164233 0.527737 0.203429 0.253903 0.272263 0.258712 0.108008 -0.053740 0.044448 0.001714
0.540865 0.115506 0.155637 0.187718 0.148247 0.003688 -0.130103 -0.107479 0.263457 0.042683 0.040767 -0.044498 0.014712 0.021047 0.000222 0.000103 0.000316 0.000926 0.045971 0.001705 0.010178 0.000712 0.105159 0.432244 -0.003642 0.000346 -0.000003 -0.000208 -0.012411 0.019917 0.009688 -0.000408 0.001597 0.001420 0.010062 0.005919 -0.206258 0.036908 0.378614 0.260401 0.273660 0.218556 0.037722 0.115860 0.153411 0.009384 0.002721 0.003703 0.170389 0.173303 0.213379 0.250947 0.243564 0.195002 0.117391 0.193122 0.111085 -0.003088
0.685907 0.138715 0.153057 0.189672 0.151238 0.017309 -0.196652 -0.110743 0.076591 0.110336 0.153855 0.104499 0.005337 0.008537 -0.000222 -0.000103 -0.000277 -0.000527 0.000715 -0.000037 0.000000 -0.000088 0.102606 0.318347 -0.000110 -0.002721 -0.034165 -0.054306 -0.028857 0.009097 0.011254 0.005042 0.001212 0.001061 0.000054 0.000001 -0.028474 0.147854 0.406681 0.358126 0.312811 0.197881 -0.101930 0.180598 0.056121 0.022450 0.005568 0.005937 0.000360 0.008157 0.209576 0.237183 0.214786 0.135979 0.101001 0.128191 0.177156 0.364136
0.812047 0.161388 0.131157 0.318124 0.342127 0.108762 -0.113636 0.012777 0.012459 0.025469 0.082078 0.056318 0.000000 0.000000 -0.000377 0.000041 0.037550 -0.471807 -0.001075 -0.001631 -0.119733 -0.086127 0.311729 0.243793 -0.000586 -0.121498 -0.310739 -0.269112 -0.016165 0.000392 0.000813 0.001000 0.000805 -0.000299 -0.011594 -0.005938 0.170181 0.209448 0.387046 0.310636 0.232364 0.149996 -0.152971 0.026552 0.003711 0.006792 0.006798 0.000658 -0.000156 0.026179 0.014291 0.199090 0.195785 0.109074 0.000001 0.000035 0.001196 0.379582
0.258107 0.171876 0.107386 0.012025 0.382087 0.345889 0.085340 0.041716 0.000196 0.003404 0.034523 0.035409 -0.074291 -0.006984 -0.001962 0.000348 0.055538 -0.171413 -0.000743 -0.002617 -0.092619 -0.113416 0.382742 0.250342 0.023710 -0.144365 -0.176126 -0.035799 -0.005064 -0.000397 -0.000842 -0.001145 -0.002144 -0.000860 -0.024329 0.151340 0.447686 0.185299 0.422519 0.338588 0.242576 0.098608 -0.103250 0.000309 0.004623 0.007818 0.000543 0.000075 0.013889 0.031859 0.020388 0.157690 0.246419 0.087918 -0.007532 0.000788 0.002067 0.002667
0.682748 0.284837 0.177424 0.032368 0.448398 0.547588 0.148837 0.088759 0.013332 0.000078 0.000543 0.127596 -0.040771 -0.087288 -0.001538 -0.000635 -0.000024 -0.167316 -0.000551 0.000822 0.079499 -0.125138 0.290688 0.165902 0.024681 -0.148950 -0.171112 -0.008250 -0.019584 -0.003211 -0.008965 -0.013134 -0.001819 -0.001276 -0.003243 0.299984 0.434991 0.071761 0.337623 0.272736 0.197220 0.067796 -0.307461 -0.000146 0.005585 0.005301 -0.000305 -0.000611 0.026072 0.036361 0.014955 0.215666 0.260429 0.137626 0.035434 0.002151 0.002659 0.002211
0.335694 0.246148 0.147401 0.049338 0.034382 0.063047 0.045379 0.091130 0.051361 0.000222 0.001020 0.103671 -0.035357 -0.029374 -0.016248 -0.012775 -0.004829 -0.153744 -0.091613 0.000205 0.001250 0.011800 0.015343 0.002348 0.000982 -0.111128 -0.109939 -0.082749 -0.014114 -0.003001 -0.009036 -0.010417 -0.022067 -0.000808 -0.001791 0.398713 0.207914 0.081363 0.390291 0.325816 0.208903 0.018649 -0.337049 0.003588 0.024251 0.004668 -0.000573 -0.100299 0.037648 0.050822 0.013376 0.033599 0.497471 0.015958 0.024858 0.002262 0.002924 -0.002965
0.150163 0.115355 0.063869 0.053069 0.009692 0.006724 0.001460 0.126785 0.076505 0.000422 0.001557 0.010377 0.009720 0.000945 -0.013170 -0.017713 -0.007209 -0.127165 -0.091544 -0.000668 -0.000801 0.000000 0.000000 -0.000257 -0.000063 -0.130584 -0.130726 -0.117723 0.000060 -0.003022 -0.004580 0.163926 -0.483559 -0.009414 -0.002422 0.365213 0.203857 0.126694 0.419041 0.566852 0.331773 -0.019126 -0.124192 0.000667 0.006276 0.001469 -0.007221 -0.001095 0.030615 0.054087 0.000208 0.000003 0.030906 0.001231 0.001033 0.001699 0.000000 -0.001002
