use_cases/Flooding_chicago/flooding_data/output/hUy_3540.asc
ncols 337
nrows 393
xllcorner 428428.000000
yllcorner 4602440.000000
cellsize 26.757400
NODATA_value -9999.000000
[rows 156 to 181 of 393, columns 59 to 117 of 337]
-0.215171 -0.218951 -0.094879 -0.108538 0.033337 0.029611 -0.136722 -0.045021 0.022922 -0.150023 -0.104744 -0.210024 -0.307519 -0.254601 -0.237245 -0.156281 0.063595 0.176435 0.068654 0.018747 0.111883 0.022185 0.216187 0.069789 0.031193 0.004959 -0.025024 0.000075 0.000086 -0.050723 0.186740 -0.009469 0.006676 0.000049 -0.000026 0.000009 0.000013 0.002076 -0.013289 -0.001809 -0.000005 -0.000001 -0.000000 -0.000004 -0.000011 -0.000113 -0.000586 0.000163 0.000239 0.000394 -0.001944 0.000411 0.006556 0.001328 -0.003596 0.108813 0.044501 0.055572 0.061235
-0.218138 -0.230527 -0.105322 -0.122452 0.063604 0.007568 -0.166589 -0.055219 0.017426 -0.179054 -0.140089 -0.214311 -0.278286 -0.252122 -0.385614 -0.134076 0.052928 0.145099 0.044958 -0.000455 0.102653 0.041348 0.197628 0.006079 -0.000494 0.002661 -0.010659 0.000278 0.000346 -0.018019 0.233672 -0.035333 -0.009392 -0.000090 -0.000005 0.000005 0.000008 0.000002 -0.016687 -0.002759 -0.000002 -0.000040 -0.000077 -0.000023 -0.000011 -0.000221 -0.001116 -0.000052 0.000681 0.000050 -0.003162 -0.008872 0.007023 0.000001 0.000000 0.023648 0.051080 0.064193 0.062631
-0.175592 -0.246987 -0.098258 -0.126120 0.124656 -0.025086 -0.226513 -0.044595 0.000913 -0.194032 -0.172338 -0.260872 -0.314057 -0.295836 -0.417177 -0.096757 0.080108 0.157589 0.031383 -0.018643 0.109149 0.047778 0.203562 -0.058237 -0.030940 0.003949 -0.002820 0.000858 0.001151 0.115843 0.215500 -0.022310 0.003126 -0.000021 -0.000000 -0.000014 -0.000015 -0.000004 -0.010024 -0.004601 -0.000013 -0.000408 -0.000047 -0.001362 -0.000055 -0.000871 -0.001378 0.000000 0.000002 -0.000030 -0.000001 -0.008351 -0.000000 -0.000001 -0.000000 0.036747 0.044659 0.364552 0.060632
-0.167066 -0.242373 -0.139274 -0.100244 0.156634 -0.061313 -0.323789 -0.056943 -0.003673 -0.158769 -0.170926 -0.437963 -0.498973 -0.332293 -0.475504 -0.060415 0.080584 0.175304 0.024423 -0.032528 0.122202 0.047150 0.204631 -0.132751 -0.023404 0.001092 0.000644 0.001687 0.016094 0.000649 0.002172 0.135697 0.077462 -0.000047 -0.000523 -0.000008 -0.000004 0.000759 -0.061359 -0.006308 -0.000001 -0.000025 -0.000486 -0.001234 -0.063801 -0.106177 -0.000611 -0.000091 -0.000002 -0.000012 -0.000283 -0.074283 -0.105082 -0.104454 -0.101431 0.047846 0.098753 0.081577 0.063436
-0.098733 -0.337862 -0.189957 0.038706 0.216873 -0.116651 -0.395080 -0.165947 -0.011097 -0.148373 -0.290709 -0.715563 -0.582918 -0.526939 -0.523413 0.002028 0.091608 0.156605 0.009237 -0.039069 0.165488 0.041360 0.211047 -0.209184 -0.012798 0.000002 0.000138 0.049314 0.025360 0.000180 0.000094 0.000081 0.000330 -0.000019 -0.146430 -0.000133 -0.000016 -0.019746 -0.045408 0.000000 0.000000 -0.000007 -0.000861 -0.074641 -0.281944 -0.238765 -0.000183 -0.000085 -0.000005 -0.000005 -0.069487 -0.120332 -0.020061 -0.005734 -0.004761 0.109219 0.108175 0.597045 0.285984
-0.037411 -0.628869 -0.295416 0.150449 0.291132 -0.143279 -0.427381 -0.159306 0.051248 -0.193209 -0.242505 -0.737132 -0.719732 -0.611655 -0.589590 -0.030692 0.030401 0.119828 0.012761 -0.004747 0.031993 0.002967 0.318833 -0.046387 0.000001 0.000000 0.000000 -0.000147 0.014245 0.000068 0.000000 0.000000 0.000000 -0.040217 0.003167 -0.178369 -0.029324 -0.039356 -0.026299 -0.000000 -0.000002 -0.000123 -0.000016 -0.000000 -0.065352 0.000001 -0.000086 -0.000058 0.000002 0.000000 0.000009 0.047164 0.006467 0.007091 0.006412 0.076769 0.061476 0.184501 0.404195
-0.027873 -0.746833 -0.279337 0.190735 0.330531 -0.147956 -0.465371 -0.117581 0.046288 -0.187795 -0.222548 -0.804125 -0.715821 -0.658350 -0.673523 -0.022758 -0.009691 0.057462 0.023400 0.028371 -0.070168 -0.039291 0.266090 0.103870 -0.000000 -0.000002 -0.000978 -0.000980 0.009369 0.000032 -0.000024 -0.000007 0.004809 -0.030978 0.169286 -0.431642 -0.018564 -0.027716 -0.147175 -0.000112 -0.000123 -0.001477 -0.000028 -0.010353 -0.039414 -0.000009 -0.000052 -0.000046 -0.000008 -0.000001 0.000068 0.000060 0.086773 -0.002033 0.002029 0.060041 0.075119 0.267730 0.274529
0.045040 -0.734252 -0.426045 0.190188 0.421606 -0.107389 -0.492021 -0.136739 0.061225 -0.184758 -0.242171 -0.847014 -0.648120 -0.606882 -0.770539 0.042850 0.002053 0.046518 0.019130 0.022107 -0.026621 -0.043341 0.255508 0.022996 0.040832 -0.000896 -0.000666 -0.001022 0.000009 0.000020 -0.000067 -0.000018 0.050760 -0.023395 0.206601 0.000567 0.052251 -0.012600 -0.094297 -0.036747 0.257717 -0.961040 0.062472 -0.003808 -0.070608 -0.028817 -0.000214 0.002992 -0.000575 -0.010609 -0.000410 -0.000031 0.000013 0.000062 0.000104 0.000099 0.000024 0.337820 0.335658
0.000011 -0.887304 -0.444847 0.216217 0.448106 -0.069962 -0.519483 -0.115742 0.118601 -0.194716 -0.288566 -0.877669 -0.687319 -0.653729 -0.655373 0.125687 0.001069 0.014688 0.020273 0.018686 0.006123 -0.030752 0.242827 0.008081 0.112636 -0.084697 0.015432 -0.000104 -0.000007 -0.000052 -0.000060 -0.000026 0.000317 0.139842 0.000084 0.000034 0.000102 -0.002416 -0.024811 0.031247 0.339393 -0.730194 0.090453 0.151729 -0.052776 -0.025632 -0.005574 -0.002903 -0.001625 -0.120117 -0.059763 0.077672 -0.000031 -0.000044 0.000152 0.000234 0.000004 0.339378 0.759907
0.000053 -0.557844 -0.380734 0.218163 0.412082 -0.152943 -0.576684 -0.123879 -0.051977 -0.200426 -0.280487 -0.851667 -0.708211 -0.714531 -0.778058 0.000005 0.000009 0.012992 0.000414 0.000171 0.001581 0.000198 0.000346 0.001704 0.000967 0.110715 0.006149 0.034624 -0.000013 -0.000027 -0.001058 -0.000015 -0.000000 0.000000 0.000000 0.000000 0.000000 0.000000 -0.005203 0.014875 0.051415 -0.607428 -0.002800 0.115061 -0.025612 0.000002 0.000065 -0.002644 -0.121691 -0.068261 -0.070762 0.101032 -0.000025 -0.339880 0.089345 0.236531 0.095474 0.480377 0.779545
0.000340 -0.078350 -0.118134 0.110731 0.206016 -0.230695 -0.508866 -0.207008 -0.155347 -0.210572 -0.280793 -1.008492 -0.688578 -0.764450 -0.925498 -0.000002 -0.000001 0.000000 0.000000 0.000000 0.000047 0.000134 0.000066 0.000180 0.000309 0.000981 0.044007 0.047613 -0.000384 -0.001011 -0.000575 -0.001109 -0.000822 -0.000006 -0.000264 -0.000065 -0.000002 -0.000000 0.000017 0.000000 0.000005 -0.308782 -0.087672 0.023046 -0.004416 -0.000000 0.000000 -0.147382 -0.180154 -0.178821 -0.106434 0.425353 -0.105032 -0.798327 0.279809 0.452811 0.191052 0.474121 0.642984
0.001958 0.142495 0.055308 0.091400 -0.000079 -0.292736 -0.370690 -0.183102 -0.186759 -0.245281 -0.342507 -1.102942 -0.629581 -0.760679 -1.045898 -0.000004 -0.000540 -0.000000 -0.000000 -0.000000 0.000000 0.000000 0.000000 0.000000 0.000002 0.000921 0.000560 0.126719 -0.061662 -0.065609 -0.075404 0.026689 0.033335 0.013408 -0.085726 -0.000207 -0.000108 0.000868 0.000036 -0.002437 -0.000044 -0.226802 -0.085450 -0.037313 -0.099522 -0.048317 -0.000034 -0.066181 -0.317053 -0.235614 -0.260037 0.579694 -0.207726 -0.908496 0.644706 0.783503 0.591166 0.671178 0.886445
0.007051 0.029676 0.212251 0.120487 0.010527 -0.307184 -0.400112 -0.149384 -0.196335 -0.267549 -0.403898 -1.267862 -0.707599 -0.877399 -1.290369 -0.072616 -0.008334 -0.032218 -0.000162 -0.000180 -0.000063 -0.000135 -0.000590 -0.000656 -0.000003 0.000514 0.000287 0.000287 -0.014435 -0.033656 -0.086443 0.032680 0.042925 0.036621 -0.085190 -0.236712 -0.037094 -0.002455 -0.000646 -0.057821 -0.060299 -0.323762 -0.102664 0.009197 -0.108863 0.037821 -0.047971 0.025737 -0.162656 -0.054059 -0.210587 0.622502 -0.155310 -0.475044 0.855707 1.606084 0.957573 1.043398 1.564175
0.011337 0.025879 0.021525 0.001061 0.263325 -0.613442 -1.161537 -0.208907 -0.225344 -0.427645 -0.746246 -1.628356 -0.475011 -0.523992 -0.816512 -0.771574 -0.343495 -0.525398 -0.939866 -0.017076 -0.000504 -0.001140 -0.001798 -0.000856 -0.000002 0.000000 0.000002 0.000002 0.000000 -0.017213 -0.023521 0.057492 0.060604 -0.001693 -0.023276 -0.017532 -0.013439 -0.002112 -0.000904 -0.081790 -0.057965 -0.280498 -0.086987 0.104695 -0.014738 0.057108 0.000041 0.002761 0.000951 0.391997 0.061096 0.974696 -0.027731 -0.001231 1.369212 1.617654 1.423851 1.364384 2.116880
0.000000 0.000000 0.000000 0.036837 0.466607 -0.571015 -0.884336 0.030686 -0.120717 -0.116043 -0.378097 -1.330148 -0.067327 -0.055356 -0.029983 -1.344296 -0.932073 -0.100176 -0.689553 -0.095261 -0.880291 -0.004321 -0.001123 -0.000921 -0.000174 -0.000173 -0.000002 -0.000002 -0.000000 -0.092329 -0.006975 0.000000 0.000005 -0.018785 0.059267 -0.005947 -0.007211 -0.018316 -0.031739 -0.246001 -0.090373 -0.221769 -0.042658 0.177075 0.000327 0.000000 0.000096 0.001013 0.000001 0.000000 0.147472 0.472761 0.002114 0.735213 2.264652 2.130699 2.309832 1.923831 2.409770
-0.043081 -0.016946 0.056454 0.049908 0.164674 -0.413917 -1.187094 -0.068581 -0.117568 -0.078964 -0.047102 -1.255945 -0.634472 -0.017335 -0.065794 -1.427043 -0.522623 0.039588 -0.456431 -0.050784 -0.772053 -0.000188 -0.000174 -0.001713 -0.001801 -0.000380 -0.000090 -0.000236 -0.241601 -0.996535 -0.149977 -0.000163 0.000003 0.000011 0.000019 0.000010 0.015175 0.574040 0.162900 -0.421517 -0.123984 -0.129196 -0.044369 0.223226 0.016128 -0.000366 -0.000031 0.000002 -0.000001 -0.000000 0.004532 0.675371 1.407430 3.030588 4.102049 3.042511 2.673829 2.547288 2.879022
-0.138540 -0.321707 0.051107 0.071926 0.031961 -0.011150 -1.003054 -0.047753 -0.054857 -0.052910 -0.030878 -0.835012 -1.072786 -0.378590 -0.413848 -1.231856 -0.516021 -0.043683 -0.228716 -0.114437 -0.609880 -0.000146 -0.000063 -0.000155 -0.391385 -0.469167 -0.540521 -1.454829 0.462583 -0.227269 0.455120 -0.060951 -0.000005 -0.000007 -0.000010 0.000010 0.000274 0.041313 0.062037 -0.556200 -0.183853 -0.127157 -0.032107 0.297065 0.145740 0.019883 0.000002 0.000001 -0.000001 -0.003090 0.702235 3.405702 4.016185 4.864708 5.101504 3.731826 2.988765 2.812133 2.819999
-0.001673 0.119173 0.062533 0.057258 0.030120 0.010471 -0.965631 -0.789873 -0.024480 -0.027310 -0.013281 -0.494218 -0.668991 -0.321106 -0.349483 -0.995341 -0.600064 -0.257082 -0.283215 -0.247287 -0.701558 -0.000234 -0.000793 0.046919 0.106529 0.050725 -0.309495 -0.786292 0.041560 -0.020713 0.285378 0.016568 -0.000468 -0.001034 -0.000015 -0.000014 0.000003 0.000212 0.000000 -0.358235 -0.229852 -0.158820 -0.070259 0.334084 0.212834 0.014891 0.000006 0.000001 -0.000001 0.443569 3.303138 4.786929 4.374931 5.300269 4.549672 3.097177 2.790983 2.418518 2.800703
0.137145 0.383245 0.151633 0.118110 0.071003 0.074891 -0.600293 -0.720950 -0.361125 -0.221016 -0.590569 -0.214044 -0.407036 -0.301429 -1.132355 -0.933376 -0.680102 -0.475539 -0.320265 -0.748442 -0.376247 -0.146339 -0.451593 0.100171 0.202317 -0.047129 -0.251804 -0.249038 0.002278 0.067411 -0.105154 -0.036223 -0.001123 -0.003232 -0.003260 -0.000012 -0.000005 -0.000000 -0.000000 0.124004 -0.155531 -0.315415 -0.252998 0.286558 0.089367 -0.003281 0.000000 -0.000000 0.392768 4.518415 6.159471 7.159570 6.297269 6.059652 5.784193 3.194939 2.727582 1.709975 2.057916
0.023146 0.056314 0.032743 0.017947 0.006262 0.009283 0.011216 -0.521142 -0.726640 -1.092333 -1.198578 -0.582669 -0.318213 -0.294825 -0.507622 -1.016119 -0.749183 -0.693278 -0.309495 -0.230718 0.017328 -0.171066 -0.313512 0.045383 0.089009 -0.129144 -0.210963 -0.292154 -0.000000 -0.000000 -0.072154 -0.513699 -0.853103 0.103283 0.089448 -0.000289 -0.000089 -0.000141 0.002220 0.365493 -0.191539 -0.481284 -0.392186 0.111840 0.064683 0.011623 -0.000046 0.398394 2.812980 6.458455 6.884482 6.444163 3.841771 6.731508 6.090121 4.098502 2.045785 1.083570 1.143319
0.000108 0.015372 0.010998 0.005115 0.000797 0.002918 0.000954 0.000726 -0.411884 -1.105756 -0.949299 -0.566569 -0.323543 -0.323210 -0.392428 -0.800015 -0.881988 -1.004068 -0.344279 -0.163899 -0.027749 -0.298604 -0.298986 -0.141281 -0.152419 -0.176774 -1.154447 -0.563867 0.016471 -0.103748 -0.109909 -0.026393 -0.467824 0.184859 0.116231 0.004628 -0.059638 -0.074612 0.003399 0.127823 -0.299241 -0.381997 -0.290350 0.147158 0.261829 0.269350 -0.000080 1.831863 4.160121 6.583207 6.172125 5.758183 4.789412 4.018308 5.926746 3.122679 1.396260 0.640855 0.649838
-0.000684 0.026371 0.018372 0.007714 0.000494 0.012539 0.004662 0.001456 0.004780 -0.028614 -0.343981 -0.675822 -0.421746 -0.371670 -0.178716 -0.720485 -0.978964 -1.229909 -0.963623 -0.251238 -0.000241 0.361689 -0.194575 -0.227945 -0.201290 -0.166115 -1.027936 -0.474338 -0.005805 0.030590 -0.030147 0.013270 -0.355086 0.088100 0.000151 0.000118 -0.013592 -0.175514 -0.142398 -0.120444 -0.388456 -0.389227 -0.254879 0.257502 0.657418 0.491635 -0.513016 2.349209 4.823772 6.653779 6.008867 5.546525 4.936236 3.876196 4.183301 2.878185 0.484782 0.348654 0.677821
0.009693 0.027033 0.018122 0.008299 0.140162 0.056225 0.038484 0.013202 0.041632 0.053944 0.036452 -0.269877 -0.504766 -0.379647 -0.272782 -0.601618 -1.095368 -1.434882 -1.176558 -0.349693 -0.000018 0.000000 0.000001 -0.122888 -0.278351 -0.044807 -0.873331 -0.893143 -0.143377 0.024359 -0.061788 -0.089449 -0.400850 -0.000000 0.000000 0.000000 0.000000 -0.292883 -0.248387 -0.116948 -0.174967 -0.120094 -0.008354 0.500783 1.015858 0.948040 0.476900 3.563839 4.765879 6.663561 5.960267 5.755035 4.547649 4.063083 3.554965 0.986573 0.001837 0.005140 0.278691
0.009873 0.071331 0.010337 0.007046 0.020090 0.006056 0.003022 0.000722 0.005208 0.008428 0.005554 0.011705 -0.383123 0.051039 -0.174932 -0.676799 -1.221914 -2.123169 -2.016247 -0.950510 -0.106292 -0.001197 -0.000040 0.039710 -0.129606 -0.034942 -0.433738 -0.772326 -0.232284 -0.003710 -0.137937 -0.197107 -0.577284 -0.066246 -0.000066 -0.000003 0.000185 -0.237748 -0.243593 -0.069125 -0.061518 0.052661 0.464741 1.251973 1.883454 1.428994 0.930787 3.889732 4.748006 6.660017 5.155317 5.320221 3.822070 3.745675 2.622348 0.677158 0.000178 0.000001 0.000032
0.004307 0.061740 0.002694 0.000053 0.000061 0.000043 0.000014 0.000001 0.000001 0.012184 0.000005 0.000203 -0.202015 0.250329 0.000035 -0.379051 -1.672294 -1.900779 -1.895865 -0.980496 -0.200544 0.015355 0.051243 0.000425 0.001371 0.000725 -0.408301 -0.537209 -0.211411 -0.158591 -0.200782 -0.551003 -1.082771 -0.349333 -0.123559 -0.000060 0.000204 -0.117359 -0.179435 -0.086040 0.046969 0.430274 1.286674 2.196424 2.496348 1.986648 2.179738 3.805491 5.155325 6.744958 5.486954 4.692489 3.196677 2.756539 2.019353 0.470884 0.000378 0.000001 0.000035
0.006401 0.000046 0.000083 0.000090 0.000032 0.000006 0.000001 -0.000001 0.000001 0.012399 0.000014 0.000014 0.003824 0.385617 0.000113 -0.380369 -1.708836 -2.218663 -2.176412 -1.019531 -0.237373 0.026979 0.050945 0.000003 0.000141 0.000094 0.000366 -0.155540 -0.008757 -0.180495 -0.371838 -0.283925 -0.977657 -0.592281 -0.283500 -0.081203 0.000002 0.026887 -0.102292 -0.041860 0.304680 0.885349 1.912418 3.000463 3.215486 2.413011 3.338486 4.455052 4.559001 4.518383 4.200544 3.565614 1.989064 1.636095 1.635798 0.451559 0.000524 0.000001 0.000064
