use_cases/Flooding_chicago/flooding_data/output/hUy_960.asc
ncols 337
nrows 393
xllcorner 428428.000000
yllcorner 4602440.000000
cellsize 26.757400
NODATA_value -9999.000000
[rows 286 to 311 of 393, columns 58 to 115 of 337]
0.000510 -0.245354 -0.716019 -0.703398 -0.257388 -0.164441 -0.214618 -0.650573 0.327981 0.006516 -0.034783 -0.068910 -0.125096 -0.179318 -0.000228 -0.000632 -0.000840 -0.000877 -0.000571 -0.001973 -0.086648 -0.080026 -0.008871 -0.000208 -0.000003 -0.000017 -0.000000 -0.049368 -0.023579 -0.043429 -0.013308 0.012014 0.028845 0.000360 0.000360 -0.000054 0.100773 0.136813 0.126388 0.103740 0.090648 0.063498 0.204909 0.236746 0.010241 0.004681 0.324644 -0.316863 0.025161 0.353272 0.229670 0.123803 -0.004710 -0.266747 0.357607 0.041783 0.337382 -0.267832
-0.000244 -0.256076 -0.760993 -0.687367 -0.273510 -0.165505 -0.181580 -0.496236 0.225619 0.035132 -0.078053 -0.503341 -0.084699 -0.081568 -0.001664 -0.017673 -0.017422 -0.015784 -0.010135 -0.010355 -0.299760 -0.654774 -0.016960 -0.010359 -0.003984 -0.000397 -0.008344 -0.079399 -0.045790 -0.029861 -0.052773 -0.018643 -0.020678 -0.000360 -0.000360 -0.000277 0.155844 0.155656 0.138150 0.110065 0.111889 0.090982 0.083026 0.071067 0.028877 0.011938 0.308779 -0.410929 0.045816 0.308011 0.383223 0.408167 -0.158452 -0.202469 0.012506 0.171496 0.324012 0.024989
-0.009380 -0.195681 -0.845349 -0.986615 -0.398501 -0.243319 -0.136061 -0.338243 0.147426 0.190796 -0.085243 -0.231278 -0.017330 -0.026422 -0.011693 -0.032888 -0.032526 -0.022559 -0.022110 -0.270521 -0.087491 -0.568847 -0.347805 -0.020123 -0.007563 -0.011521 -0.020966 -0.215342 -0.022433 -0.013073 -0.032060 -0.035167 -0.032823 -0.037946 0.068179 0.093259 0.151544 0.131448 0.110618 0.170311 0.108435 0.083192 0.094743 0.101848 0.000360 0.000360 0.011559 -0.485939 0.046384 0.374797 0.330112 0.492776 -0.000702 -0.000762 0.004381 -0.003527 0.223514 0.036059
-0.175300 -0.699025 -1.620135 -1.008392 -0.375801 -0.164055 -0.014236 -0.272731 0.085773 0.231329 -0.138055 -0.146903 0.012568 -0.035061 -0.020929 -0.038223 -0.030260 -0.025177 0.035918 0.004945 -0.062028 -0.522832 -0.224832 -0.131275 -0.195308 -0.107581 -0.434412 -0.219484 -0.007082 0.022995 -0.003061 -0.023357 0.083889 0.151377 0.091819 0.110919 0.105199 0.088865 0.055150 0.162080 0.367975 0.054104 0.072445 0.069898 -0.000360 -0.000360 0.028986 0.023739 0.101271 0.216740 0.241681 0.529610 -0.002017 -0.005456 0.000000 -0.008249 0.015621 0.036047
-0.154591 -1.254627 -1.107945 -0.769001 -0.066965 -0.068913 0.000279 0.001008 -0.011474 0.342545 -0.079504 -0.193875 0.435339 -0.080477 -0.026119 -0.048501 -0.031421 -0.007772 0.143109 0.078636 -0.041949 -0.144689 -0.240431 -0.092850 -0.081054 -0.042251 -0.008338 -0.496668 -0.106252 -0.008619 -0.000847 -0.029903 0.052075 0.261547 0.001373 0.027436 0.000767 0.000452 0.049687 0.167291 0.162169 0.043795 0.066268 0.055655 0.328687 0.014068 0.026634 0.004934 0.283064 0.143757 0.181477 0.574815 0.073531 -0.122119 -0.001659 -0.009024 -0.035762 0.046331
-0.161889 -1.198478 -1.135775 -0.250124 0.000006 -0.000016 -0.000532 0.001192 0.014147 0.462064 0.017007 -0.047690 0.473776 -0.052696 -0.126328 -0.012585 -0.007470 -0.003291 0.152021 0.187353 0.000477 0.000186 -0.072145 -0.088281 -0.145687 0.179329 0.059187 -0.474690 -0.531840 -0.080507 -0.033063 -0.003717 -0.082521 0.001030 0.002301 0.001180 -0.000196 -0.000281 0.045029 0.033350 0.018958 0.003504 0.087283 0.073172 0.070890 0.026797 -0.029332 0.002612 0.002037 0.177159 0.233324 0.656786 0.085235 -0.152025 -0.001197 -0.003213 -0.026047 0.073298
-0.582064 -1.341433 -1.105462 -0.202882 -0.048457 -0.010575 -0.119754 0.001277 0.013354 0.012206 0.006104 -0.013105 0.009621 0.002923 0.001335 0.034347 0.006510 -0.002348 0.137782 0.075684 -0.000291 0.000535 0.001415 -0.039758 -0.025934 0.184293 0.000340 -0.190302 -0.237099 -0.126699 -0.062903 -0.016331 -0.198651 0.000439 0.000457 -0.000348 0.043077 0.043969 0.063100 0.050123 0.030911 0.002850 0.120678 0.089539 0.070420 0.045433 -0.061366 -0.009765 -0.007544 0.191171 0.263274 0.797538 0.073475 -0.160526 0.005808 0.000366 0.063100 0.103790
-0.590022 -0.842181 -0.970336 -0.757489 -0.050921 -0.012719 -0.186273 0.000311 0.001119 0.002630 0.003154 0.002630 0.001119 0.001329 0.001040 0.052527 0.017751 -0.001153 0.094907 0.000292 -0.034305 0.000283 0.002606 0.047750 0.108016 0.065466 0.000000 -0.143027 -0.156838 -0.095300 -0.054199 -0.030098 -0.496601 -0.000752 -0.001844 -0.000992 0.073891 0.073681 0.320333 0.055364 0.049099 0.227958 0.202785 0.165069 0.140174 0.116238 -0.014182 -0.011950 -0.061759 0.194896 0.281832 0.611544 0.088793 0.021460 0.027898 -0.000144 0.000832 0.101109
-0.342439 -0.745594 -0.778702 -0.926868 -0.077035 -0.024155 -0.307844 -0.000197 0.000244 0.001415 0.002183 0.001415 0.000244 -0.000980 0.070454 0.045639 0.016535 -0.015979 0.031207 -0.000249 -0.049375 0.001073 0.003561 0.009441 0.019732 0.087286 -0.000340 -0.068262 -0.364315 -0.326404 -0.025923 -0.001624 -0.592274 -0.001063 -0.001837 0.009570 0.100679 0.245716 0.073058 0.057100 0.084357 0.063208 0.066232 0.028293 0.021171 0.011087 -0.005095 -0.001566 -0.049882 0.273513 0.296656 0.729839 0.020175 0.040304 0.046862 -0.077139 -0.000165 -0.000913
-0.130502 -0.737626 -0.731810 -1.375902 -0.093868 -0.510745 -0.301822 -0.000534 -0.000956 -0.002220 -0.002610 -0.002221 -0.000956 -0.058515 0.351537 0.019790 -0.074588 -0.051398 -0.031270 -0.047327 -0.052288 0.000558 0.000628 0.000400 0.000546 0.007387 0.000333 -0.368059 -0.335620 -0.270887 -0.008425 -0.000442 -0.335671 -0.157302 -0.000908 0.045677 0.372891 0.217074 0.044822 0.036058 0.151084 0.005126 0.017075 0.007241 0.004055 0.000979 0.002232 0.003238 0.001034 0.023264 0.352588 0.847642 0.031024 0.202809 0.250871 -0.146210 -0.093910 -0.017826
-0.135652 -0.159411 -0.149176 -1.415898 -0.890069 -0.632642 -0.359344 -0.010396 -0.012217 -0.002147 -0.002937 -0.002146 -0.000224 -0.061348 0.465503 -0.015838 -0.101488 -0.090215 -0.078308 -0.057593 -0.036282 0.000557 -0.000013 -0.000322 -0.000323 -0.000018 0.000571 -0.371735 -0.384852 -0.000093 -0.002561 -0.139844 -0.224336 -0.129354 -0.023327 0.064571 0.410146 0.223519 -0.012940 0.023784 0.014521 0.008930 0.001250 0.010202 0.003198 -0.000044 -0.001493 0.003278 -0.000088 -0.000004 0.086289 0.759152 0.136754 0.331567 0.435694 -0.146877 -0.241801 -0.005044
-0.064904 -0.419806 -0.592868 -1.076765 -0.953687 -0.518079 -0.394508 -0.483627 -0.124282 0.004726 -0.002187 0.002193 0.005944 -0.008456 0.519092 -0.000072 -0.014614 -0.120863 -0.118624 -0.062254 0.000574 0.000158 -0.000636 -0.018174 -0.002179 -0.001301 0.013966 -0.335174 -0.264455 -0.201169 -0.126129 -0.319400 -0.121982 -0.100151 -0.026341 0.134293 0.391567 0.075203 -0.012754 0.001073 0.001716 0.003392 0.002893 0.008626 0.000225 -0.003817 -0.010143 0.055980 0.254848 0.117584 0.094602 0.618489 0.154129 0.305414 0.441591 -0.081637 0.056470 0.002242
0.180766 -0.100158 -0.441684 -1.442226 -0.924356 -0.647518 -0.288700 -0.264882 -0.031639 0.055359 0.002975 0.008522 0.011196 0.046496 0.018928 0.002408 -0.000253 -0.138463 -0.145852 0.000024 0.000400 -0.000359 -0.008411 -0.021807 -0.040488 -0.002286 0.011101 0.007836 0.022286 -0.158319 -0.111626 -0.438152 -0.089869 -0.110608 -0.011529 0.103680 0.286065 0.047323 0.000903 0.001571 0.002193 0.003969 0.003336 0.001119 -0.000659 -0.001754 0.061459 0.138310 0.226959 0.001879 0.002842 0.089649 0.095888 0.042400 0.535920 0.088833 0.001214 0.002892
0.230675 0.043758 -0.447568 -1.328138 -1.021946 -0.794208 -0.415413 0.301250 0.009752 0.033135 0.002904 0.003698 0.003518 0.012227 0.001039 0.000650 0.012700 -0.151410 -0.164908 -0.030798 -0.000681 -0.000998 -0.020086 -0.121498 -0.056871 -0.054037 0.000681 0.000681 0.000570 0.000334 -0.107432 -0.536760 0.000222 -0.083035 0.033414 0.094908 0.216549 0.041379 0.006023 0.000336 0.000035 0.000343 0.000222 0.000161 -0.000255 -0.000629 0.172614 0.053039 0.123270 -0.000670 0.004642 0.005534 0.003624 0.028204 0.647930 0.172516 0.000211 0.002268
0.004761 0.002467 -0.214733 -0.713761 -0.695008 -0.615676 -0.269512 0.016451 0.001364 0.015375 0.003409 0.002564 0.000767 0.000000 0.000007 0.000380 0.000393 -0.178924 -0.195370 -0.027411 0.000801 -0.000120 0.000191 -0.028710 -0.077810 -0.084866 0.000000 0.000000 0.000303 0.000831 -0.141604 -0.526184 -0.000222 0.007001 0.090764 0.073944 0.181618 0.010253 0.000753 -0.000692 -0.002423 -0.003975 -0.000222 -0.000292 -0.000033 -0.152352 0.280594 0.100010 0.184116 0.516543 0.006638 0.007961 0.005764 0.001598 0.281907 0.247581 -0.000323 0.000222
0.003557 0.001546 -0.003250 -0.678619 -0.639181 -0.587983 -0.000578 0.000078 -0.000022 0.000000 -0.002422 -0.003280 -0.003282 -0.013347 -0.001101 -0.002578 -0.000958 -0.188784 -0.231262 0.000445 0.000681 0.000542 0.005109 0.001201 -0.105086 -0.110711 -0.000681 -0.000681 -0.000279 0.004343 0.016395 -0.488746 -0.141532 0.059556 0.086640 -0.008454 0.082682 -0.043272 0.000079 -0.007897 -0.015031 -0.003037 -0.011516 -0.001350 0.000136 0.054860 0.354278 0.441470 0.027734 0.034296 0.010015 0.007417 0.004486 0.000107 0.266492 0.268091 -0.000287 -0.000222
0.001557 -0.002428 -0.002065 -1.022401 -1.484687 -0.743729 -0.012166 -0.000197 -0.001184 -0.012148 -0.003717 -0.002925 -0.033412 -0.038453 -0.014887 -0.002921 -0.142795 -0.675645 -0.183326 -0.000507 -0.001763 -0.000804 0.000235 -0.000298 -0.038012 -0.321999 -0.009220 -0.013496 -0.001034 0.025464 0.010889 -0.074413 -0.138439 0.094041 0.020968 -0.094926 -0.032132 -0.049197 -0.001733 -0.008331 -0.011275 -0.020514 -0.035019 -0.005408 0.000851 0.071372 0.061231 0.018872 0.000497 0.003385 0.000935 0.000046 0.000002 -0.000518 0.224969 0.224224 0.097925 0.004945
0.000000 -0.001257 -0.013666 -1.461211 -1.074531 -0.510124 -0.126466 -0.009927 -0.015020 -0.020304 -0.016216 -0.010970 -0.221213 -0.224604 -0.111870 0.002697 -0.082632 -0.387745 -0.252104 -0.042312 -0.001738 -0.001893 -0.000583 -0.000490 0.011769 -0.260693 -0.144573 -0.135090 -0.033553 0.138127 0.021740 -0.011007 0.036211 0.191917 -0.013243 -0.301921 -0.102843 -0.043860 -0.001513 -0.004686 0.005047 -0.137510 -0.181974 -0.001382 0.000034 0.000821 0.010298 0.011223 0.000378 0.001981 -0.000413 -0.034565 -0.017438 0.253038 0.182939 0.184188 0.147217 0.012446
-0.018771 -0.002201 -0.230121 -1.110522 -0.869568 -0.385519 -0.099803 -0.113910 -0.058642 -0.052144 -0.076960 -0.101940 -0.244301 -0.495799 -0.030649 0.007068 -0.053585 -0.215357 -0.249968 -0.046476 -0.054600 -0.027485 -0.101054 -0.091134 0.053345 -0.168483 -0.124011 -0.051429 0.120467 0.174772 0.038870 0.010424 0.360315 0.362819 0.065632 -0.227383 -0.094440 -0.053735 -0.000466 -0.001082 0.029831 -0.081395 -0.137822 -0.064437 -0.004592 -0.000152 0.000000 0.000000 -0.003973 -0.000403 0.471855 -0.002333 -0.040558 0.288399 0.004928 0.018604 0.031177 0.021617
-0.036037 -0.038534 -0.147353 -1.009996 -0.754627 -0.341676 -0.177493 -0.117565 -0.338805 -0.128783 -0.032249 -0.053512 -0.207801 0.029715 0.000154 0.000000 0.000740 0.000379 -0.071618 -0.118306 -0.173288 -0.238785 -0.023705 0.135089 0.107433 -0.084814 -0.123569 -0.022501 0.117262 0.068187 -0.045665 0.008186 0.007024 0.007024 0.013503 0.056216 -0.098016 -0.076390 0.000524 0.002546 0.114226 -0.071307 -0.157409 -0.067423 -0.298490 -0.008480 -0.005878 -0.005877 -0.006146 -0.000662 0.026839 0.086677 0.013892 0.023128 0.007326 0.000020 0.000778 0.022438
-0.006746 -0.182053 -0.118803 -0.901532 -0.666298 -0.352755 -0.305528 -0.129381 0.000369 -0.002184 -0.023215 -0.047411 -0.069416 -0.000031 -0.000748 -0.011126 -0.001094 -0.000416 -0.022719 -0.082617 -0.108147 -0.636962 -0.035414 0.160223 0.102356 0.094130 -0.057744 0.006142 0.082161 0.028317 -0.072499 0.001029 0.000681 0.000681 0.000180 0.000003 -0.093851 -0.104507 0.000749 0.004720 0.013155 0.001704 -0.137719 -0.035189 -0.654465 -0.145192 -0.133385 -0.015108 -0.006734 -0.002562 0.001104 0.015284 0.000326 0.000120 -0.000330 -0.016732 0.000147 0.000664
-0.034778 -0.095624 -0.153859 -0.728875 -0.519058 -0.337569 -0.396870 -0.000099 -0.001774 -0.001568 -0.107004 -0.131181 -0.029106 -0.022558 -0.018576 -0.020626 -0.028219 -0.009315 -0.008936 -0.072703 -0.094497 -0.068059 -0.023757 0.109549 0.001309 0.000525 0.008764 0.100134 0.120370 0.038101 -0.055626 0.000537 0.000000 0.000000 -0.000164 -0.013520 -0.083709 -0.106235 -0.000459 0.003946 0.000488 0.000644 -0.061971 -0.008818 -0.129588 -0.090132 -0.081201 -0.003526 -0.004641 -0.003718 -0.001901 -0.000003 -0.000208 -0.000106 -0.002801 -0.015870 -0.000705 -0.001004
0.021764 -0.062643 -0.082552 -0.498954 -0.306881 -0.242386 -1.072886 -0.106130 -0.002009 -0.008295 -0.208580 -0.234781 -0.016172 -0.045485 -0.028784 -0.101281 -0.018344 -0.045037 -0.002810 -0.068378 -0.079585 -0.061812 -0.032203 0.001060 0.001304 -0.000195 0.036450 0.022455 0.029992 0.056214 -0.033022 0.000855 -0.000681 -0.000681 -0.000670 -0.013799 -0.059122 -0.057271 -0.000523 -0.000005 -0.000172 -0.000004 -0.000000 -0.000000 -0.066729 -9999.000000 -9999.000000 -9999.000000 -9999.000000 -9999.000000 -9999.000000 -9999.000000 -9999.000000 -9999.000000 -9999.000000 -9999.000000 -9999.000000 -9999.000000
0.013944 -0.031321 -0.039175 -0.362612 -0.119355 -0.161155 -0.892869 -0.644848 -0.075686 -0.092294 -0.124571 -0.409710 -0.004982 -0.231782 -0.115714 -0.028259 -0.007853 -0.017267 -0.000914 -0.048679 -0.054172 -0.052422 -0.032715 0.001296 0.000658 -0.100844 0.031432 0.021172 0.043211 0.014906 -0.008763 0.000000 -0.013109 -0.008293 -9999.000000 -9999.000000 -9999.000000 -9999.000000 -9999.000000 -9999.000000 -9999.000000 -9999.000000 -9999.000000 -9999.000000 -9999.000000 -9999.000000 -9999.000000 -9999.000000 -9999.000000 -9999.000000 -9999.000000 -9999.000000 -9999.000000 -9999.000000 -9999.000000 -9999.000000 -9999.000000 -9999.000000
0.000000 0.001025 0.001448 0.002277 0.010455 -0.140106 -1.432445 -1.193489 -0.129996 -0.043950 0.052363 -0.197500 -0.001370 -0.217257 -0.086631 0.087131 0.034990 -0.162728 -0.008564 -0.264268 -0.093831 -0.026724 -0.012113 0.002008 0.001840 0.162648 -0.062097 0.005026 0.099225 0.016094 -0.026742 -0.003663 -0.032815 -0.014724 -9999.000000 -9999.000000 -9999.000000 -9999.000000 -9999.000000 -9999.000000 -9999.000000 -9999.000000 -9999.000000 -9999.000000 -9999.000000 -9999.000000 -9999.000000 -9999.000000 -9999.000000 -9999.000000 -9999.000000 -9999.000000 -9999.000000 -9999.000000 -9999.000000 -9999.000000 -9999.000000 -9999.000000
-0.008105 -0.001258 -0.000911 -0.000394 0.000222 0.000103 -1.330042 -0.942889 -0.174505 0.008617 0.102873 -0.046922 -0.030531 -0.178144 -0.081481 0.024952 0.026590 -0.037532 -0.181682 -0.178351 0.109541 0.545410 0.045706 0.004307 0.004345 0.235554 -0.118560 -0.000036 0.005350 0.000464 -0.026746 -0.044908 -0.011276 -9999.000000 -9999.000000 -9999.000000 -9999.000000 -9999.000000 -9999.000000 -9999.000000 -9999.000000 -9999.000000 -9999.000000 -9999.000000 -9999.000000 -9999.000000 -9999.000000 -9999.000000 -9999.000000 -9999.000000 -9999.000000 -9999.000000 -9999.000000 -9999.000000 -9999.000000 -9999.000000 -9999.000000 -9999.000000
