use_cases/Flooding_chicago/flooding_data/output/hUy_2640.asc
ncols 337
nrows 393
xllcorner 428428.000000
yllcorner 4602440.000000
cellsize 26.757400
NODATA_value -9999.000000
[rows 182 to 207 of 393, columns 58 to 115 of 337]
0.000222 0.000103 0.000365 0.000302 -0.001815 -0.002295 -0.002079 -0.000974 -0.011714 -0.000376 0.056609 0.001074 0.002202 0.012822 0.023256 0.002908 -0.200647 -1.522775 -1.842538 -1.700786 -0.644063 -0.254412 0.282149 0.004142 -0.000081 0.000000 0.000000 0.005734 0.322496 0.021974 0.006176 -0.412174 -0.288965 -1.150645 -0.820871 -0.648484 -0.001589 0.000247 0.000331 0.000166 0.027654 0.368201 0.904040 1.799170 2.300194 2.154018 2.005386 3.471262 3.031699 2.945486 3.025104 2.084260 1.795089 0.733715 0.704073 0.746603 -0.023795 -0.055878
-0.000222 -0.000103 -0.000822 -0.003161 -0.002655 -0.035349 -0.025620 -0.013572 -0.035075 -0.003082 0.016986 0.000961 0.002795 0.001042 0.000589 -0.000110 -0.096320 -1.645714 -2.055476 -1.808791 -0.194501 0.013588 0.032508 0.012747 -0.000278 -0.011739 -0.005347 -0.000139 -0.000003 -0.000000 -0.000000 -0.076366 -0.355588 -1.095074 -0.487438 -0.057477 -0.000849 -0.000569 -0.000393 -0.000227 0.301087 0.793724 1.172153 1.928766 2.859532 2.680231 2.626166 4.001758 3.094486 2.730084 2.261765 1.510491 1.365470 0.688222 0.669625 0.856565 -0.128250 -0.011365
-0.011543 -0.009321 -0.024378 -0.015504 -0.029982 -0.057084 -0.043405 -0.023060 -0.006866 -0.073730 -0.005094 0.000871 0.002299 0.000107 -0.000124 -0.000210 -0.030384 -1.670119 -3.211215 -1.692138 -0.107853 0.000513 0.001212 0.011466 0.003930 -0.682179 -0.028879 -0.010407 -0.020733 -0.011031 -0.291516 -0.080966 -0.454329 -0.827494 -0.489511 -0.024232 -0.001763 -0.018829 -0.012760 -0.064545 0.517606 0.783331 1.103540 2.337884 3.394736 3.693857 3.111856 3.534305 1.782986 1.314373 1.441589 1.073417 1.029859 0.544527 0.541131 0.833324 -0.114632 -0.065221
-0.037636 -0.027137 -0.067344 -0.036625 -0.093180 -0.102584 -0.063429 -0.030119 -0.060991 -0.088889 -0.000032 -0.000577 0.000000 -0.000305 -0.000292 -0.003117 -0.017616 -1.593104 -2.928045 -1.523184 -0.045222 -0.000217 0.000880 0.001182 0.003841 -0.014996 -0.069002 -0.045510 -0.331247 -0.317466 0.109263 -0.149071 -0.628128 -0.603294 -0.711574 -0.109728 -0.112716 -0.082666 -0.059800 0.106181 0.409077 0.852810 1.625556 3.227192 4.330507 3.752160 3.525740 3.358402 1.573055 1.223180 1.374858 1.266374 1.104707 0.375833 0.390162 0.792519 -0.093933 -0.087329
-0.006198 -0.059930 -0.031708 -0.011156 -0.022746 -0.210817 -0.193272 -0.154814 -0.067092 -0.077563 -0.036819 -0.001586 -0.000981 -0.012403 -0.007616 -0.001956 -0.307695 -1.360538 -2.923141 -2.459389 -0.083689 -0.009392 -0.000812 0.000284 0.000310 -0.003966 -0.011380 -0.446159 0.528673 0.353892 0.541372 0.111991 -0.690596 -0.653957 -0.861408 -0.337361 -0.134036 0.172557 -0.011451 0.087992 0.331787 1.314020 2.346673 3.729638 4.278870 3.759027 3.346728 2.725908 1.500746 1.122505 1.231750 0.705348 1.022366 0.193149 0.376281 0.650940 -0.002980 -0.044485
-0.001424 -0.016665 -0.021105 -0.009896 -0.000361 0.001924 -0.092619 -0.079851 -0.347487 -0.316214 -0.018467 -0.001232 -0.001112 -0.023364 -0.032961 0.000814 -0.235105 -1.996284 -2.642874 -2.051208 -0.254895 -0.020365 -0.000999 -0.001377 -0.000495 -0.001416 -0.002532 0.612208 1.289827 0.731471 0.743896 0.167097 -0.791776 -0.840886 -0.861802 -0.399257 -0.179699 0.261037 -0.071446 0.046839 0.094262 1.339949 2.205580 3.784137 4.412255 3.784180 3.292620 2.402060 1.196854 1.319246 0.965931 0.583546 0.464107 0.195959 0.348868 0.911151 -0.055960 -0.010926
-0.002140 -0.006732 -0.112160 -0.006736 -0.001404 0.003866 0.002049 -0.037218 -0.243524 -0.452335 -0.250527 -0.001012 -0.000988 -0.002366 -0.375073 0.018335 -0.214564 -1.607617 -2.381480 -1.883713 -0.443093 -0.006224 -0.023139 -0.006662 -0.021095 -0.014425 -0.009287 1.113648 1.391338 0.893557 0.753522 0.166106 -0.525340 -0.420527 -0.771816 -0.461748 0.004702 0.192547 -0.066323 0.034884 0.204772 1.505767 2.172040 4.636991 4.615602 3.833613 3.289991 2.415238 1.188074 0.998719 0.894043 0.532979 0.339387 0.381332 0.457748 0.888647 -0.196074 -0.003862
-0.001117 -0.001868 -0.118961 -0.002596 -0.001505 -0.000419 0.001427 -0.009409 -0.126978 -0.524058 -0.362995 -0.007796 -0.014182 -0.001622 -0.255310 0.156705 -0.308175 -1.335604 -2.615724 -2.649113 -1.097337 -0.278186 -0.557000 -0.017624 -0.385366 -0.377164 0.383339 0.655421 0.741104 0.107619 0.061712 0.407788 0.095773 -0.000455 -0.374526 -0.466721 0.028815 0.135612 -0.048805 0.021252 0.266801 1.463105 2.674243 4.761344 5.452595 4.355792 3.189437 2.230182 0.989498 0.742853 0.718685 0.419711 0.441508 0.626607 0.420874 0.958844 -0.282789 -0.083542
-0.051926 -0.150841 -0.067293 -0.025099 -0.000878 -0.004870 -0.001473 0.000199 0.000364 -0.367040 -0.459090 -0.003259 -0.029471 -0.013012 -0.069039 0.294495 -0.187112 -1.467963 -1.875209 -2.216813 -0.909626 -0.318592 -0.238806 0.074789 0.049102 0.055812 0.318196 0.499724 0.449352 0.049421 0.006690 -0.008113 0.000048 -0.007708 -0.058666 -0.117281 0.133430 0.201063 -0.021277 -0.007531 0.349508 1.797361 2.856513 5.949658 5.745771 4.570277 3.325806 2.456167 0.708671 0.564771 0.486464 0.356654 0.257796 0.445575 0.250653 0.923683 -0.276702 -0.122924
-0.096352 -0.124265 -0.190109 -0.012836 -0.017273 -0.006131 -0.003257 -0.000833 -0.000039 -0.284297 -0.298628 -0.158432 -0.227528 0.028196 0.299671 0.458705 -0.047570 -1.196152 -1.919442 -1.716241 -0.814272 -0.478486 0.071143 0.750668 0.294650 -0.042172 0.022331 0.569709 -0.074244 -0.342822 -0.446641 -0.813161 -0.181463 -0.347803 -0.158657 -0.110721 0.425236 0.248874 0.039070 0.169874 0.333394 1.847672 3.132329 5.519266 5.341406 3.581908 3.158429 2.001609 0.486729 0.418626 0.484401 0.347774 0.051814 0.105959 0.103704 1.008080 -0.152160 -0.022506
-0.022576 -0.302541 -0.440304 -0.023817 -0.037997 -0.002559 -0.032415 -0.006290 -0.001250 -0.126310 -0.470529 -0.834786 0.241152 0.418679 0.628537 0.831854 0.093736 -0.676721 -1.336744 -1.003745 -0.570836 -0.162825 0.347560 0.569938 0.284018 -0.065237 0.038022 0.381506 -0.233372 -0.680631 -0.912238 -0.575426 -0.153408 -0.867753 -0.353570 -0.326162 0.574023 0.308503 0.077973 0.156437 0.170711 1.828287 3.437718 5.777657 5.437998 3.582544 3.122722 1.725312 0.219147 0.292681 0.345254 0.292815 0.052737 0.000076 0.001575 0.020424 0.001505 0.001120
0.000010 -0.262417 -0.311520 -0.247987 -0.009463 -0.009877 -0.078542 -0.002792 -0.001851 -0.047645 -0.205256 -0.643212 0.278340 0.444696 0.857563 0.925303 0.241296 -0.541332 -0.816385 -0.757634 -0.467657 0.030378 0.406347 0.406876 0.470092 0.219869 0.529236 0.195963 -0.036704 -0.624639 -0.506531 -0.571909 -0.320952 -0.793678 -0.559965 -0.543589 0.664989 0.380494 0.053418 0.084690 -0.042393 1.745839 3.243001 6.005774 5.550979 4.722346 3.594599 1.495132 -0.097344 0.092099 0.183411 0.144926 -0.119527 0.018796 -0.000197 0.000493 0.001619 0.001188
-0.006804 -0.110566 -0.368240 -0.316350 -0.151667 -0.130597 -0.137137 -0.008354 -0.002262 -0.015965 0.049544 -0.325503 0.264664 0.542973 0.872605 1.156709 0.180609 -0.459508 -0.665362 -0.627503 -0.264831 0.068549 0.330649 0.472978 0.204397 0.096869 0.076230 0.030022 -0.016791 -0.025448 -0.343441 -0.322483 -0.510740 -0.624018 -0.602029 -0.585257 1.048349 0.422299 0.072006 0.057892 -0.210550 1.808947 3.432118 6.561868 6.063894 4.925440 2.869363 0.861374 -0.471601 -0.128577 0.116425 0.074487 0.012856 0.708298 0.112505 -0.000424 -0.000972 0.000918
-0.019106 -0.028707 -0.208817 -0.167920 -0.275641 -0.237695 -0.629834 -0.821241 -0.018244 -0.010960 0.206341 -0.172872 0.170139 0.363035 0.713539 1.143508 0.041872 -0.447027 -0.486181 -0.453678 -0.073894 0.085431 0.290663 0.402098 0.279975 0.150428 0.094919 0.050974 -0.041660 0.243383 -0.135591 -0.285160 -0.494641 -0.479570 -0.417544 -0.340769 1.649138 0.378750 0.195640 0.161112 -0.158477 1.894871 4.382425 6.694911 6.002131 4.367743 2.142042 0.520996 -0.634661 -0.207691 0.284698 0.307511 0.281661 0.762248 1.034195 -0.007391 -0.000486 0.000000
-0.002545 -0.011396 -0.271879 -0.246810 -0.037352 -0.059368 -0.290658 -0.618146 -0.347614 -0.163891 0.156330 -0.025663 0.123615 0.362477 0.707106 1.289809 -0.076364 -0.439090 -0.133761 -0.216311 0.131592 0.069941 0.214468 0.404654 0.564133 0.032096 0.031321 0.030043 0.029111 0.820957 0.009960 -0.233404 -0.349486 -0.109336 -0.265529 -0.176978 2.136514 0.306950 0.016736 0.010003 0.514661 2.358742 4.485765 7.351917 5.668341 4.726006 2.644297 1.454154 -0.341735 0.021219 0.005982 0.000326 0.000157 0.212266 1.135246 -0.049734 -0.019291 -0.010074
-0.013863 0.004701 -0.131162 -0.131737 -0.017383 -0.114350 -0.046963 -0.374979 -0.349131 -0.102156 0.104354 0.032984 0.035517 0.448738 0.659498 1.139363 -0.230110 -0.378333 0.040161 0.003791 0.281313 -0.078526 0.080724 0.017483 0.017959 0.021369 0.016836 0.022541 0.019381 1.381569 1.024723 0.148631 0.267918 0.363267 -0.163911 0.234191 0.011372 0.006337 0.006034 0.000175 0.251694 1.526082 3.383169 5.771213 5.901483 3.405481 0.433942 0.344429 -0.000105 -0.000000 -0.000003 -0.000208 -0.000106 0.000076 0.411848 0.104183 0.188717 0.605298
-0.058329 0.001709 0.003960 0.005480 0.003737 -0.165372 0.042985 -0.316209 -0.271008 -0.177951 0.025073 0.006748 -0.052085 0.477488 0.657390 1.127943 -0.493717 -0.495755 0.177628 0.182085 0.332164 -0.044395 0.000375 0.008894 0.000326 0.000852 0.017020 0.006075 0.006421 0.025448 0.015671 0.001304 0.014162 1.231953 0.143359 0.006383 0.000000 0.000000 0.000000 -0.011545 0.353966 1.985249 3.993871 6.420084 6.221691 3.956069 0.705051 0.604309 0.131616 -0.010656 -0.007280 -0.007577 -0.014298 -0.025261 -0.001604 -0.690491 0.607130 1.596052
-0.017445 -0.001627 -0.006985 0.001430 0.000152 0.000118 0.093507 -0.198727 -0.144864 -0.119135 -0.066816 -0.007400 0.133118 0.473535 0.752417 1.361847 -0.631886 -0.423714 0.484167 0.555617 0.597647 0.001599 0.000414 -0.000003 -0.000208 0.000724 0.001544 0.000000 0.000000 0.000178 0.000005 -0.000065 0.001935 0.009031 0.013133 0.000512 -0.009776 -0.007076 -0.007448 -0.310415 0.779473 2.321058 3.959467 6.317737 6.052495 3.848287 1.094373 0.702679 0.412129 -0.470084 -0.025138 -0.031248 -0.492538 -0.047619 -0.523720 -0.887678 1.600074 3.017623
-0.000028 -0.001043 -0.002459 -0.073000 -0.178488 -0.001607 0.000980 -0.001642 0.163427 -0.043443 -0.114459 0.037973 0.359357 0.456081 0.832197 1.611837 -0.281208 -0.210663 0.040163 0.045675 0.081292 0.005851 0.000022 -0.008749 -0.014182 -0.002829 -0.002467 -0.012736 -0.006438 -0.000347 -0.006003 -0.045435 -0.000401 0.000000 0.000000 -0.000137 -0.030670 -0.065062 -0.058851 -0.311820 0.903267 2.166033 3.949776 5.571501 4.367164 3.391581 1.044852 0.964085 0.561799 -0.291109 -0.324365 -0.199524 -0.403690 -0.144103 -0.446689 -0.319083 0.991407 1.221107
-0.023501 0.067040 0.034209 0.094130 -0.089205 -0.134833 -0.020818 0.101530 0.567435 -0.013522 -0.197836 0.052695 0.838960 0.022331 0.005986 0.059889 0.085317 0.014475 0.012191 0.011481 0.020089 0.003917 -0.000611 -0.030843 -0.038251 -0.029816 -0.025330 -0.027948 -0.024458 -0.016220 -0.015560 -0.545766 -0.312707 -0.005460 -0.012362 -0.060875 -0.016112 -0.029168 -0.024850 -0.104874 0.824613 1.945928 3.521720 5.136060 3.827007 2.371085 0.969456 0.977042 0.604586 -0.428919 -0.416122 -0.023899 -0.070937 0.200948 -0.169681 0.168156 0.145388 1.080148
-0.058729 0.082552 0.036286 0.088537 -0.080220 -0.152848 -0.033005 0.010706 0.013582 0.051044 -0.272977 0.018241 0.619167 0.000730 0.001651 0.004787 0.001738 0.029971 0.014311 0.012945 0.000222 0.001334 -0.001857 -0.116298 -0.210918 -0.214536 0.097925 -0.006189 -0.026779 -0.711989 -0.672752 -0.005447 0.370089 0.325094 -1.396630 0.020129 -0.011938 -0.020186 -0.018889 0.206361 0.764144 1.991105 3.453952 5.021814 3.439203 1.914192 0.850851 0.762936 0.340057 -0.104483 -0.216798 0.074244 0.446275 0.967800 0.424510 0.032268 0.070521 0.564179
-0.096446 0.031169 0.000914 0.015154 -0.101862 -0.178798 -0.091126 0.000569 0.000393 0.000548 -0.086966 -0.019510 0.526945 0.000845 0.002523 0.018174 0.002609 0.061723 0.003192 -0.001119 -0.000222 -0.002657 -0.001693 -0.055254 -0.232689 -0.099549 0.096116 -0.001590 -0.003899 -0.206900 -0.327804 0.124341 0.411962 0.429152 -0.970292 0.204351 -0.094493 -0.014590 -0.014262 0.533507 1.048993 2.232361 3.252715 4.586019 3.593788 1.800620 0.618461 0.698755 0.349067 0.096676 0.152731 0.117705 0.946337 2.088957 0.530338 0.165150 0.187943 0.390377
-0.096664 -0.003966 -0.025331 -0.018843 -0.119025 -0.198481 -0.126338 -0.000247 -0.000331 0.001746 0.105972 -0.051347 0.415134 0.000380 0.001211 0.005450 0.000744 0.007089 -0.000055 -0.009269 -0.028512 -0.003812 -0.089128 -0.051625 -0.216389 -0.048965 0.000071 0.000000 -0.000905 0.118777 -0.198193 0.136546 0.366040 0.334157 -0.838947 0.193959 0.045183 -0.166516 -0.172139 1.021242 1.307027 1.790550 2.537667 3.492029 2.491927 1.749430 0.726450 0.762188 0.493007 0.363789 0.341531 -0.033834 0.070524 0.958935 0.463375 0.228518 0.299931 0.573034
-0.301781 -0.091642 -0.111928 -0.111356 -0.110853 -0.166078 -0.053227 -0.000554 -0.009248 0.194196 0.276023 -0.070795 0.183310 0.000065 0.000065 0.000000 -0.000250 -0.000010 -0.000000 -0.002634 -0.063471 -0.020852 -0.374136 -0.203323 -0.051532 0.080063 -0.000488 -0.006086 -0.000529 0.305618 -0.174727 0.098974 0.339330 0.304239 -0.510121 0.211768 0.061200 -0.003378 0.006711 1.187451 1.325635 1.786319 2.501011 3.404142 2.510784 1.125245 0.441963 0.331897 0.292282 0.457767 0.630568 0.107209 0.000000 0.029847 0.032826 0.133489 0.328586 0.475989
-0.230869 -0.051587 -0.086990 -0.097462 -0.093256 -0.169081 -0.003399 -0.025087 -0.527994 0.377276 0.192277 0.027541 0.000367 -0.000124 -0.000556 -0.005378 -0.019972 -0.009265 -0.012801 -0.017335 -0.603583 -0.527999 -0.136068 -0.081421 -0.019925 0.000222 -0.005586 -0.044533 -0.101764 0.404843 -0.095475 0.105594 0.240488 0.204646 -0.393774 0.233829 0.146776 0.077786 0.137847 1.063294 1.256597 1.740080 2.441600 3.346650 2.558356 1.197120 0.565229 0.332839 0.258433 0.452292 0.340742 0.219238 0.009640 0.020587 -0.000283 0.001839 0.019978 0.034974
-0.252313 -0.091709 -0.140767 -0.133790 -0.100885 -0.197468 0.070793 -0.656049 -0.535742 0.268390 0.110235 0.177907 0.104121 -0.025163 -0.011663 -0.020133 -0.023862 -0.036757 -0.028989 -0.296693 -0.370783 -0.387926 -0.057694 0.125772 -0.006209 -0.000222 -0.002332 -0.102242 0.052850 0.369349 -0.055210 0.124728 0.315773 0.195394 -0.275542 0.366521 0.204909 0.124865 0.202878 1.125032 1.153823 1.767517 2.329519 3.861237 3.224414 1.755792 0.924628 0.425322 0.295485 0.504844 0.235170 0.323594 0.007823 0.036835 -0.000732 0.000057 0.000391 0.000793
