use_cases/Flooding_chicago/flooding_data/output/hUy_2460.asc
ncols 337
nrows 393
xllcorner 428428.000000
yllcorner 4602440.000000
cellsize 26.757400
NODATA_value -9999.000000
[rows 130 to 155 of 393, columns 174 to 231 of 337]
0.026407 0.009341 0.000558 0.000009 0.000155 -0.016738 0.331110 0.038174 0.056678 0.028962 0.015842 0.021658 0.024779 0.032045 0.022722 0.048593 0.048147 0.019847 -0.311079 -1.064237 -1.351010 -1.520960 -0.226864 0.002721 -0.278160 -0.196077 -0.000372 0.000727 -0.001869 -0.008896 -0.483894 -0.098870 -0.147556 0.045924 0.017739 0.028322 0.003884 0.000757 0.000491 0.000025 0.111801 0.024268 0.077817 0.104881 0.136131 0.039797 0.060913 0.062488 0.092052 0.004172 0.000534 0.000511 0.000268 -0.000209 -0.000007 0.033283 0.594291 0.121737
0.006837 0.000320 -0.000118 -0.007950 -0.000339 0.041587 0.075327 0.006907 0.017388 0.012546 0.013963 0.006008 0.019417 0.014277 0.017403 0.010233 0.017222 0.001670 -0.412206 -0.684880 -1.413160 -1.508544 -0.299172 -0.137677 -0.196801 0.130772 0.003636 0.001450 0.022906 -0.001526 -0.619979 0.030712 0.026886 0.030423 0.009552 0.012430 0.000890 -0.000110 -0.000156 -0.032443 -0.003084 0.040464 0.017311 0.026621 0.010681 0.036066 0.038190 0.031104 0.026866 0.012446 0.000798 0.000718 -0.000039 -0.000812 0.002342 0.037477 0.080869 0.118703
0.000000 -0.000098 -0.006242 -0.026413 -0.026015 -0.002599 0.017943 0.000143 0.000061 0.000140 0.000222 0.000444 0.000025 0.000373 0.000309 0.000143 0.000002 -0.000132 0.074615 -0.697795 -1.407016 -1.714962 -0.601971 -0.335527 -0.244057 0.287302 0.157046 -0.068499 -0.035912 -0.140439 -0.310095 0.001685 0.007400 0.011921 0.000965 0.000473 -0.000082 -0.010447 -0.015302 -0.268570 0.005940 0.013924 0.007807 0.015069 0.008808 0.011553 0.007295 0.021056 0.002493 0.003219 0.000222 0.000103 -0.000243 -0.000513 -0.001721 0.000000 0.000252 0.180985
-0.017748 -0.017371 -0.022142 -0.031584 -0.099763 -0.001116 -0.000011 -0.000156 -0.000063 -0.000140 -0.000222 -0.000220 -0.022739 -0.000644 -0.000421 -0.000128 -0.003367 0.405680 1.086576 -0.585792 -1.440930 -2.140565 -1.086852 -0.760024 -0.685874 0.280621 0.794251 -0.096881 -0.040866 -0.001101 -0.020458 0.003148 0.000318 0.000270 0.000000 -0.000270 -0.007920 -0.032855 -0.146383 -0.218300 0.017904 0.004395 0.000289 0.000368 0.000724 0.000404 0.000015 0.000000 -0.000377 -0.001837 -0.000222 -0.000103 -0.000178 -0.000619 -0.008366 -0.031056 -0.002434 0.195531
-0.042739 -0.036371 -0.030720 -0.031640 -0.166868 -0.009549 -0.004772 -0.041653 -0.010321 -0.007420 -0.008512 -0.030905 -0.045453 -0.025884 -0.019983 -0.008552 -0.017614 0.997951 0.902364 -0.635171 -1.350947 -1.881404 -1.414658 -0.961478 -0.860701 0.161292 1.348101 -0.005140 -0.012795 -0.002265 -0.007497 0.000091 -0.000110 -0.000473 -0.000965 -0.001058 -0.022147 -0.370103 -0.069758 -0.121639 0.008058 0.000152 0.000068 -0.000388 -0.000781 -0.000588 -0.010501 -0.004899 -0.048796 -0.002744 -0.006516 -0.009821 -0.007692 -0.000783 -0.002578 -0.012717 0.025240 0.155316
-0.055844 -0.071967 -0.058765 -0.180997 -0.191451 -0.026007 -0.021869 -0.067424 -0.018375 -0.021412 -0.017885 -0.059075 -0.036250 -0.059993 -0.040066 -0.018512 -0.045115 0.707972 0.463151 -0.535710 -1.195570 -1.947563 -1.350525 -1.346324 -1.137442 0.183089 2.183746 1.011845 -0.035655 -0.011562 -0.001714 -0.000212 -0.001110 -0.006720 -0.024094 -0.002493 -0.047170 -0.422065 0.014550 0.047781 0.000311 -0.000054 -0.000755 -0.008639 -0.009406 -0.021955 -0.022472 -0.043272 -0.073190 -0.025316 -0.024921 -0.020013 -0.024516 -0.000656 -0.004390 0.028712 0.046733 0.194987
-0.159314 -0.661913 0.041275 -0.082674 -0.198991 -1.034474 -0.088805 -0.067068 -0.013577 -0.039987 -1.231424 -0.105478 -0.022072 -0.058457 -0.924295 -1.040445 -0.266741 0.457396 0.314770 -0.537642 -1.153730 -1.993715 -1.340206 -1.407360 -1.541463 0.092153 2.004400 2.264567 -0.110674 -0.016889 -0.002159 -0.014324 -0.012228 -0.033979 -0.041656 -0.014196 -0.613801 -0.412498 0.011688 0.007386 0.000101 -0.001632 -0.018777 -0.014952 -0.015391 -0.036264 -0.020256 -0.077353 -0.085630 -0.052323 -0.039534 -0.023647 -0.018258 -0.001039 0.211854 0.068994 0.071990 0.164950
0.406428 0.435102 0.275397 0.283664 0.119973 -0.435969 -0.344584 -1.023016 -0.946822 0.344649 -0.201614 -0.468293 -0.080509 -0.023425 -0.389694 -0.314357 0.155139 0.369745 0.321206 -0.570305 -1.210492 -1.897595 -1.254668 -1.384176 -1.357684 0.045945 2.070168 2.305613 0.337691 -0.002665 -0.009168 -0.019179 -0.041254 -0.049888 -0.043608 -0.382224 -0.438021 -0.000000 -0.000004 -0.000117 -0.002007 -0.009255 -0.047941 -0.017313 -0.017543 -0.029714 -0.064429 -0.095636 -0.094027 -0.065474 -0.039170 -0.039687 -0.002297 -0.000736 0.238027 0.128558 0.154400 0.251925
0.699857 1.144319 0.752185 0.607286 0.473233 -0.052739 -0.450747 -0.577496 -0.057124 0.761573 0.530088 -0.889886 -0.997937 -1.147013 -0.034826 0.082886 -0.043145 0.041888 0.114804 -0.604290 -1.226956 -1.873597 -1.311760 -1.356123 -1.436729 -0.110631 1.854782 1.845914 0.646219 -0.023283 -0.018728 -0.024463 -0.388126 -0.684699 -0.222798 -0.837573 -0.735740 -0.023554 -0.014674 -0.016473 -0.023355 -0.005884 -0.018020 -0.018840 -0.018848 -0.034088 -0.094195 -0.108097 -0.075837 -0.069341 -0.076170 -0.058583 -0.023655 0.020654 0.370617 0.379976 0.472531 0.472999
1.561663 1.596822 0.879806 0.795155 0.750653 0.558315 -0.129370 -0.324888 0.734194 1.701759 0.802682 -0.122152 -0.974378 -1.357102 0.503527 0.461352 -0.492192 -0.516726 -0.311448 -1.048625 -1.569192 -2.066802 -1.469837 -1.581423 -1.725909 -0.429126 1.355539 1.330654 0.403150 -0.047707 -0.027727 -0.467910 0.004504 -0.534909 -0.110534 -0.003045 -0.354742 -0.499966 -0.034275 -0.049733 -0.042767 -0.020599 -0.045739 -0.013797 -0.026989 -0.030874 -0.073069 -0.211609 -0.040763 -0.061196 -0.575863 -0.594124 -0.353290 0.558102 0.870631 0.879579 0.866994 0.957770
1.419917 1.567333 0.614889 0.483413 1.561765 0.999823 0.169161 -0.263963 1.104090 1.679398 0.656906 0.570355 -0.134970 -0.920235 0.661021 0.673617 -0.432478 -0.724675 -0.453566 -1.431843 -1.713466 -2.059137 -1.497698 -1.652427 -1.713227 -0.622166 1.135646 1.113682 0.005624 -0.187652 -0.265594 -0.277757 0.036540 -0.015403 0.303485 0.287308 -0.210629 -0.533211 -0.481505 -0.809832 -0.048415 -0.035719 -0.031837 -0.027960 -0.064068 -0.034702 0.275815 -2.461758 -0.495078 -0.366660 0.366582 0.436419 0.341920 1.173813 1.283838 1.497610 1.396759 1.933821
1.609173 1.706880 0.483814 1.775093 2.019564 1.099905 0.194558 -0.028256 1.483446 1.620721 0.158377 0.156795 0.636654 -0.318484 1.094659 1.190447 -0.102487 -0.596572 -0.320929 -1.395142 -1.714576 -1.870725 -1.234110 -1.306634 -1.591128 -0.555478 1.083091 0.906227 -0.468075 -0.244361 -0.204866 -0.408074 0.002697 0.207714 0.499736 0.816613 -0.022961 -0.649687 0.190525 0.096819 -1.784622 -3.258754 -0.021377 -2.723439 -0.093599 -1.081196 0.887684 -1.264749 0.522525 0.582522 1.342520 1.159556 0.673679 1.499363 1.430235 1.875848 1.715807 2.549626
0.525941 0.549683 0.887289 2.188164 2.228987 1.289547 0.131956 0.045439 0.010907 0.010290 0.010449 0.226662 0.320194 0.016269 0.006140 0.023892 0.021784 -0.061606 0.257223 -1.124324 -1.276539 -1.471512 -1.031410 -1.004028 -1.126637 -0.233147 1.233181 0.946085 -0.335476 -0.633164 -0.271081 -0.672386 -0.264683 0.075623 0.023935 0.240776 0.007119 -0.716536 0.811144 0.847242 -0.570721 -3.070768 -0.785830 -1.883644 0.506311 -0.164071 0.641399 -0.460680 0.667352 0.994121 1.728886 1.581702 0.933785 1.533328 1.339407 1.665458 1.768884 2.494409
0.494642 0.586835 0.427145 1.564211 1.256802 0.051122 0.000761 0.013492 0.000992 0.001105 0.000268 0.259707 0.289781 0.000008 0.000346 0.007855 0.004928 0.004028 0.001010 -0.598502 -0.991077 -1.281953 -0.625190 -0.677152 -0.575206 0.363813 1.502838 1.036579 -0.165453 -0.867367 -0.581487 -0.929540 -0.709864 -0.379343 -0.124821 0.000308 0.000222 -0.060606 0.899612 1.237210 0.118618 -2.265775 -0.647735 -1.268311 0.447570 -0.028300 0.451867 -0.062194 0.773532 1.416608 2.492067 2.129552 1.145129 1.359753 1.122159 1.418966 1.757722 2.353721
0.507341 0.649333 0.423325 2.108459 0.002486 0.117923 0.000994 0.000342 0.001010 0.001390 0.000054 0.303236 0.218645 -0.006369 -0.000180 0.000180 0.000222 0.042648 -0.002304 -0.029032 -0.644098 -0.994990 -0.152173 -0.496360 -0.137028 0.871243 1.500411 0.967683 -0.019985 -1.030246 -0.927197 -1.314162 -1.132601 -1.340511 -0.238935 -0.000414 -0.000222 0.073779 0.857360 1.219983 0.693918 -1.195248 -0.297945 -0.719007 0.440633 -0.003144 0.348959 0.176762 1.332723 1.912365 2.554480 1.959018 1.416473 1.362981 0.893259 1.138760 1.699400 2.178303
0.491217 0.741116 0.425994 0.838031 0.006929 0.017156 0.000157 -0.000033 -0.000023 0.000222 -0.000195 0.444043 0.293171 -0.023502 -0.007891 -0.000346 -0.000004 0.007507 -0.001095 -0.006793 -0.150481 -0.233758 0.575184 -0.201145 0.361266 1.579467 1.486277 1.201525 0.303165 -0.879113 -1.281355 -1.524503 -1.878215 -1.705532 -0.968650 -0.230818 0.129157 0.105566 0.985243 1.498856 0.952991 -0.481099 1.255418 -0.386845 0.190678 0.061057 0.476143 0.536491 1.837654 2.252716 2.476200 1.725253 0.832037 1.078384 0.775029 1.099585 1.640464 2.164654
0.485177 0.796353 0.048480 0.032801 0.007769 -0.000019 -0.000269 -0.000164 -0.000323 -0.000222 -0.014536 0.277067 0.207933 0.041741 -0.018965 -0.006276 -0.000885 -0.000031 -0.000000 -0.002405 0.170486 0.217699 0.667173 0.425316 1.051619 1.952036 1.519973 1.336434 1.329054 -0.554968 -1.336030 -1.982230 -1.878778 -2.466131 -1.671022 -0.690965 -0.012665 0.275697 1.095654 1.657077 1.477323 0.098343 0.590198 -0.081290 0.064619 0.044354 0.522290 0.666473 2.161322 1.944299 1.766533 1.187469 0.797914 1.101574 0.864851 1.035374 1.410706 1.746009
0.085371 0.108212 0.102307 0.000000 0.000000 -0.021869 -0.076095 -0.009267 -0.007836 -0.008612 -0.171735 0.221638 0.110156 0.144094 -0.011631 -0.012642 -0.000709 -0.011216 -0.007650 0.425846 0.608018 0.415321 0.890631 0.344168 1.362161 2.017093 2.247252 1.732879 1.430262 0.441702 -0.931950 -2.047279 -2.560898 -2.339566 -1.586063 -0.572977 -0.193412 0.649956 1.232302 1.655163 1.542555 0.449364 0.296289 0.052817 -0.023767 0.162644 0.566411 0.759444 2.232616 1.436175 1.365713 1.017866 0.959260 1.197407 1.172346 0.984123 1.133600 1.562937
0.075298 0.112325 0.090895 -0.100262 -0.123351 -0.027106 -0.080806 0.100838 -0.077938 -0.090159 0.143423 0.189321 -0.020478 0.149044 -0.001775 -0.002370 -0.011338 -0.022635 -0.112198 0.504082 0.578918 0.298133 1.330199 0.790936 2.599227 3.622595 3.688423 2.398299 1.781170 0.728292 0.051766 -1.737240 -2.232442 -2.229489 -1.270875 -0.311833 -0.299642 0.560535 1.278731 1.259053 0.965163 0.519440 0.540531 0.116990 -0.197780 0.392295 0.467364 0.726803 1.710357 1.077839 1.013859 0.879272 1.172748 1.169023 1.036309 0.821158 0.810053 1.069214
0.199184 0.452230 0.218942 -0.097563 -0.251397 -0.291520 -0.177934 -0.051947 -0.016767 -0.016098 0.611802 0.330015 -0.135503 0.148568 -0.032142 -0.007176 -0.056137 -0.127938 0.646487 0.634003 0.456485 0.530645 1.676872 1.130608 3.610222 4.971422 4.422890 2.127608 0.900908 0.310402 0.180711 -1.077647 -1.881318 -2.209461 -1.077399 0.043326 0.021989 0.244798 0.786412 0.717849 0.654557 0.456253 0.255494 0.013750 0.021188 0.551491 0.681638 0.622426 1.607740 0.985635 0.531471 0.660477 0.744691 0.695935 1.005407 0.457547 0.645915 1.028241
0.676874 0.571675 0.182241 -0.194611 -0.340079 -0.393041 -0.344359 -0.326484 -0.027834 -0.004942 0.058008 0.051929 0.003663 0.017952 0.001147 -0.011488 0.415707 0.893082 0.817201 0.728113 0.445453 1.130191 2.088868 1.455900 3.891624 6.412374 4.037935 1.199187 -0.261535 0.122683 0.264384 -0.395487 -1.300755 -1.749426 -0.575467 0.467745 -0.002620 -0.305072 0.122473 0.279816 -0.005546 -0.037817 0.033978 0.115205 0.488525 0.816379 0.785699 0.550954 1.559205 0.870312 0.192084 0.357585 0.530688 0.334659 0.341316 0.356358 0.516748 1.023061
1.207157 1.069504 0.075436 -0.308569 -0.474031 -0.544458 -0.482619 -0.562545 -0.045899 -0.025768 -0.000000 0.000083 0.000000 0.000000 -0.000067 0.139297 0.873734 1.552208 1.069395 1.655425 1.224954 2.283815 2.846963 1.879953 5.591634 7.712815 4.263699 0.697996 -0.993938 -0.077486 0.410026 0.213291 -0.783687 -1.759572 -0.156825 1.106270 0.079494 -0.666710 -0.403935 -0.259136 -0.450621 -0.122665 -0.083316 0.291361 0.716794 1.161976 0.831734 0.366368 1.451749 0.704334 0.093012 0.187212 0.330366 0.256116 0.262482 0.539554 0.578276 1.120165
1.680666 1.367920 0.391656 -0.352586 -1.161047 -1.839429 -1.580864 -1.388147 -1.009728 -1.100773 -0.248169 -0.112330 -0.010028 0.073070 1.391367 1.509129 1.180586 2.586686 2.830353 2.250152 1.671233 2.888927 2.518296 1.821352 3.740459 6.063271 3.688505 0.829485 -0.487941 0.184917 1.360581 0.433013 -0.741688 -1.779606 0.510917 2.235588 0.297134 -0.509279 -0.535600 -0.402469 -0.852884 -0.084357 0.300746 0.598618 1.098027 1.505310 0.822741 0.291576 2.016390 0.785450 0.142361 0.163811 0.226856 0.055441 0.306676 0.671163 0.482968 1.056390
2.905542 2.176943 1.148320 -0.263987 -0.938376 -0.858207 -0.881327 -1.189932 -0.496904 -0.533881 -0.612950 -0.138882 0.379458 1.138826 2.048516 1.626636 1.838885 5.948720 2.681064 2.393784 1.927862 1.693715 0.274419 0.472688 3.668379 3.918317 1.207020 0.426246 0.190795 0.877458 2.142196 0.373488 -0.363831 -1.157548 1.987397 0.015316 0.043159 0.068515 -0.058056 -0.303964 -0.565336 0.086440 0.736628 1.020661 1.378626 1.856010 0.608321 0.133332 1.706036 0.679164 0.201030 0.173204 0.224609 0.099908 0.326078 0.461464 0.582713 1.319857
4.130061 2.174912 1.758929 -0.193046 -0.058202 -0.146878 -0.321119 -0.671246 -0.008612 0.053158 0.604992 0.412984 1.111878 2.016877 2.995296 1.345676 1.844510 2.623560 0.030258 0.044283 0.029317 0.047460 0.043583 0.794997 4.700317 4.122564 0.279761 0.020271 0.066159 0.053598 0.037902 0.061952 0.097730 0.075785 0.020785 0.013741 0.019992 0.088111 0.573843 0.116997 -0.236827 0.513593 1.518317 1.344854 1.585422 2.016313 0.356281 0.154121 2.200945 0.584797 0.447279 0.434464 0.469427 0.495921 0.503125 0.508712 0.576710 1.008390
1.608029 1.297629 0.774246 0.229610 0.275695 0.370885 -0.014381 0.188645 0.850941 0.842636 0.824175 0.739913 1.208399 0.659150 1.299325 0.023844 0.075136 0.087703 0.020609 0.012444 0.015647 0.004815 0.073402 1.269425 5.028436 3.216289 0.171519 0.032361 0.069544 0.021286 0.022864 0.018295 0.064387 0.019883 0.009983 0.012204 0.006516 0.082901 0.328342 0.541381 0.081245 0.951037 2.156658 1.731211 1.949057 2.003128 0.143662 0.013897 0.022673 0.023339 0.032242 0.017110 0.033427 0.038075 0.577105 0.468777 0.590491 1.002422
