use_cases/Flooding_chicago/flooding_data/output/hUy_2340.asc
ncols 337
nrows 393
xllcorner 428428.000000
yllcorner 4602440.000000
cellsize 26.757400
NODATA_value -9999.000000
[rows 260 to 285 of 393, columns 0 to 57 of 337]
-9999.000000 -9999.000000 -9999.000000 -9999.000000 -9999.000000 -9999.000000 -9999.000000 -9999.000000 -9999.000000 -9999.000000 -9999.000000 -9999.000000 -9999.000000 -9999.000000 -9999.000000 -9999.000000 -9999.000000 -9999.000000 -9999.000000 -9999.000000 -9999.000000 -9999.000000 -9999.000000 -9999.000000 -9999.000000 -9999.000000 -9999.000000 -9999.000000 -9999.000000 0.011141 0.200716 0.557977 0.726372 0.953750 0.541098 0.719671 0.939741 1.389963 0.603177 0.164837 0.050374 0.746658 0.582772 0.186021 -0.018088 -0.316489 -0.051010 0.412993 0.555194 0.180231 0.064743 -0.096430 -0.280105 -0.174464 0.096361 0.001364 0.503058 0.341854
-9999.000000 -9999.000000 -9999.000000 -9999.000000 -9999.000000 -9999.000000 -9999.000000 -9999.000000 -9999.000000 -9999.000000 -9999.000000 -9999.000000 -9999.000000 -9999.000000 -9999.000000 -9999.000000 -9999.000000 -9999.000000 -9999.000000 -9999.000000 -9999.000000 -9999.000000 -9999.000000 -9999.000000 -9999.000000 -9999.000000 -9999.000000 -9999.000000 -9999.000000 0.003663 0.011237 0.092671 0.300231 1.317425 1.024150 0.287819 0.916740 1.290722 0.624059 0.285542 0.094508 0.903961 0.763300 0.270326 0.034149 -0.297758 -0.023354 0.452540 0.640470 0.207076 0.067859 -0.066969 -0.164297 -0.121591 0.177395 0.060341 0.852031 0.657539
-9999.000000 -9999.000000 -9999.000000 -9999.000000 -9999.000000 -9999.000000 -9999.000000 -9999.000000 -9999.000000 -9999.000000 -9999.000000 -9999.000000 -9999.000000 -9999.000000 -9999.000000 -9999.000000 -9999.000000 -9999.000000 -9999.000000 -9999.000000 -9999.000000 -9999.000000 -9999.000000 -9999.000000 -9999.000000 -9999.000000 -9999.000000 -9999.000000 -9999.000000 0.000000 0.000396 0.001845 0.089194 0.769281 0.617152 0.639469 0.839067 1.347399 0.872857 0.347978 0.261202 0.915806 0.684224 0.384500 0.085298 -0.199756 -0.017084 0.524027 0.585519 0.258935 0.077152 -0.029617 -0.163245 -0.079374 0.346477 0.033623 0.111488 0.174303
-9999.000000 -9999.000000 -9999.000000 -9999.000000 -9999.000000 -9999.000000 -9999.000000 -9999.000000 -9999.000000 -9999.000000 -9999.000000 -9999.000000 -9999.000000 -9999.000000 -9999.000000 -9999.000000 -9999.000000 -9999.000000 -9999.000000 -9999.000000 -9999.000000 -9999.000000 -9999.000000 -9999.000000 -9999.000000 -9999.000000 -9999.000000 -9999.000000 -9999.000000 -0.000545 0.000497 0.007519 0.019387 0.327549 0.260890 0.545314 0.864309 1.064567 0.748021 0.460768 0.460755 1.098115 0.715658 0.489908 0.159911 -0.282775 -0.028955 0.579214 0.629993 0.219774 0.081606 -0.037642 -0.161945 -0.010334 0.032359 0.041412 0.013770 0.051967
-9999.000000 -9999.000000 -9999.000000 -9999.000000 -9999.000000 -9999.000000 -9999.000000 -9999.000000 -9999.000000 -9999.000000 -9999.000000 -9999.000000 -9999.000000 -9999.000000 -9999.000000 -9999.000000 -9999.000000 -9999.000000 -9999.000000 -9999.000000 -9999.000000 -9999.000000 -9999.000000 -9999.000000 -9999.000000 -9999.000000 -9999.000000 0.002015 0.000844 -0.000548 0.001144 0.008247 0.032315 0.046041 0.031743 0.507017 0.855415 1.209587 0.514984 0.479008 0.526213 1.181112 1.030405 0.807860 0.160460 -0.290641 -0.053044 0.749741 0.796958 0.228769 0.073860 -0.047188 -0.133184 0.133949 0.030125 0.031493 0.022666 0.111291
-9999.000000 -9999.000000 -9999.000000 -9999.000000 -9999.000000 -9999.000000 -9999.000000 -9999.000000 -9999.000000 -9999.000000 -9999.000000 -9999.000000 -9999.000000 -9999.000000 -9999.000000 -9999.000000 -9999.000000 -9999.000000 -9999.000000 -9999.000000 -9999.000000 -9999.000000 -9999.000000 0.000627 0.001204 0.000057 0.059567 0.000989 0.000812 -0.005945 0.000126 0.001934 0.028227 0.064014 0.055357 0.262639 0.820378 1.302132 0.524083 0.273787 0.270298 1.182638 0.988942 0.848756 0.206914 -0.370178 -0.048999 0.795235 0.805054 0.273129 0.250317 0.105932 0.029606 0.313398 0.026692 0.032298 0.044944 0.067453
-9999.000000 -9999.000000 -9999.000000 -9999.000000 -9999.000000 -9999.000000 -9999.000000 -9999.000000 -9999.000000 -9999.000000 -9999.000000 -9999.000000 -9999.000000 -9999.000000 -9999.000000 -9999.000000 -9999.000000 -9999.000000 -9999.000000 -9999.000000 -9999.000000 -9999.000000 0.001230 0.000471 -0.000048 -0.003534 0.063496 0.001148 0.000347 -0.008178 -0.004167 0.001067 0.001387 0.087658 0.082575 0.413115 0.866870 1.373737 0.550980 0.277250 0.248523 1.270684 1.134136 1.094813 0.229948 -0.135993 0.001236 0.013680 0.013972 0.033183 0.783041 0.037944 0.039452 0.573761 0.055472 0.097373 0.047042 0.053909
-9999.000000 -9999.000000 -9999.000000 -9999.000000 -9999.000000 -9999.000000 -9999.000000 -9999.000000 -9999.000000 -9999.000000 -9999.000000 -9999.000000 -9999.000000 -9999.000000 -9999.000000 -9999.000000 -9999.000000 -9999.000000 -9999.000000 -9999.000000 -9999.000000 0.002181 0.000578 -0.000433 -0.000343 -0.007978 0.042289 0.001632 -0.000287 -0.002878 -0.081340 0.002496 0.002203 0.128183 0.133063 0.669814 1.438193 1.687553 0.350594 0.275063 0.249710 1.224393 0.998549 1.308960 0.598183 -0.000691 0.001183 0.007401 0.007897 0.030985 0.050427 0.035890 0.039536 0.242323 0.137160 0.067927 0.060544 0.053393
-9999.000000 -9999.000000 -9999.000000 -9999.000000 -9999.000000 -9999.000000 -9999.000000 -9999.000000 -9999.000000 -9999.000000 -9999.000000 -9999.000000 -9999.000000 -9999.000000 -9999.000000 -9999.000000 -9999.000000 -9999.000000 -9999.000000 -9999.000000 0.007271 0.003101 -0.000721 -0.010492 -0.106039 -0.001068 0.001122 0.002017 -0.000654 -0.148031 0.012781 0.415441 0.308116 0.509054 0.946351 0.904990 1.003835 1.140815 0.021120 0.028941 0.016622 0.525792 1.281282 0.670296 0.698174 -0.000428 0.000000 0.000010 0.000472 0.022325 0.016137 0.009634 0.045070 0.118306 0.117446 0.058035 0.082250 0.047692
-9999.000000 -9999.000000 -9999.000000 -9999.000000 -9999.000000 -9999.000000 -9999.000000 -9999.000000 -9999.000000 -9999.000000 -9999.000000 -9999.000000 -9999.000000 -9999.000000 -9999.000000 -9999.000000 -9999.000000 -9999.000000 -9999.000000 0.000530 0.028945 0.003500 -0.007857 -1.088997 -0.196692 0.190138 0.000155 0.000000 0.000467 -0.110102 0.628029 1.048465 0.666970 0.573074 1.635835 0.188827 0.139800 0.134720 0.031012 0.043512 0.024212 0.590963 0.704106 0.734974 0.774905 0.321974 -0.006020 -0.008443 -0.000221 0.000513 0.001075 0.001286 0.038831 0.050658 0.041085 0.062298 0.107825 0.032729
-9999.000000 -9999.000000 -9999.000000 -9999.000000 -9999.000000 -9999.000000 -9999.000000 -9999.000000 -9999.000000 -9999.000000 -9999.000000 -9999.000000 -9999.000000 -9999.000000 -9999.000000 -9999.000000 -9999.000000 -9999.000000 0.000000 0.000000 0.010490 0.000994 -0.003066 -1.328261 0.099350 0.748956 -0.067624 0.196114 0.001423 -0.005838 1.196354 1.391338 0.680952 0.164204 0.242563 0.008498 0.026475 0.017230 0.028691 0.092404 0.068554 0.035660 0.770947 0.760329 0.807068 0.399364 0.042398 -0.016739 -0.009756 -0.000587 -0.000607 -0.000023 0.000625 0.003591 0.016081 0.068978 0.071999 0.013510
-9999.000000 -9999.000000 -9999.000000 -9999.000000 -9999.000000 -9999.000000 -9999.000000 -9999.000000 -9999.000000 -9999.000000 -9999.000000 -9999.000000 -9999.000000 -9999.000000 -9999.000000 -9999.000000 -9999.000000 -9999.000000 -0.009284 -0.005237 0.000000 0.000088 0.022021 -1.328022 0.141468 0.793652 0.131936 0.409470 0.104199 0.114053 1.315681 1.025303 0.484324 -0.465515 0.191185 0.012774 0.058577 0.002306 0.006219 0.043804 0.029918 0.014244 0.074256 0.585242 0.732084 0.432902 0.203616 0.058165 0.021094 -0.059581 0.032139 0.031499 -0.000491 -0.000728 0.002806 0.030492 0.032042 0.001379
-9999.000000 -9999.000000 -9999.000000 -9999.000000 -9999.000000 -9999.000000 -9999.000000 -9999.000000 -9999.000000 -9999.000000 -9999.000000 -9999.000000 -9999.000000 -9999.000000 -9999.000000 -9999.000000 -9999.000000 -0.002144 -0.036670 -0.013347 -0.001154 -0.000613 0.006894 -0.156847 0.551926 0.993825 0.139639 0.544711 0.029596 0.381685 1.727049 0.812635 0.351138 -0.162353 0.217021 0.011834 0.103913 0.002861 0.015873 0.015013 0.006910 0.032014 0.015092 0.527235 0.963447 0.525975 0.238416 0.204632 0.149100 0.042644 0.086807 0.049880 -0.033379 0.003367 0.000622 0.000222 0.038946 0.000379
-9999.000000 -9999.000000 -9999.000000 -9999.000000 -9999.000000 -9999.000000 -9999.000000 -9999.000000 -9999.000000 -9999.000000 -9999.000000 -9999.000000 -9999.000000 -9999.000000 -9999.000000 -9999.000000 -9999.000000 -0.005326 -0.052786 -0.001391 -0.001019 -0.000876 -0.000025 0.028115 0.028914 0.041695 0.173023 0.571819 0.050180 0.048584 0.039358 0.049046 0.465236 1.644420 0.377033 0.635373 0.198419 0.001750 0.027405 0.029710 0.025245 0.078709 0.050310 0.033932 0.470332 0.321766 0.180809 0.093259 0.133694 0.152624 0.154797 0.049366 -0.012566 0.003063 0.002369 -0.000222 0.027555 0.000833
-9999.000000 -9999.000000 -9999.000000 -9999.000000 -9999.000000 -9999.000000 -9999.000000 -9999.000000 -9999.000000 -9999.000000 -9999.000000 -9999.000000 -9999.000000 -9999.000000 -9999.000000 -9999.000000 -9999.000000 -9999.000000 -0.028249 -0.006231 -0.009369 -0.004855 -0.000023 0.705388 0.289333 0.063397 0.372311 0.248067 0.074840 0.069764 0.036536 0.025565 0.019567 0.053397 0.242874 0.333008 0.337914 0.139396 0.049919 0.045165 0.009310 0.018121 0.025030 0.016736 0.147807 0.360899 0.332463 0.185744 0.189939 0.192204 0.183276 0.016337 0.010328 0.026147 0.005350 0.004470 0.002561 0.002540
-9999.000000 -9999.000000 -9999.000000 -9999.000000 -9999.000000 -9999.000000 -9999.000000 -9999.000000 -9999.000000 -9999.000000 -9999.000000 -9999.000000 -9999.000000 -9999.000000 -9999.000000 -9999.000000 -9999.000000 -9999.000000 -9999.000000 -0.015262 -0.013996 -0.013610 0.002642 0.018683 0.158939 0.169670 0.071388 0.121404 0.074264 0.076666 0.033327 0.004315 0.020543 0.060386 0.080349 0.033115 0.577464 0.252413 0.102260 0.038679 0.000214 0.001201 0.009904 0.007326 0.009143 0.160494 0.201489 0.291762 0.186465 0.265848 0.422870 0.005047 0.002800 0.015897 0.005150 0.001843 0.003201 0.000197
-9999.000000 -9999.000000 -9999.000000 -9999.000000 -9999.000000 -9999.000000 -9999.000000 -9999.000000 -9999.000000 -9999.000000 -9999.000000 -9999.000000 -9999.000000 -9999.000000 -9999.000000 -9999.000000 -9999.000000 -9999.000000 -9999.000000 -9999.000000 -9999.000000 -0.001247 0.000141 0.005208 0.015713 0.036774 0.036137 0.020993 0.228408 0.077400 0.040761 0.000779 0.011608 0.036385 0.061789 0.021397 0.024877 0.228225 0.288509 0.159485 -0.000090 0.000069 0.000360 0.000360 0.000308 0.065036 0.070187 0.343434 0.670404 0.201114 0.580287 0.125360 0.003163 0.000003 0.000069 0.001121 0.000000 -0.002341
-9999.000000 -9999.000000 -9999.000000 -9999.000000 -9999.000000 -9999.000000 -9999.000000 -9999.000000 -9999.000000 -9999.000000 -9999.000000 -9999.000000 -9999.000000 -9999.000000 -9999.000000 -9999.000000 -9999.000000 -9999.000000 -9999.000000 -9999.000000 -9999.000000 -9999.000000 -9999.000000 0.000740 0.002394 0.002012 0.014261 0.011220 0.089654 0.054577 0.109639 0.000698 0.002525 0.002889 0.037275 0.003663 0.006318 0.005350 0.233249 1.628593 0.168673 -0.000315 -0.000360 -0.000360 0.000180 0.140511 0.149493 0.407927 0.240161 0.142960 0.403425 0.099643 0.002805 -0.023144 0.000117 -0.000271 -0.002757 -0.002736
-9999.000000 -9999.000000 -9999.000000 -9999.000000 -9999.000000 -9999.000000 -9999.000000 -9999.000000 -9999.000000 -9999.000000 -9999.000000 -9999.000000 -9999.000000 -9999.000000 -9999.000000 -9999.000000 -9999.000000 -9999.000000 -9999.000000 -9999.000000 -9999.000000 -9999.000000 -9999.000000 -0.000261 -0.000254 0.000042 0.000005 0.000326 0.007224 0.000279 0.133489 -0.000385 0.001458 0.004439 0.003612 0.000000 0.000000 0.000000 0.053603 0.304237 0.072815 0.037394 0.007677 -0.000916 -0.000632 0.197263 0.231714 0.237522 0.000702 0.002315 0.006854 0.012249 0.009633 -0.026439 0.000189 -0.001441 -0.003495 -0.001819
-9999.000000 -9999.000000 -9999.000000 -9999.000000 -9999.000000 -9999.000000 -9999.000000 -9999.000000 -9999.000000 -9999.000000 -9999.000000 -9999.000000 -9999.000000 -9999.000000 -9999.000000 -9999.000000 -9999.000000 -9999.000000 -9999.000000 -9999.000000 -9999.000000 -9999.000000 -9999.000000 -9999.000000 -0.002058 -0.001798 -0.002483 -0.000208 -0.000003 0.000239 0.172966 0.062211 0.000345 0.000507 0.001256 -0.009618 -0.008647 0.041606 0.052855 0.035595 0.023852 0.018132 0.011988 0.003086 0.023587 0.168457 0.239071 0.288351 -0.000425 -0.000568 0.002836 0.013345 0.050992 -0.002735 -0.000637 -0.002215 -0.002306 -0.010636
-9999.000000 -9999.000000 -9999.000000 -9999.000000 -9999.000000 -9999.000000 -9999.000000 -9999.000000 -9999.000000 -9999.000000 -9999.000000 -9999.000000 -9999.000000 -9999.000000 -9999.000000 -9999.000000 -9999.000000 -9999.000000 -9999.000000 -9999.000000 -9999.000000 -9999.000000 -9999.000000 -9999.000000 -9999.000000 -9999.000000 -9999.000000 -0.001505 -0.000908 -0.000027 0.006744 0.065199 0.001147 0.000853 0.001109 -0.022504 0.017018 0.053451 0.059638 0.031563 0.018658 0.014539 0.007260 0.006184 0.028224 0.129697 0.198411 0.252453 0.187587 -0.095548 -0.003623 0.006148 0.012108 -0.002536 -0.009142 -0.009548 -0.012732 -0.032516
-9999.000000 -9999.000000 -9999.000000 -9999.000000 -9999.000000 -9999.000000 -9999.000000 -9999.000000 -9999.000000 -9999.000000 -9999.000000 -9999.000000 -9999.000000 -9999.000000 -9999.000000 -9999.000000 -9999.000000 -9999.000000 -9999.000000 -9999.000000 -9999.000000 -9999.000000 -9999.000000 -9999.000000 -9999.000000 -9999.000000 -9999.000000 -9999.000000 -9999.000000 -9999.000000 0.000000 0.000396 0.000898 0.000935 0.006404 0.054721 0.048274 0.120862 0.115634 0.023203 0.000007 -0.000284 -0.005978 -0.001820 0.000222 0.000235 0.146043 0.227248 0.143999 -0.029809 -0.001271 0.000138 0.000222 -0.004192 -0.023825 -0.039020 -0.039247 -0.010902
-9999.000000 -9999.000000 -9999.000000 -9999.000000 -9999.000000 -9999.000000 -9999.000000 -9999.000000 -9999.000000 -9999.000000 -9999.000000 -9999.000000 -9999.000000 -9999.000000 -9999.000000 -9999.000000 -9999.000000 -9999.000000 -9999.000000 -9999.000000 -9999.000000 -9999.000000 -9999.000000 -9999.000000 -9999.000000 -9999.000000 -9999.000000 -9999.000000 -9999.000000 -9999.000000 -9999.000000 -0.000896 -0.000957 0.000813 0.038148 0.039445 0.020594 0.026010 0.035899 0.003611 -0.010143 -0.008493 -0.012065 -0.011441 -0.000222 -0.000136 0.031752 0.031528 0.140331 0.100770 -0.000346 -0.000134 -0.000222 -0.001640 -0.025576 -0.314471 -0.345842 0.026042
-9999.000000 -9999.000000 -9999.000000 -9999.000000 -9999.000000 -9999.000000 -9999.000000 -9999.000000 -9999.000000 -9999.000000 -9999.000000 -9999.000000 -9999.000000 -9999.000000 -9999.000000 -9999.000000 -9999.000000 -9999.000000 -9999.000000 -9999.000000 -9999.000000 -9999.000000 -9999.000000 -9999.000000 -9999.000000 -9999.000000 -9999.000000 -9999.000000 -9999.000000 -9999.000000 -9999.000000 -9999.000000 -9999.000000 0.001188 0.011753 0.013837 0.009973 0.012729 0.007408 0.001216 -0.004700 -0.005383 0.019675 -0.005037 0.007424 -0.017302 -0.001748 0.007065 0.055901 0.124818 -0.091603 -0.018062 -0.007192 -0.001807 -0.148475 -0.273100 -0.194505 0.053161
-9999.000000 -9999.000000 -9999.000000 -9999.000000 -9999.000000 -9999.000000 -9999.000000 -9999.000000 -9999.000000 -9999.000000 -9999.000000 -9999.000000 -9999.000000 -9999.000000 -9999.000000 -9999.000000 -9999.000000 -9999.000000 -9999.000000 -9999.000000 -9999.000000 -9999.000000 -9999.000000 -9999.000000 -9999.000000 -9999.000000 -9999.000000 -9999.000000 -9999.000000 -9999.000000 -9999.000000 -9999.000000 -9999.000000 0.001066 0.000000 0.000004 0.000172 0.000005 0.000266 0.000295 -0.000380 0.000298 0.172625 0.126645 0.107526 0.049309 0.057209 -0.000416 -0.062092 -0.044890 -0.108451 -0.205496 -0.015146 -0.002566 -0.033393 -0.203424 -0.078485 0.076859
-9999.000000 -9999.000000 -9999.000000 -9999.000000 -9999.000000 -9999.000000 -9999.000000 -9999.000000 -9999.000000 -9999.000000 -9999.000000 -9999.000000 -9999.000000 -9999.000000 -9999.000000 -9999.000000 -9999.000000 -9999.000000 -9999.000000 -9999.000000 -9999.000000 -9999.000000 -9999.000000 -9999.000000 -9999.000000 -9999.000000 -9999.000000 -9999.000000 -9999.000000 -9999.000000 -9999.000000 -9999.000000 -9999.000000 0.000000 -0.009040 -0.009390 -0.000488 -0.009308 -0.000200 0.000351 0.000304 0.003874 0.057937 0.045765 0.034372 0.018468 0.050800 0.111319 -0.026239 -0.096991 -0.132596 -0.197425 -0.185102 -0.001166 -0.000753 -0.018998 -0.002110 0.069696
