use_cases/Flooding_chicago/flooding_data/output/hUy_2640.asc
ncols 337
nrows 393
xllcorner 428428.000000
yllcorner 4602440.000000
cellsize 26.757400
NODATA_value -9999.000000
[rows 130 to 155 of 393, columns 116 to 173 of 337]
-0.032614 -0.179106 0.002793 0.001760 -0.012474 0.333889 0.322502 0.389204 0.052816 -0.203371 -0.156885 -0.004500 0.008168 -0.138864 -0.372362 -0.075228 -0.283614 -0.582601 -0.766868 -0.509394 -0.294649 -0.312442 -0.359299 -0.306383 -0.224975 -0.227821 -0.099074 -0.154531 0.006148 0.037858 0.034985 0.000222 -0.050107 -0.103819 -0.077846 -0.026463 -0.016391 -0.013555 -0.000240 -0.000150 0.000000 0.000000 -0.000069 -0.000066 0.000047 0.000146 0.003159 0.233463 0.201706 0.043555 0.016923 0.027931 0.036741 0.025822 0.030516 0.026455 0.025516 0.033729
-0.052599 -0.211788 0.004101 0.002580 0.018063 0.868313 0.614049 0.437424 0.028784 -0.191687 -0.132626 0.025991 0.103267 -0.070512 -0.209654 -0.071981 -0.229725 -0.477059 -0.892615 -0.629662 -0.454548 -0.368488 -0.382396 -0.267637 -0.231371 -0.142488 -0.175948 -0.193281 -0.098492 0.014544 -0.000501 -0.000222 -0.014899 0.085804 -0.000670 -1.077126 -0.083011 -0.014739 -0.014086 -0.001442 -0.010881 -0.009050 -0.015672 -0.006182 -0.000443 0.000124 0.007547 0.112572 0.107973 0.037145 0.016290 0.018832 0.031352 0.017934 0.029764 0.012587 0.013969 0.001976
-0.122310 -0.235366 0.001619 0.001363 0.000553 0.903986 0.586311 0.430966 0.069707 -0.109759 -0.017924 0.124938 0.231596 0.060196 -0.091881 0.023140 -0.060857 -0.235848 -0.690453 -0.653309 -0.726485 -0.559278 -0.597132 -0.521999 -0.444751 -0.091013 -0.276354 -0.376468 -0.246534 -0.043352 -0.081788 -0.077688 -0.013924 0.453779 0.109493 -0.654656 -0.156203 -0.047493 -0.026769 -0.009448 -0.017085 -0.020062 -0.036572 -0.023543 -0.041511 0.000000 0.002823 0.030260 0.065356 0.033061 0.000605 0.007410 0.014215 0.009476 0.016527 0.000347 0.000008 -0.000173
-0.314829 -0.341143 -0.004008 -0.002379 -0.000644 0.477940 0.436472 0.476915 0.190187 0.050622 0.101536 0.243352 0.459285 0.285101 0.037156 0.115162 0.120002 -0.019908 -0.389282 -0.477731 -0.733191 -0.538732 -0.465660 -0.439787 -0.468442 -0.031520 -0.299521 -0.445342 -0.314321 -0.092910 -0.112734 -0.053649 -0.158917 0.081952 0.116545 -0.456042 -0.275823 -0.236900 -0.048195 -0.015948 -0.018227 -0.026821 -0.037911 -0.041595 -0.097735 -0.027470 -0.000329 0.002676 0.024995 0.011018 0.000294 0.000093 0.000091 0.000000 0.000000 -0.000178 -0.005152 -0.021789
-0.483381 -0.464839 -0.004706 -0.002533 -0.051755 0.476078 0.507518 0.425798 0.265285 0.127495 0.184115 0.347587 0.624018 0.507263 0.122397 0.184820 0.280391 0.176010 -0.029920 -0.286457 -0.772189 -0.698435 -0.436131 -0.367298 -0.474106 -0.174845 -0.318079 -0.422927 -0.434105 -0.196071 -0.187746 -0.048396 -0.243745 -0.088656 -0.024211 -0.275720 -0.301871 -0.536890 -0.090404 -0.017867 -0.019124 -0.048517 -0.010731 -0.049597 -0.136644 -0.102058 -0.010324 -0.000201 0.000102 0.000098 -0.000002 -0.000144 -0.000852 -0.011185 -0.008591 -0.010178 -0.016174 -0.044499
-0.261086 -0.427470 -0.167638 -0.159707 0.178877 0.509376 0.592102 0.471492 0.422844 0.218022 0.295545 0.523862 0.751119 0.692949 0.381740 0.244581 0.375333 0.419621 0.134196 -0.189533 -0.683679 -0.704528 -0.474990 -0.445689 -0.431937 -0.287137 -0.388596 -0.372100 -0.543179 -0.344173 -0.380155 -0.014017 -0.190760 -0.051607 -0.282306 -0.615295 -0.351220 -0.901388 -0.610371 -0.145632 -0.118997 -0.121233 -0.133323 -0.291157 -0.762023 -0.464672 -0.053925 -0.000688 -0.000224 -0.001323 -0.013548 -0.009762 -0.008292 -0.023369 -0.016078 -0.022101 -0.026320 -0.027809
-0.001210 -0.273037 -0.164672 -0.156007 0.337915 0.780552 0.629621 0.643348 0.451224 0.274075 0.381744 0.672484 1.038853 0.901896 0.548491 0.337803 0.324849 0.524534 0.157725 -0.098846 -0.647416 -0.803160 -0.521422 -0.515703 -0.793317 -0.637160 -0.450960 -0.584367 -0.502028 -0.427265 -0.296897 -0.233141 0.109149 0.160267 0.430720 -0.129074 0.239902 -0.533347 -0.560957 -0.197454 -0.194097 -0.161687 -0.276986 -0.502582 -1.018026 -0.374734 0.186457 -0.000737 -0.009146 -0.006060 -0.071885 -0.018566 -0.025213 -0.015884 -0.020873 -0.024678 -0.021257 -0.028967
-0.115483 -0.124665 -0.088476 0.209162 0.347553 0.536279 0.652188 0.683851 0.462028 0.359418 0.397084 0.664271 0.955696 0.898583 0.765915 0.485542 0.461766 0.514292 0.217837 0.026173 -0.384872 -0.651206 -0.551903 -0.485200 -0.911373 -0.865123 -0.604167 -0.609468 -0.610832 -0.272080 -0.119413 -0.045817 0.507016 0.385776 0.640586 -0.071572 0.174216 -0.669148 -0.948053 -0.356733 -0.325069 -0.221883 -0.244781 -0.161883 -1.605966 -0.826685 0.314715 -0.030167 -0.019630 -0.008884 -0.112774 -0.029953 -0.020591 -0.036064 -0.026385 -0.031747 -0.034553 -1.500367
-0.295756 -0.254929 0.165205 0.358000 0.306024 0.640309 0.655859 0.728591 0.455533 0.425687 0.416868 0.760491 1.057357 1.006150 0.856363 0.661719 0.491016 0.636468 0.210777 0.107442 -0.057352 -0.546932 -0.511347 -0.317515 -0.688254 -1.041507 -0.776281 -0.564923 -0.543246 -0.202401 0.319743 0.619489 0.667851 0.802138 0.547435 -0.248804 0.035235 -1.039712 -1.522691 -0.486051 -0.820115 -0.706560 -0.360182 -0.043086 -1.597736 -0.804848 0.436211 -0.209742 -0.993793 -0.055680 -0.104851 -0.064046 -0.015655 -0.059729 -0.054440 -0.020093 -0.056092 -1.228383
-0.218388 -0.226333 0.245363 0.253965 0.277361 0.587544 0.621605 0.786783 0.441551 0.389527 0.379757 0.995278 1.322305 1.078835 0.792194 0.616007 0.680891 0.609741 0.291320 0.221796 0.093320 -0.313872 -0.299206 -0.206077 -0.166062 -0.693814 -0.686338 -0.598113 -0.411289 0.379135 0.870519 0.630562 0.695600 1.597946 0.617698 -0.484722 -0.208516 -0.790442 -1.489790 -1.572768 -1.715932 -1.585343 -1.014139 -0.440090 -1.462506 -0.948497 0.193074 -0.317388 -0.747841 -0.490424 -0.486232 -0.701685 -0.821666 -0.755443 -1.726536 -0.403463 0.160445 -0.364388
0.000002 -0.124664 0.245597 0.227685 0.333660 0.672913 0.692759 0.765387 0.495902 0.426274 0.443594 1.069611 1.347023 1.140399 0.928735 0.763156 0.932853 0.493773 0.410980 0.378655 0.232365 -0.058932 -0.071694 -0.027063 -0.027688 -0.251931 -0.416213 -0.306355 0.091278 0.688110 0.782720 0.670747 0.762259 1.104789 0.533968 -0.315399 -0.165639 -0.450291 -0.978352 -2.378822 -1.573101 -1.917943 -0.915633 -1.647785 -1.382264 -0.806527 -0.094479 -0.807005 -0.935197 -0.224379 0.214901 0.737175 1.728873 0.934642 -1.001366 -1.578979 -0.188452 0.218177
-0.082008 -0.212614 0.398929 0.356003 0.394651 0.607067 0.607068 0.603276 0.485760 0.489975 0.623456 1.201461 1.510214 1.299370 1.063290 1.136116 1.272986 0.539673 0.665808 0.538298 0.352186 0.085035 0.184617 0.132473 0.074224 0.077981 0.227829 0.181900 0.409258 1.104179 0.748723 0.665894 0.709020 0.841302 0.063013 0.711026 1.496317 0.016898 0.142419 -0.017441 -1.120767 -1.127735 -1.137009 -0.752894 -0.375685 0.222504 -0.294520 -0.409537 -1.045952 0.464237 1.470362 1.636782 1.276476 0.607847 -2.731901 -3.414567 -0.536925 0.977724
-0.353475 -0.348436 0.458514 0.436567 0.752711 0.694662 0.686566 0.674485 0.652240 0.607091 0.741706 1.390779 1.576881 1.215693 1.205970 1.307909 1.479795 0.888420 0.609842 0.524021 0.564734 0.195907 0.207050 0.239017 0.112519 0.088031 0.108278 0.387904 0.497525 0.684429 0.274754 0.158180 0.118533 0.025438 0.013222 0.006653 0.054696 0.012288 0.009545 0.012849 0.045734 0.030651 -0.903938 -0.661283 -0.325943 -0.073435 -0.348900 -0.128941 -0.649791 0.912570 0.979274 0.284352 0.077886 -0.029869 -1.329852 -3.608512 -0.604781 0.200004
0.065281 -0.147454 0.136193 0.473694 0.414109 0.681109 0.688190 0.685640 0.586268 0.738937 0.897324 1.338421 1.401516 1.366128 1.360097 1.591703 1.822756 0.894625 0.644598 0.523033 0.651745 0.218109 0.142242 0.290797 0.095093 0.038137 0.088204 0.198399 0.355319 0.283595 0.006225 0.044937 0.056488 0.010511 0.000600 0.001970 0.003101 0.001737 0.000080 0.000545 0.004740 0.037070 0.017459 0.374676 0.132138 -0.093163 -0.141539 0.222033 -0.412304 0.514439 0.342787 0.002516 -0.018516 -0.029535 -0.317711 -2.445894 -0.544249 0.156682
0.205020 0.080096 0.014645 0.229255 0.121856 0.609792 0.805862 0.835420 0.568244 0.522152 0.534539 1.441871 1.865217 1.495364 1.505303 1.950061 1.823640 0.856221 0.709220 0.684000 0.717456 0.439661 0.147836 0.175218 0.155978 0.085362 0.176488 0.188533 0.083048 0.050383 0.021628 0.020169 0.025359 0.001129 -0.000285 0.000108 0.003489 0.001574 -0.000511 0.000287 0.000408 0.019304 0.002065 0.001213 0.001761 -0.011596 -0.049711 0.419768 -0.197793 0.001972 0.000554 0.000730 0.001093 0.035291 0.099256 -1.808572 -0.307835 0.249698
0.010198 0.000316 0.029783 0.248868 0.032017 0.563536 0.708212 0.906130 0.682616 0.631304 0.704638 1.677840 2.116151 1.869765 1.892698 1.792653 1.814368 0.997181 0.871690 0.821582 0.483987 0.056589 0.035309 0.000326 0.013007 0.003111 0.020761 0.021544 0.168409 0.133007 0.010329 0.001728 0.001612 -0.000144 -0.008462 -0.001233 0.002925 0.001751 -0.000898 -0.000293 -0.000470 -0.000040 -0.000285 0.002010 0.007523 0.022841 -0.032746 0.477173 -0.130142 0.004344 0.000247 0.000331 0.018357 0.019798 0.145918 -1.294938 -0.098989 0.339644
0.000000 -0.000014 0.112861 0.125907 0.002615 0.524818 0.789537 0.801797 0.681149 0.618773 0.849463 1.517784 2.003763 2.005135 2.057211 1.838331 1.324593 0.614221 0.540833 0.475119 0.496421 0.161229 0.061456 -0.000208 -0.000003 0.001046 0.000690 0.009848 0.079027 0.083496 0.000681 0.000848 -0.001759 -0.003973 -0.007571 -0.021914 0.000360 0.000360 -0.001103 -0.000410 -0.018137 -0.011870 -0.040953 0.003825 0.023742 0.027908 0.162628 0.544970 -0.040753 0.012213 -0.000569 -0.000393 0.059960 0.020413 0.182317 -0.300248 0.096116 0.449480
-0.008618 -0.000274 0.172503 0.140866 0.116876 0.538291 0.774053 0.746515 0.586643 0.521702 0.822834 1.505473 2.077445 1.965137 2.129343 2.234002 1.398401 0.663098 0.583255 0.472464 0.637562 0.145241 0.249016 -0.016985 -0.024664 -0.001043 0.000657 0.001995 0.055356 0.038460 -0.000401 -0.002154 -0.002238 -0.017424 -0.044243 -0.076778 -0.000360 -0.000360 -0.000467 -0.000419 -0.043820 -0.072325 -0.042739 0.011483 0.008219 0.078777 0.067410 0.058630 0.032605 0.021587 -0.007973 -0.050776 0.104542 0.032965 0.393392 0.170415 0.190764 0.236050
0.350710 -0.142770 0.160444 0.123353 0.348560 0.610876 0.898477 0.705389 0.541914 0.515032 0.792393 1.333275 1.963361 1.713389 2.092436 2.368920 2.200852 1.302253 0.997611 0.773573 0.690184 0.188931 0.302670 -0.461168 -0.943685 -0.020558 -0.000263 0.002530 0.017229 0.002901 -0.000973 -0.001694 -0.001876 -0.028813 -0.095253 -0.113150 -0.012422 -0.015524 -0.009162 -0.000867 -0.059561 0.112968 -0.104184 0.015367 0.011723 0.025788 0.009588 0.006984 0.042046 0.019949 -0.001391 0.842373 0.878959 0.506411 0.401154 0.127135 0.132183 0.163811
0.488179 -0.159302 0.094495 0.047195 0.996478 0.842028 0.985552 0.616089 0.475088 0.338362 0.729238 1.179445 1.551872 1.864525 1.738005 2.490275 1.779469 0.883656 1.151761 0.935889 0.626108 0.325902 0.436296 -0.014471 -0.719105 -0.207833 -0.006685 0.000488 0.000774 -0.001034 -0.016620 -0.014093 -0.002625 -0.021519 -0.097393 -0.165220 -0.092788 -0.027245 -0.022086 -0.011991 -0.000461 0.173302 -0.235991 0.147855 0.008696 0.000222 0.013352 0.012578 0.010834 0.000222 0.000478 1.270405 1.575580 1.002068 0.285882 -0.091968 -0.092669 -0.045885
0.582371 -0.077855 -0.050965 -0.106645 1.385958 0.902948 1.248378 0.556118 0.134287 0.139207 0.527633 0.807558 1.653574 1.620601 2.052605 1.928492 2.065860 1.031737 0.967149 0.802579 0.745391 0.114024 0.434891 0.157896 -0.212397 -0.388247 -0.020316 0.000048 0.001263 -0.000930 -0.038639 -0.044645 -0.026824 -0.005604 -0.023739 -0.483665 -0.439735 -0.232478 -0.023460 -0.026391 -0.001512 0.081678 -0.459538 0.060749 0.008774 -0.000222 0.010533 0.009366 0.007971 -0.000222 0.001305 1.908261 2.079826 1.023191 0.548395 -0.071112 -0.431986 -0.948130
0.069358 0.000000 0.000000 0.561361 0.916614 0.718723 0.841949 0.507636 0.044072 0.065567 0.625726 0.893912 1.310967 1.816648 1.745852 2.014234 2.158010 2.022630 1.531252 1.177433 0.737183 0.315015 0.088370 0.165944 -0.150797 -0.033705 -0.000406 0.000182 0.000340 0.035953 -0.021375 -0.805631 -0.709588 -0.015744 0.012704 0.185378 -0.106571 -0.254914 -0.369186 -0.134541 -0.034526 0.058771 -0.274566 -0.098414 -0.001453 -0.006514 0.001349 0.001095 -0.001348 -0.031371 0.206575 2.168606 2.417664 0.245748 0.005094 -0.194935 -0.470170 -1.011282
0.000000 -0.007410 0.157149 0.721726 0.689191 0.536911 0.838722 0.563146 0.080220 0.195073 0.512097 0.606430 1.245422 1.343564 2.026180 2.481541 2.682756 2.201174 2.173379 1.302177 0.653964 0.310268 0.199023 0.097512 -0.073923 -0.010332 0.000630 0.000245 0.000000 0.006483 -0.000770 -0.471937 0.096171 0.233781 0.558049 0.399596 0.153057 -0.272492 -0.353061 -0.062580 -0.035610 0.000914 -0.491674 -0.260334 -0.017127 -0.011609 -0.008801 -0.006262 -0.007584 -0.072813 0.742467 2.801353 2.119263 0.000335 0.000000 0.003106 -0.497829 -0.576863
-0.065900 0.107041 0.246199 0.926331 0.143434 0.157273 0.139082 0.586961 0.062998 0.192241 0.584578 0.581209 1.007988 1.428009 1.700475 2.655822 3.004661 2.373001 2.341532 1.297806 0.929103 0.353997 0.213232 -0.010771 -0.069307 0.000606 0.002142 0.000111 -0.000340 0.000332 0.014718 -0.380520 0.400573 0.528650 0.593067 0.347470 0.543265 -0.200460 -0.870220 -0.084575 -0.085414 -0.086964 -0.409229 -0.720084 -0.717821 -0.448470 -0.285554 -0.009873 -0.009590 -0.080720 0.775913 3.088684 2.322602 0.247288 -0.006723 0.023170 0.028122 0.270255
0.024550 0.092873 0.283085 0.478280 0.120280 0.173054 0.146684 0.128175 0.000360 0.000360 0.539545 0.509089 0.798728 1.099153 1.645383 2.700041 2.639189 2.335987 2.362375 1.457521 0.903081 0.401910 0.260776 -0.032048 -0.038870 0.001703 0.021134 -0.000202 -0.001265 0.000365 0.009730 -0.506472 0.490374 0.585770 0.603397 0.482173 0.928404 0.174979 -0.652916 -0.546171 -0.170676 -0.733128 -0.277522 0.020410 -0.384758 -0.361865 -0.480168 -0.193534 0.437433 -0.431480 0.517420 2.350068 2.208847 0.422502 -0.074565 1.958982 1.002576 2.203145
0.286625 0.004940 0.016184 0.001234 0.077444 0.486677 0.193453 0.063650 -0.000360 -0.000360 0.397240 0.396481 0.605319 0.874605 1.712233 2.373256 2.884767 2.655939 2.691049 1.547029 0.932799 0.657237 0.296932 -0.151881 0.057899 0.015578 0.008289 -0.000607 -0.001145 -0.000362 -0.000008 -0.195228 0.617345 0.609513 0.764337 1.274208 1.057029 0.300987 -0.292408 -0.386730 -0.424190 -0.092185 -0.020550 0.291407 -0.021503 -0.440428 -0.647139 -0.833313 0.163670 0.076578 0.509996 1.698209 1.620101 0.368212 1.110079 0.765830 0.563492 0.851796
