use_cases/Flooding_chicago/flooding_data/output/hUy_1980.asc
ncols 337
nrows 393
xllcorner 428428.000000
yllcorner 4602440.000000
cellsize 26.757400
NODATA_value -9999.000000
[rows 260 to 285 of 393, columns 58 to 115 of 337]
0.256516 0.429799 0.458548 0.006731 0.018797 0.043174 0.258449 0.083593 0.247945 1.539959 0.028184 0.018084 0.010622 0.010035 0.747183 0.486014 0.007516 0.000135 -0.000484 -0.050651 -0.008872 -0.005770 -0.000519 0.000004 0.005272 0.028893 -0.004133 -0.006619 -0.012796 -0.075030 0.262211 0.096239 1.467775 2.847087 2.754339 1.336895 1.257881 0.890092 1.014630 0.969343 1.021937 0.936977 0.748721 0.820073 0.495446 0.486064 -0.058139 -0.003915 0.019450 -0.206902 -0.022058 0.000222 0.035694 0.203386 0.029225 0.048717 0.103165 0.142690
0.093198 0.034992 0.027031 0.013587 0.015007 0.028218 0.261392 0.050851 0.076185 0.078838 0.016381 0.005982 0.000326 0.000230 0.388102 0.425704 0.000051 -0.001455 -0.021373 -0.019841 -0.036351 -0.021654 -0.011860 -0.000689 0.000080 0.006970 -0.002737 -0.002768 0.071315 0.010664 0.100256 0.336033 1.628623 2.824741 1.811771 1.246873 1.201083 0.460874 0.462065 0.473655 0.466096 0.904213 0.746765 0.826165 0.905137 0.509553 0.329320 -0.243223 0.068936 -0.215466 0.014608 -0.000222 0.028416 0.107844 -0.041218 -0.008835 0.035782 0.017875
0.159933 0.072604 0.051997 0.052005 0.034645 0.067758 0.110697 0.034960 0.019354 0.032709 0.005182 -0.000003 -0.000208 -0.000107 0.447516 0.531606 -0.001233 -0.016048 -0.050043 -0.005944 -0.055917 -0.029122 -0.054937 -0.005691 -0.000381 0.000120 -0.000856 -0.025568 0.263782 0.041670 0.103134 0.795326 2.454401 2.813713 1.777433 0.950203 0.930225 0.096121 0.416969 0.447342 0.395785 0.733366 0.682454 0.789737 1.012385 0.545064 0.358632 -0.003571 0.107204 -0.079680 0.041993 -0.125224 0.034821 0.057602 -0.039462 -0.048883 0.046146 -0.030100
0.092916 0.134940 0.113168 0.031735 0.088147 0.132736 0.085482 0.017844 0.035679 0.008515 0.014216 0.014489 0.002062 -0.034485 0.463445 0.874603 0.090777 -0.081457 -0.096232 0.016413 -0.062610 -0.054845 -0.100809 -0.102945 -0.038655 -0.002970 -0.014224 0.695631 0.400328 0.170671 0.972500 1.334477 2.513462 2.800992 1.966847 0.109067 0.130131 0.000369 0.109776 0.447487 0.326947 0.618666 0.679453 0.818292 1.099444 0.862503 0.530027 0.119683 0.280750 0.218750 0.128101 -0.069986 0.161585 0.073940 -0.089037 -0.061712 0.068526 -0.005977
0.176842 0.255225 0.009203 0.007457 0.009316 0.020701 0.196893 0.035600 0.048093 0.029651 0.013832 0.029131 0.010193 0.044032 0.328990 0.888428 0.250337 -0.022361 0.072922 0.073993 0.073708 0.101501 -0.011795 -0.185551 -0.106784 -0.022271 -0.170943 1.521024 0.571188 0.388287 1.211002 1.451578 2.328182 2.566472 1.350891 0.090268 0.154426 -0.000138 0.000950 0.176477 0.295229 0.446317 0.406726 0.459148 0.963747 1.089437 0.502084 0.289590 0.416070 0.422873 0.192268 -0.002379 0.083113 0.130827 -0.086412 -0.051860 0.145561 0.148543
0.110152 0.328789 0.000111 0.000219 0.000977 0.009271 0.091613 0.065435 0.093983 0.007823 0.005030 0.075309 0.038498 0.264791 0.390081 0.842045 0.070317 0.004443 0.008197 0.004669 0.011897 0.012154 -0.007962 -0.090860 -0.112627 -0.202637 0.323299 2.076255 0.911804 0.470560 1.491794 1.207140 1.282669 1.386649 0.201042 0.095694 0.180707 0.208477 0.000868 0.010644 0.006817 0.112443 0.453224 0.451624 0.850009 1.118703 0.984545 0.338245 0.392707 0.436861 0.378099 0.128316 0.118372 0.076687 0.007753 0.000383 0.000787 0.000787
0.010913 0.435205 -0.000089 -0.000031 0.001899 0.003137 0.020898 0.140982 0.034735 0.001110 0.010022 0.016002 0.102849 0.110708 0.220874 0.159329 0.025776 0.012152 0.000190 0.000077 0.000000 0.004467 0.000156 0.046820 0.157531 0.698740 0.499726 0.789917 0.875062 0.442422 1.820536 1.699137 1.196114 1.321855 0.000015 0.000637 0.173914 0.304977 -0.000066 0.000000 0.000000 0.164967 0.163155 0.119855 0.682858 1.037483 1.192349 0.437664 0.437670 0.457229 0.469379 0.468246 0.348520 0.320753 0.060323 -0.000383 -0.000787 -0.000787
0.010005 0.394383 0.198875 0.000578 0.002275 0.006603 0.010865 0.037421 0.030232 0.001837 0.004422 0.003427 0.038566 0.003425 0.291703 0.025818 0.051773 0.028202 -0.000036 -0.000542 -0.007444 -0.000259 -0.000108 0.243607 0.259838 0.496625 0.012955 0.384578 0.625238 0.289894 1.881772 1.514419 1.541862 1.885756 -0.019196 0.000055 0.000323 0.381222 -0.000821 -0.002396 -0.007419 0.205675 0.174014 0.100318 0.109707 0.648405 0.645138 0.473219 0.458214 0.540763 0.553340 0.744402 0.567273 0.631595 0.251103 -0.100665 -0.101487 -0.072392
0.010386 0.078257 0.189710 0.003484 0.001642 0.006848 0.001323 0.000992 0.000460 0.000018 0.003794 0.004918 0.012744 0.002478 0.281009 0.047383 0.065888 0.049666 -0.000442 -0.005361 -0.016928 -0.008579 0.131417 0.462673 0.420209 0.016597 0.018565 0.048274 0.394307 0.219269 1.665105 1.547258 1.504125 1.827713 0.428120 -0.000618 -0.000399 0.363780 0.024277 -0.001355 0.093404 0.224011 0.167887 0.005051 0.086568 0.096301 0.537144 0.559810 0.253117 0.370645 0.387892 0.956147 0.572429 0.740759 0.212134 0.025185 0.011028 0.112721
0.047557 0.006266 0.149473 0.002944 0.000421 0.000803 0.000851 -0.000651 -0.000562 -0.026273 -0.003797 0.000360 0.000360 0.001138 0.075432 0.058201 0.139244 0.157764 -0.092968 -0.008368 -0.026481 -0.031617 0.332847 0.412886 0.197167 0.012493 0.017299 0.034012 0.027831 -0.029141 1.585711 1.542817 1.000600 1.853057 0.600722 0.062800 0.219602 0.398757 0.093834 0.015335 0.127972 0.219837 0.011327 0.015904 0.008781 0.067577 0.429595 0.502721 0.191342 0.305261 0.323062 1.009833 0.852396 0.849955 0.197678 0.069698 0.039941 0.170113
0.045603 0.016345 0.057360 0.009426 0.001655 0.000464 -0.000581 -0.007000 -0.015283 -0.258167 -0.001680 -0.000360 -0.000360 0.002903 0.002293 0.033906 0.140674 0.165241 0.011376 -0.108646 0.000222 0.006975 0.417281 0.217554 0.012385 0.005903 0.012681 0.020020 0.019649 0.000592 1.437419 1.483181 0.904082 1.667664 1.230039 0.086162 0.311050 0.521099 0.203626 0.007564 0.136280 0.017119 0.025837 0.027067 0.021059 0.082040 0.181441 0.361720 0.094977 0.226133 0.182750 1.010013 1.057682 1.253973 0.214475 0.125698 0.071136 0.296133
0.014164 0.005204 0.004683 0.004307 0.003446 -0.000153 -0.000498 -0.002546 -0.031775 -0.253962 -0.007674 -0.001920 -0.004444 -0.001974 0.000385 0.018498 0.116720 0.117864 0.008634 -0.038951 -0.000222 0.000140 0.401071 0.006991 0.000510 0.001524 0.000816 0.007045 0.022534 0.087436 0.925697 1.382117 1.177819 1.479480 1.622839 0.223573 0.450136 0.686257 0.315751 -0.004352 0.007606 0.000000 0.034630 0.035377 0.035301 0.031733 0.028573 0.019621 0.102621 0.286794 0.124764 1.307060 1.364272 1.241362 0.339134 0.289495 0.114209 0.404174
0.000222 0.003258 0.000467 -0.001069 -0.004178 -0.000740 -0.000829 -0.000890 -0.056532 -0.227317 -0.007267 -0.001560 -0.004578 -0.003983 -0.002905 0.057756 0.118625 0.088397 0.007623 -0.025470 -0.002686 0.034922 0.396064 0.022369 -0.000275 0.000471 0.000035 0.000190 0.011330 0.008066 0.049049 0.871973 1.110325 1.519682 1.800618 1.735179 1.199496 2.127518 0.513360 0.000988 0.000340 -0.011028 0.028630 0.035152 0.037080 0.041417 0.042330 0.000745 0.000981 0.016598 0.002479 0.538342 0.598688 1.707335 0.314363 0.435410 0.003424 0.012833
-0.000222 -0.004600 -0.004708 -0.005292 -0.006748 -0.000882 -0.000900 -0.000623 -0.111916 -0.260646 -0.007736 -0.000563 -0.001563 -0.006476 -0.007582 0.135615 0.084460 0.116482 0.107022 -0.003809 0.007895 0.280690 0.345059 0.072211 0.121274 -0.000455 -0.000778 -0.000210 0.000280 0.000519 0.010194 0.027679 0.464865 1.223225 0.951798 1.244745 1.403550 2.621374 0.881628 0.003358 0.000000 -0.001647 0.062065 0.143394 0.029029 0.033683 0.032598 -0.000000 -0.000000 0.000000 0.003523 0.638522 0.701190 0.979244 0.413241 0.012394 0.005252 0.000000
-0.003516 -0.003766 -0.036327 -0.030911 -0.030735 -0.028750 -0.007900 -0.001273 -0.160636 -0.292046 -0.007105 0.000395 0.001663 0.002859 0.001651 0.074770 0.086583 0.000614 0.000473 0.000016 0.033749 0.322409 0.033195 0.006646 0.009706 0.000244 -0.000929 -0.002706 -0.000433 0.000198 0.000005 0.020704 0.064324 0.797372 0.491213 0.594489 0.778601 2.868494 2.302581 0.472487 -0.000340 -0.005408 -0.006646 0.010097 0.022213 0.027130 0.023505 -0.000745 -0.000981 -0.025450 0.625776 1.053856 0.700817 1.057569 0.001888 0.000878 0.001200 0.004264
-0.002825 -0.017661 -0.023690 -0.161915 -0.179739 -0.073699 -0.084879 -0.038780 -0.235836 -0.340101 -0.004160 0.000480 -0.000342 0.001284 0.000213 0.000013 -0.000006 -0.000453 -0.000517 -0.113650 0.060784 0.055715 0.000000 0.000000 0.000000 -0.000182 -0.000376 -0.001183 -0.010007 -0.000921 0.009126 0.062495 0.072396 0.327300 0.008231 0.040133 0.787492 2.447763 2.753593 1.518779 -0.057784 -0.011026 -0.014217 0.008391 0.002886 0.004267 0.001835 0.002311 0.003456 0.594373 0.736437 0.908059 0.417120 1.076887 0.004198 0.000371 0.000585 0.000339
-0.001850 -0.042542 -0.008595 -0.126387 -0.136522 -0.187804 -0.089774 -0.044318 -0.105579 -0.114474 0.000210 -0.001203 -0.003366 -0.002659 -0.001532 -0.057166 -0.015892 -0.003093 0.062035 -0.029364 0.035247 0.051430 -0.023559 -0.006465 -0.008877 -0.001168 0.003073 -0.014283 -0.025086 0.000198 0.006394 0.078496 0.203082 0.087596 0.005117 0.010568 0.029348 2.482112 3.326423 1.862723 0.089616 -0.008262 -0.021763 0.001427 0.004144 0.006856 0.002144 0.004347 0.006323 0.663415 0.809783 0.031045 0.027586 1.136766 0.010344 -0.000783 -0.001290 -0.000472
-0.019468 -0.004772 -0.102008 -0.115809 -0.119179 -0.101843 -0.027548 -0.026346 -0.070682 -0.075827 -0.000673 -0.002419 -0.003310 -0.002352 -0.175831 -0.045248 -0.012075 -0.000664 0.085287 0.002115 0.014940 0.027134 -0.014786 -0.100964 -0.088477 -0.007567 0.001329 -0.018123 0.003329 0.012467 0.006868 0.048548 0.150441 0.143746 0.000360 0.000360 0.000108 2.014550 2.874224 1.726173 0.191536 0.163955 -0.007673 0.000089 0.000717 0.006299 0.000346 0.005013 0.001851 0.675549 0.731102 0.248284 0.291742 0.971504 0.022671 -0.000734 -0.024088 -0.016925
-0.037357 -0.022820 -0.672151 -0.285324 -0.251601 -0.064253 -0.038331 -0.038400 -0.023491 -0.152446 -0.009967 -0.018229 -0.007075 -0.012582 -0.228468 -0.019472 0.000684 0.002030 0.108872 0.024205 0.009216 0.001491 0.000597 -0.045457 -0.032118 -0.002438 -0.001749 -0.008131 0.005263 0.002952 0.003417 0.001951 0.001928 0.015614 -0.000360 -0.000360 -0.000162 1.668239 2.678262 1.964794 0.349358 0.199712 0.010651 -0.001351 -0.003474 0.000180 -0.000180 0.000092 0.004596 0.584462 0.917313 0.364979 0.363108 1.132245 0.069194 -0.105825 -0.021297 -0.019570
-0.035457 -0.396378 -0.547192 -0.220546 -0.163134 -0.034697 -0.037002 -0.095048 -0.117842 -0.220719 -0.092298 -0.030692 -0.003228 -0.194084 -0.231598 -0.005035 -0.000053 0.002685 0.005575 0.005106 0.003401 0.000807 -0.000176 -0.039550 -0.036514 0.000000 -0.002096 0.042929 0.001159 -0.001528 -0.002718 -0.001736 -0.001563 0.000000 -0.009516 -0.005718 -0.028112 1.736664 1.937155 1.683616 0.475667 0.321575 0.021730 -0.058748 -0.001157 -0.000346 -0.012354 -0.000924 0.020325 0.472611 0.736535 0.319295 0.350197 1.134247 0.108704 -0.100628 -0.136105 0.020677
-0.013374 -0.331700 -0.702999 -0.219175 -0.001199 -0.019637 -0.026732 -0.032681 -0.450855 -0.088874 0.016473 0.021624 -0.001029 -0.215479 -0.196813 -0.002336 0.003139 0.001744 0.007768 0.005759 0.001685 -0.000875 -0.017680 -0.039061 -0.037970 -0.011415 -0.001038 0.001903 -0.003087 -0.003735 -0.018938 -0.078697 -0.077718 -0.003663 -0.021515 -0.096776 0.083546 2.229686 1.993107 2.075098 0.883453 0.598509 0.427416 0.271993 -0.055456 -0.004335 -0.101144 0.011272 0.034801 0.417374 0.694323 0.252845 0.384610 1.193782 0.136194 -0.079746 -0.076172 0.056119
-0.006797 -0.360082 -0.928041 -0.000114 -0.002161 -0.010337 -0.011410 -0.351562 -0.400302 -0.187673 0.017225 0.023685 -0.066479 -0.206239 -0.486884 0.109708 0.033896 0.002389 0.182873 0.027725 -0.000249 -0.002805 -0.026215 -0.037256 -0.031197 -0.011919 -0.007198 0.000964 0.002104 -0.000422 -0.009212 -0.143575 -0.282389 -0.148398 -0.149941 0.106502 0.102101 1.353326 1.207860 1.301184 0.909946 0.689112 0.626947 0.609459 0.224478 -0.146072 -0.026230 0.018509 0.126537 0.576675 0.646087 0.253200 0.288594 0.881735 0.164611 -0.036480 0.155396 0.047024
-0.003101 -0.000138 -0.755379 -0.271659 -0.187976 -0.099672 -0.138956 -0.335031 -0.354658 0.002520 0.011476 0.004672 -0.067339 -0.170855 -0.030783 0.006087 0.009303 0.000934 0.031849 -0.003879 -0.002120 -0.000130 -0.032393 -0.028760 -0.020873 -0.007763 -0.005588 0.000010 0.000550 0.002210 -0.001276 -0.038559 -0.452951 -0.123979 -0.037137 0.111805 0.108515 1.189521 1.136569 0.600016 0.808246 0.715852 0.782060 0.987095 0.497638 -0.009825 0.082421 0.117590 0.212167 0.511412 0.596763 0.271324 0.234243 0.850680 0.217739 0.112265 0.029799 0.042757
-0.001136 -0.011745 -0.940046 -1.130436 -0.609627 -0.066488 -0.080312 -1.102032 -0.152371 -0.002024 0.000393 0.000569 -0.107422 -0.151041 0.000259 0.000640 0.000787 0.001006 0.000044 -0.004511 -0.002496 -0.026056 -0.017138 0.144319 0.000644 -0.164951 -0.003094 -0.001319 -0.001702 0.001624 0.001885 -0.002349 -0.200690 -0.028949 0.043070 0.107541 0.092426 1.300663 0.991369 0.532558 0.051640 0.388650 0.691237 1.058012 0.671331 0.067652 0.169603 0.203866 0.299112 0.506453 0.571695 0.217539 0.022005 0.473094 0.308148 0.484839 0.015926 0.010556
0.001429 -0.476231 -0.608428 -1.087421 -0.290305 -0.534343 -0.513155 -0.962130 0.071307 -0.000009 -0.000331 -0.000247 -0.131504 -0.098224 0.000185 0.000378 0.000355 -0.000318 -0.000814 -0.009856 -0.039273 -0.073828 -0.006279 0.008145 0.027600 -0.138230 -0.109478 -0.019369 -0.018645 -0.002617 0.004917 0.011999 -0.119917 0.049254 0.080445 0.065285 0.025081 1.127887 0.825123 0.773100 0.066260 0.402718 0.365214 0.791045 0.655442 0.082185 0.182792 0.269316 0.305884 0.490764 0.539689 0.232959 0.045716 0.319421 0.225153 0.480019 -0.053896 -0.030505
0.011010 -0.626239 -0.946074 -0.905598 -0.453815 -0.533299 -0.473754 -0.635181 0.249235 -0.004856 -0.010110 -0.000554 -0.062787 -0.292543 -0.000083 -0.000419 -0.000569 -0.000760 -0.000890 -0.018342 -0.179071 -0.011268 -0.000916 0.000326 0.007213 0.000257 -0.247265 -0.110008 -0.033815 -0.043529 -0.007781 0.034455 0.036355 0.164773 0.138850 -0.021643 0.098306 0.961129 0.850170 0.857067 0.429816 0.417994 0.545441 0.763765 0.438673 0.081264 0.197085 0.263515 0.325527 0.470615 0.504615 0.231854 0.057021 0.295511 0.223339 0.492177 0.268399 -0.326881
