use_cases/Flooding_chicago/flooding_data/output/hUy_1680.asc
ncols 337
nrows 393
xllcorner 428428.000000
yllcorner 4602440.000000
cellsize 26.757400
NODATA_value -9999.000000
[rows 182 to 207 of 393, columns 174 to 231 of 337]
0.002378 0.001422 0.000441 -0.000046 -0.000012 0.007728 -0.007438 0.461578 0.634654 1.308830 0.526745 -0.323868 -0.041969 1.836164 0.092995 -0.006778 -0.006855 -0.026067 -0.017802 -0.006795 0.346362 -0.105923 0.693686 0.329683 1.070342 0.050803 0.089522 0.941325 0.040676 0.036916 0.001315 -0.002045 -0.029322 -0.001706 -0.001623 -0.001306 0.315859 0.014455 0.353637 0.279753 0.006321 -0.008281 -0.023398 -0.013716 -0.008027 -0.004798 -0.081212 -0.034100 -0.050624 -0.002510 -0.000087 -0.000001 0.884987 3.582616 2.950110 2.621151 1.660037 0.011236
0.000505 0.017008 0.000852 -0.000748 -0.000881 0.038045 0.026185 0.490688 0.761914 1.565462 0.774942 -0.269172 -0.014316 2.021844 0.262690 0.064399 -0.051286 -0.068478 0.084974 0.755867 0.814131 0.020193 0.935594 0.031543 0.027823 0.011576 0.121030 0.237050 0.009886 0.019404 0.000412 -0.011068 -0.021483 -0.006860 -0.002197 -0.001844 0.177763 0.010380 0.025530 0.006387 0.000592 -0.002165 -0.050300 -0.011024 -0.006907 -0.003214 -0.079143 -0.049428 -0.344899 0.283696 0.066712 0.427670 2.685738 4.381272 1.508780 1.502929 0.628757 0.001544
-0.000161 0.005879 0.000608 0.020442 0.107857 0.144761 0.034838 0.201901 0.762839 1.687104 0.662593 0.052038 0.022239 0.011402 0.012176 0.019406 0.020186 -0.000264 0.228624 0.721773 0.963394 0.436156 0.032754 0.019551 0.011993 0.009684 0.009378 0.176880 0.000721 0.001046 -0.000084 -0.002338 -0.096460 -0.003303 -0.033641 -0.004757 0.127170 0.000010 0.000360 0.000360 -0.000058 -0.001092 -0.054231 -0.041959 -0.067658 -0.051358 -0.214978 0.680715 0.811305 1.056104 0.316064 0.454193 1.501350 2.345138 0.924332 1.188206 1.019169 0.000725
-0.002679 -0.000140 0.000083 0.004693 0.078350 0.068460 0.060106 0.007408 0.661281 1.932702 1.152190 0.006314 0.000009 0.000464 0.005350 0.016137 0.021779 0.058223 0.196804 0.231336 0.062283 0.087927 0.037180 0.003930 0.005252 0.002194 0.000081 0.230841 0.000051 0.000510 -0.000573 0.004439 0.014000 -0.073664 -0.177689 -0.098603 0.008210 -0.017759 -0.000360 -0.000360 -0.001000 -0.000440 -0.007015 -0.060265 -0.212268 0.565442 0.710293 1.009089 1.223838 1.176460 0.018117 0.013397 0.379417 0.496840 1.119087 2.553811 1.224690 0.000547
-0.047604 -0.005209 -0.000282 -0.000006 0.073764 0.066077 0.015642 0.003480 0.123783 1.313396 1.890505 0.704258 -0.004109 -0.000068 0.000000 0.006078 0.016158 0.057020 0.110641 0.163279 0.031879 0.086522 0.027648 0.009907 0.009322 0.003109 -0.000315 0.207217 -0.000649 0.000657 -0.000006 0.050231 0.036206 0.033677 0.140637 0.052976 0.010902 -0.458040 -0.007603 -0.011391 -0.001948 -0.000651 -0.014165 0.506129 0.479125 0.844876 1.002225 1.085730 0.112483 0.016327 0.009147 0.007039 0.001024 0.001884 1.064555 2.185658 2.422866 0.005014
-0.073705 -0.008284 -0.001021 0.002754 0.055725 0.032986 0.002884 0.000631 0.007884 0.019195 1.224822 2.473749 -0.029668 -0.011369 -0.006293 0.000345 0.010688 0.011067 0.070293 0.109084 0.089200 0.043445 0.012078 0.020307 0.013249 0.003070 -0.000518 0.146353 -0.009656 0.000153 0.000807 0.011784 0.008315 0.187719 0.026347 0.058451 0.021466 -0.450924 -0.243051 -0.251957 -0.074915 -0.041553 -0.017386 0.502084 0.525290 1.197420 1.067754 0.000163 0.000118 0.000139 0.000222 0.000103 0.000756 0.002152 0.810485 1.653557 2.887148 1.034103
-0.086561 -0.010566 -0.001582 0.002686 0.002029 0.000634 -0.000023 -0.000029 0.015494 0.023988 1.079837 1.003797 0.642507 -0.034522 -0.016356 -0.000273 0.000958 0.002652 0.015866 0.055769 0.080619 0.026672 0.040503 0.051799 0.036173 0.004535 -0.000781 0.073210 -0.010810 -0.000080 0.000148 0.000222 0.002632 0.070918 0.033482 0.017760 0.001864 0.001000 -0.097616 -0.297458 -0.202683 -0.186161 0.015571 0.515929 0.696878 1.136605 1.238515 -0.000146 -0.000020 -0.000140 -0.000222 -0.000103 0.000142 0.000108 0.072786 1.547629 2.820998 1.823029
-0.026251 -0.002442 -0.001182 -0.001322 -0.000685 -0.000364 -0.000362 -0.000368 0.032363 0.036615 0.787846 0.864303 0.731901 -0.018334 -0.016347 -0.001014 -0.000177 0.003632 0.000549 0.078526 0.007727 0.009703 0.029768 0.043609 0.011041 0.001008 -0.133069 0.045029 0.023437 -0.000160 -0.000248 -0.000222 0.008926 0.051742 0.001883 0.001297 0.000467 0.001820 0.001126 -0.208892 -0.119221 -0.269444 0.130826 0.323499 0.748252 0.964572 0.901178 0.108603 -0.001077 -0.011709 -0.015708 -0.007936 -0.000495 0.000044 0.219815 1.329840 2.516062 1.722746
-0.010538 -0.001018 -0.017336 -0.003711 -0.002018 -0.014956 -0.006949 0.006992 0.046428 0.036761 0.650057 1.009474 0.692698 0.196018 -0.020767 -0.000554 -0.000738 0.000013 0.000402 0.035438 0.000251 0.000517 0.005758 0.020358 0.010024 0.001064 -0.085934 0.037525 0.022079 -0.140665 0.000078 -0.000015 0.002031 0.020866 0.010842 0.003218 0.000821 0.003144 0.001945 -0.081310 -0.065410 -0.156825 0.280583 0.247658 0.828061 0.768647 0.649254 0.135954 -0.007046 -0.306576 -0.898523 0.758543 0.436534 0.249559 0.241818 1.727363 1.844046 1.169989
-0.009218 -0.011556 -0.063930 -0.012897 -0.020157 -0.041646 -0.019927 0.005858 0.027550 0.008620 0.509786 0.914108 0.491023 0.403827 0.032169 0.003083 0.000501 -0.000724 -0.000434 -0.000010 -0.000126 -0.000068 0.000003 0.000208 0.000106 0.000083 -0.056117 -0.073584 -0.161277 -0.072542 0.000825 0.000476 0.001171 0.007086 0.006648 0.019631 0.011175 0.025183 0.017905 -0.024704 -0.177625 -0.092936 0.562094 0.317471 1.145254 0.549447 0.549112 0.323743 0.072056 0.658003 0.715775 1.281677 0.511636 0.338521 0.977343 1.906080 0.652211 0.012572
-0.002164 -0.046708 -0.027895 -0.006970 -0.002897 -0.002659 0.014104 -0.004322 0.095747 -0.214330 0.570388 0.864168 0.346225 0.018427 0.019057 0.006567 0.004122 -0.001723 -0.003412 -0.009513 -0.023213 -0.000867 -0.007254 -0.000326 -0.000121 -0.000087 -0.089647 -0.212192 -0.064064 0.016849 0.001258 0.000424 0.000000 0.000007 0.000352 0.007760 0.004261 0.007058 0.003665 -0.006195 -0.043948 -0.002335 0.596062 0.174664 0.702686 0.562898 0.485297 0.430516 0.384304 1.045600 0.925226 1.190024 0.238923 0.195029 0.639508 0.638495 0.020919 0.001020
-0.000670 -0.006825 -0.240802 -0.005587 0.016300 0.031062 0.004501 0.001861 0.860340 -0.232326 0.483466 0.580792 0.263365 0.000529 0.006923 0.026432 0.012602 0.005432 -0.001701 -0.076179 -0.020383 -0.001230 -0.015906 -0.011371 -0.008069 -0.007198 -0.085808 -0.226014 0.000367 0.007712 -0.000288 -0.002101 -0.016418 -0.007847 -0.000352 -0.000007 -0.000000 0.000100 0.000002 -0.001544 0.140005 0.081530 0.422851 0.161532 0.894184 0.397951 0.447802 0.464890 0.487938 0.792213 0.857212 1.214152 0.273668 0.304381 0.306241 0.299673 0.000527 -0.000734
-9999.000000 -0.013809 -0.012729 -0.007532 0.000000 0.004696 0.003178 0.076614 1.088102 -0.035124 0.331693 0.589850 0.383053 -0.001935 0.004441 0.008895 0.020338 0.015514 -0.000345 -0.028151 -0.160283 -0.010779 -0.017538 -0.017018 -0.020063 -0.008077 -0.342153 -0.086742 -0.000105 0.000000 -0.000490 -0.030815 -0.061490 -0.019065 -0.006462 -0.006063 -0.008704 -0.000220 -0.005814 -0.000279 0.248807 0.064114 0.413520 0.380455 1.026917 0.170455 0.122427 0.275736 0.508301 0.894777 0.957087 1.192110 0.761776 1.009619 0.768451 0.343522 0.000790 -0.001461
-9999.000000 -9999.000000 -0.010916 -0.003854 0.001185 0.018468 0.011592 0.059849 0.030129 0.091415 0.009584 0.337496 0.635036 -0.002183 0.001004 0.010154 0.026196 0.021972 0.001053 0.000910 -0.138028 -0.118508 -0.081651 -0.045955 -0.066361 -0.020154 -0.707970 -0.017868 -0.009922 -0.003663 -0.009249 -0.066968 -0.076736 -0.042022 -0.012282 -0.013361 -0.023106 -0.007532 -0.012980 -0.001071 0.253031 0.074517 0.236103 0.437750 1.095670 0.001295 0.002332 0.001822 0.123281 0.640581 0.951011 1.347641 1.039729 1.180884 1.331928 0.765829 0.074256 0.064253
-9999.000000 -9999.000000 -9999.000000 -0.000145 0.003167 0.046774 0.025649 0.025144 0.010949 0.000931 -0.000223 0.290154 0.623173 -0.000929 -0.000546 0.000427 0.027732 0.023007 0.001415 0.000746 -0.080560 -0.066724 -0.034698 -0.085754 -0.013995 -0.002003 -0.962765 -0.030862 -0.021581 -0.010332 -0.015724 -0.073706 -0.108835 -0.062414 -0.011420 -0.032927 -0.026345 -0.030516 -0.001563 -0.000932 0.258027 0.000682 0.264214 0.261698 1.095612 0.001343 0.001817 0.000653 0.000776 0.202759 0.810060 0.850406 0.980072 1.330472 1.514661 1.321803 0.356199 0.303295
-9999.000000 -9999.000000 -9999.000000 0.000039 0.001280 0.022552 0.059907 0.001742 0.000065 0.000641 0.009932 0.517687 0.887565 0.013415 -0.000613 -0.000091 0.000400 0.000740 0.000034 -0.000327 0.000130 -0.040392 -0.025328 -0.031048 -0.006050 -0.002752 -0.693574 -0.376428 -0.028640 -0.020588 -0.023358 -0.021347 -0.197454 -0.016878 -0.020864 -0.053922 -0.030128 -0.043119 -0.008488 0.042117 0.202960 0.000826 0.271969 0.501970 1.354392 0.139230 -0.049862 -0.226857 -0.012312 0.160791 0.230370 0.665427 1.002532 1.426984 1.834936 1.499403 0.765190 0.651267
-9999.000000 -9999.000000 -9999.000000 -9999.000000 0.002134 0.013498 0.015242 0.001775 0.000088 0.000581 0.023801 0.133948 1.448997 0.091822 -0.000532 -0.011672 -0.000679 -0.001041 -0.001659 -0.000939 -0.000226 -0.016248 -0.014185 -0.017242 -0.003874 -0.003146 -0.537552 -0.373069 -0.027780 -0.032773 -0.004471 -0.008144 -0.193285 -0.086804 -0.014923 -0.055036 -0.023452 -0.035021 -0.023010 0.085668 0.121851 0.027921 0.564998 0.445407 1.225436 0.569961 0.227796 -0.144441 -0.060203 0.212258 0.361750 0.673142 1.097459 1.634979 1.851641 1.646951 0.804941 0.662489
-9999.000000 -9999.000000 -9999.000000 -9999.000000 0.001944 0.000771 0.006417 0.001296 0.000409 0.000147 0.082482 0.133650 0.111704 0.067344 -0.001185 -0.028504 -0.008547 -0.013004 -0.009957 -0.032417 -0.019562 -0.008192 -0.054653 -0.012588 -0.003920 -0.001790 -0.280718 -0.858167 -0.055544 -0.042323 -0.009536 -0.004235 -0.092369 -0.057918 -0.051116 -0.074194 -0.037177 -0.082488 -0.009513 0.183405 0.161385 0.348490 0.748792 0.831333 1.574170 0.883844 0.326642 0.005151 -0.117399 0.128975 0.326436 0.817405 1.223697 1.185977 1.892109 1.523402 0.694626 0.473039
-9999.000000 -9999.000000 -9999.000000 -9999.000000 -0.000011 -0.000270 0.000000 0.000144 0.000181 0.000550 0.118253 0.193457 0.001306 0.006384 0.000073 -0.068479 -0.017428 -0.027044 -0.018450 -0.076019 -0.016647 -0.040169 -0.076078 -0.023421 -0.029162 -0.014849 -0.345017 -0.616121 -0.309001 -0.038528 -0.037258 -0.042619 -0.102532 -0.083019 -0.065240 -0.090337 -0.057170 -0.486005 -0.046971 0.231546 0.271168 0.513279 0.917271 0.943824 1.786228 0.959515 0.512787 0.116865 0.107667 -0.007360 0.403407 0.860028 1.267278 1.139735 1.245005 1.089479 0.603240 0.370257
-9999.000000 -9999.000000 -9999.000000 -9999.000000 -9999.000000 -0.012354 -0.004217 -0.000250 0.000256 0.000388 0.046725 0.076109 0.000678 0.000760 0.000365 -0.092624 -0.170792 -0.099480 -0.188508 -0.168691 -0.022262 -0.054341 -0.056494 -0.045162 -0.048773 -0.027890 -0.606149 -0.953986 -0.132407 -0.096419 -0.065138 -0.046245 -0.191203 -0.118202 -0.763758 -0.840657 0.179475 0.253275 0.365778 0.518204 0.852055 0.894248 0.956217 1.139758 1.770426 1.092582 0.548571 0.156025 0.140079 0.189302 0.399001 0.621086 0.962100 1.074706 1.136140 0.750684 0.197063 0.015776
-9999.000000 -9999.000000 -9999.000000 -9999.000000 0.000565 -0.020071 -0.007919 -0.006429 -0.000345 0.000303 0.056841 0.100371 0.000410 0.001111 0.000121 0.000103 -0.030819 -0.025512 -0.053345 -0.099172 -0.262912 -0.251577 -0.028666 -0.046810 -0.052796 0.000717 -0.445009 -0.721057 -0.299885 -0.293744 -0.258126 -0.988599 -0.702605 -0.202602 -0.035136 -0.161246 0.727044 0.591952 0.489298 0.568368 1.223591 1.293172 1.002314 1.422630 1.848921 0.975545 0.752016 0.148059 0.138210 0.150641 0.262841 0.283584 0.595250 0.993907 0.501048 0.018807 0.000870 0.001378
-9999.000000 -9999.000000 -9999.000000 -9999.000000 -0.003526 -0.065825 -0.017155 -0.005676 -0.001515 -0.000546 0.040266 0.077859 -0.000083 0.000000 -0.000113 -0.000103 0.003833 0.000222 0.000566 -0.023871 -0.102460 -0.374292 -0.400865 -0.156282 -0.025900 -0.014340 -0.369018 -0.510949 -0.213375 -0.094150 0.337435 -0.067195 -0.020718 0.239003 0.253387 0.147787 0.659621 0.544697 0.614009 0.848697 1.311748 1.114793 1.298103 1.254968 1.411326 0.791919 0.485037 0.104305 0.033406 0.007570 0.191270 0.231419 0.488415 0.416126 0.042119 0.000196 0.000137 0.000844
-9999.000000 -9999.000000 -9999.000000 -9999.000000 0.000771 -0.009520 -0.106980 -0.003227 -0.001589 -0.000735 0.032488 0.029730 -0.015856 -0.003663 -0.005468 -0.058004 -0.036750 -0.000222 0.001509 -0.004094 0.349430 0.016756 -0.102983 -0.048424 -0.079402 -0.182547 -0.288592 -0.263164 -0.272196 0.594397 0.511636 1.020736 0.534302 0.411173 0.350147 0.243546 0.644273 0.662103 0.496222 0.805549 1.033592 0.947527 0.826422 1.190041 0.638522 0.324661 0.166468 0.187992 -0.006480 0.042530 0.121106 0.156394 0.267489 0.274518 0.000008 -0.000213 -0.000783 -0.001410
-9999.000000 -9999.000000 -9999.000000 0.000013 0.000308 0.000295 -0.065920 -0.001553 -0.001191 0.013703 0.134577 -0.003250 0.073884 -0.056162 -0.104085 -0.122141 -0.047439 -0.021655 -0.002691 0.080526 0.707189 0.109616 0.000801 0.000458 -0.084874 -0.107674 -0.039166 0.170623 1.287476 1.010129 0.685108 0.769922 0.767717 0.427518 0.307982 0.233633 0.530159 0.671710 0.636635 0.526267 0.849130 0.489516 0.387913 0.870043 0.450976 0.200251 0.061217 0.053852 -0.090490 -0.063237 0.142194 0.012823 0.016328 0.000969 -0.025772 -0.011716 -0.025680 -0.028729
-9999.000000 -9999.000000 -9999.000000 -0.009020 -0.000832 -0.000447 -0.041669 -0.027636 -0.012587 0.029874 0.113188 0.102424 0.003663 -0.015678 -0.030446 -0.033112 -0.234490 -0.020926 -0.041688 0.131098 0.263356 0.000000 -0.000234 -0.000279 -0.027092 -0.198296 0.375080 0.920766 1.329226 1.288955 0.605334 0.666159 0.847846 0.459362 0.266393 0.292705 0.607486 0.835998 0.661876 0.581301 0.179217 0.201630 0.056304 1.025106 0.453513 0.155253 -0.027414 -0.029955 -0.123595 -0.122057 -0.000170 0.000208 0.000003 -0.000089 -0.007970 -0.853852 -1.363477 0.241936
-9999.000000 -9999.000000 -9999.000000 -0.024986 -0.000667 0.003598 0.018413 -0.135832 -0.215041 0.003860 0.000044 0.000000 0.000000 0.000000 0.000000 -0.013987 -0.017173 -0.012504 -0.033667 0.029709 0.014590 0.005579 -0.022568 -0.056514 0.248445 0.590830 0.899300 1.016017 1.253259 0.700378 0.025269 0.011504 0.304901 0.237635 0.360287 0.320982 0.787241 1.132411 1.142076 0.272921 0.002414 0.002460 0.041587 0.910856 0.704415 0.148631 -0.028022 -0.016885 -0.131313 -0.136661 -0.162283 -0.000326 -0.005982 -0.014819 -0.158344 -0.167340 -0.883238 0.373479
