use_cases/Flooding_chicago/flooding_data/output/hUy_1020.asc
ncols 337
nrows 393
xllcorner 428428.000000
yllcorner 4602440.000000
cellsize 26.757400
NODATA_value -9999.000000
[rows 78 to 103 of 393, columns 174 to 231 of 337]
0.115832 0.438867 0.395354 0.306807 0.039168 -0.000066 0.000000 0.000465 0.060212 0.080773 0.044165 0.008742 0.027707 0.032513 0.016701 0.033466 0.005110 0.000510 0.000072 0.000006 0.123176 0.116913 0.009555 0.029310 0.240975 -0.007991 0.115813 -0.121075 -0.070140 -0.315728 -0.428379 -0.306659 0.069846 -1.391888 -0.041421 0.770899 1.473972 0.430657 -0.170872 -0.043914 -0.017579 -0.031758 -0.056053 -0.139632 -0.122410 -0.028316 -0.042716 -0.018232 -0.027068 -0.018741 -0.024468 -0.033646 -0.166976 -0.019496 -0.035152 -0.041728 -0.022234 -0.033258
1.182085 0.618396 0.239201 0.356306 0.119422 0.178027 -0.008033 0.003178 0.034711 0.020738 0.035308 0.031840 0.027261 0.015174 0.003247 0.021287 0.036325 0.031910 0.111606 -0.316725 1.044198 0.218767 0.082883 0.115791 0.562671 0.242294 0.379789 0.327379 0.200813 -0.048840 -0.218762 -0.042000 0.223927 -1.398063 0.056357 0.428060 0.622609 0.207982 -0.020390 -0.080684 -0.418354 -0.518030 -0.420879 0.487802 0.089028 -0.710922 -0.835964 -1.664938 -1.678420 -1.714538 -0.577616 0.198696 0.127671 -0.036128 -0.036885 -0.692787 -1.033803 -1.130363
0.214874 1.237697 0.186830 0.182465 0.172141 0.184086 -0.304892 0.210945 0.000218 0.006872 0.014274 0.008961 0.029243 0.003213 0.002719 0.008775 0.032848 0.034688 0.063936 0.188762 1.896728 0.021639 0.025288 0.113699 0.139331 0.089397 0.021942 0.053756 0.026823 0.090559 0.191432 0.094708 0.317677 -1.151595 0.151075 0.491213 0.595924 0.014748 0.110699 0.004117 -0.454438 -0.679615 -0.431134 0.507170 0.161898 0.182990 -0.168275 -0.501112 -1.512187 -1.466098 -0.209086 0.308063 0.305828 0.107782 0.129576 0.142145 0.256781 -0.273787
0.042885 0.089911 0.050026 0.041825 0.024167 0.229092 -0.054625 0.566125 0.057604 0.000472 0.000911 0.006378 0.009024 0.002267 0.000791 0.000294 0.007720 0.029068 0.085716 0.115079 0.019673 0.014203 0.034384 0.077662 0.126595 0.015640 0.041550 0.023835 0.012247 0.022487 0.036271 0.047062 0.205653 -1.011429 0.094047 0.703390 0.447594 0.037067 0.025562 0.012331 0.142952 0.288651 -0.121490 0.297864 0.161750 0.265876 0.209585 0.101446 -0.411859 -0.763817 -0.139715 0.100971 0.093868 0.102792 0.387829 0.387781 0.524473 -0.059211
0.042286 0.021130 0.052753 0.024625 0.002558 0.003324 -0.151376 0.613251 0.118501 0.000931 0.000275 0.000000 0.000000 0.000058 -0.000131 -0.000144 0.000096 0.016363 0.101055 0.014458 0.005483 0.012954 0.039171 0.033437 0.078978 0.061814 0.030935 0.005659 0.001347 0.009412 0.004927 0.006856 0.046653 -0.662155 -0.010898 0.569467 0.406509 0.053672 0.040859 0.022132 0.091553 0.086349 0.077405 0.031551 0.268290 0.390211 0.285044 0.159994 0.098073 -0.265846 -0.097906 -0.061825 -0.077039 0.161880 0.369546 0.435932 0.768340 0.077537
0.017341 0.009371 0.019362 0.001753 0.001530 0.021613 -0.087264 0.593428 0.346480 0.013122 0.001624 -0.006456 -0.014017 -0.000915 -0.000381 -0.014562 -0.001669 0.005745 0.018065 0.000270 0.000222 0.000786 0.028754 0.017665 0.021094 0.028866 0.024500 0.000000 0.000350 0.000018 0.000001 0.000395 0.020960 0.064136 0.088261 0.520367 0.064090 0.073802 0.050649 0.033157 0.066185 0.034387 0.024709 0.024636 0.179937 0.625518 0.450095 0.013030 0.790326 -0.027178 0.329411 -0.112765 -0.102041 0.116916 0.058281 0.054278 0.987957 0.177101
0.000643 0.000354 0.000460 0.000178 0.002592 0.074906 0.449449 0.677932 0.016913 0.009092 0.003651 -0.022352 -0.049097 -0.037629 -0.027307 -0.052446 -0.050143 -0.001024 0.000101 -0.000022 -0.000222 0.001340 0.001399 0.000504 0.000176 0.000005 0.000000 -0.009656 -0.001579 -0.008793 -0.019144 -0.001690 0.012288 0.014645 0.248268 0.060530 0.082220 0.096304 0.087423 0.035181 0.020098 0.006273 0.013649 0.008027 0.338073 0.521295 0.167122 0.020801 0.026997 0.082134 1.531763 0.101122 0.113321 0.097690 0.032512 0.001981 0.009625 0.006188
-0.000898 -0.000413 0.000107 0.000042 0.002068 0.064666 0.095334 0.050700 0.006073 0.001716 0.004783 0.021473 0.080575 0.005214 -0.149668 -0.034208 -0.186420 -0.001038 -0.000201 -0.001187 -0.011539 -0.002605 -0.001032 -0.000415 -0.000167 -0.005899 -0.013136 -0.020688 -0.050254 -0.066808 -0.065963 -0.000884 0.000722 0.000017 0.048331 0.092108 0.134005 1.124720 0.201947 0.128143 0.010246 0.000588 0.000013 0.000000 0.461758 0.367590 0.013587 0.031308 0.015251 0.020494 0.046110 0.035179 0.027422 0.145970 0.024256 0.004612 0.000256 0.000008
-0.003436 -0.012789 -0.001109 -0.000137 0.004546 0.022776 0.031827 0.006354 0.000222 0.002091 0.009018 0.024106 0.024318 0.016925 -0.115101 -0.087586 -0.109075 -0.068607 -0.051392 -0.014456 -0.035486 -0.002034 -0.001617 -0.001392 -0.000616 -0.023486 -0.025009 0.614550 -0.451053 -0.468583 -0.231594 -0.016415 0.001266 0.021883 0.058906 0.214074 0.029574 0.069249 0.064718 0.026088 0.004234 0.000027 -0.007149 0.255419 0.403545 0.000273 0.000559 0.007732 0.014262 0.008194 0.016947 0.010859 0.015671 0.096372 0.021861 0.002778 0.000809 0.001086
0.000000 -0.035625 -0.017608 -0.001920 0.000169 0.013378 0.000138 -0.000005 -0.000222 0.004552 0.008680 0.000725 0.000412 0.004472 -0.024904 -0.048641 -0.150725 -0.217478 -0.120482 -0.057068 -0.063447 -0.009104 -0.012114 -0.002291 -0.000878 0.000062 -0.001749 0.681290 -0.544034 -0.215836 0.054917 -0.173877 0.001200 0.007293 0.057544 0.071045 0.024060 0.041096 0.034879 0.009826 0.005996 0.000868 0.439243 0.269472 0.387560 -0.000113 -0.000006 0.000103 0.000222 0.000140 0.000063 0.000251 0.000385 0.021798 0.018313 0.003039 0.001703 0.002471
-0.005637 -0.071032 -0.051719 -0.012248 -0.000510 -0.000099 -0.001740 -0.024821 -0.014511 -0.001792 0.007712 0.000441 -0.000304 -0.000006 -0.003716 -0.054325 -0.091229 -0.385045 -0.212595 -0.117461 -0.097089 -0.025203 -0.018082 -0.012733 -0.020177 -0.000509 0.082076 0.671098 -0.395271 -0.170607 0.319415 0.033197 0.001574 0.004316 0.026874 0.042738 0.014896 0.022720 0.033526 0.044558 0.008824 0.004147 0.019083 0.314466 0.296486 0.114007 -0.000160 -0.000103 -0.000222 -0.000140 -0.000063 0.000327 0.000448 0.000343 0.000029 0.000249 0.000739 0.000191
-0.009996 -0.084584 -0.099407 -0.024663 -0.008880 -0.015310 -0.023931 -0.059801 -0.026186 -0.001713 0.000304 -0.000441 -0.000711 -0.000550 0.000267 0.000185 -0.028478 -0.410284 -0.267483 -0.122504 -0.230182 -0.030846 -0.020349 -0.016560 -0.044555 -0.013612 0.104457 0.670039 -0.407409 0.077928 0.951319 0.062181 0.011330 0.014273 0.001197 0.022184 0.006413 0.017529 0.026823 0.023581 0.027593 0.003747 0.000968 0.039862 0.345439 0.169356 -0.008589 -0.008964 -0.004525 -0.009488 -0.002646 -0.000892 -0.000518 -0.000375 -0.017435 -0.001835 0.001200 -0.000077
-0.001727 -0.020648 -0.139163 -0.087778 -0.024315 -0.052142 -0.080454 -0.045915 -0.028318 -0.000821 -0.000412 -0.000725 -0.000566 -0.000495 -0.000253 -0.000189 -0.041207 -0.479575 -0.583374 -0.069848 -0.097721 -0.100740 -0.316060 -0.016788 -0.011720 -0.118339 0.037895 0.740185 0.058460 0.009734 0.034481 0.031601 0.015358 0.009189 0.012138 0.007635 0.000507 0.005684 0.010622 0.009632 0.019240 0.001298 0.000212 0.018231 0.090370 0.250229 -0.054772 -0.018034 -0.007892 -0.031666 -0.004230 -0.002217 -0.001124 -0.012975 -0.041128 -0.010124 -0.000900 -0.000213
-0.010762 -0.018591 -0.128475 -0.133817 -0.145810 -0.133940 -0.081025 -0.025509 -0.027614 -0.014942 -0.009355 -0.009566 -0.014514 -0.014763 -0.000540 -0.007052 -0.160389 -0.351125 -0.609820 -0.242026 -0.006879 0.024170 -0.106237 -0.003828 -0.004463 -0.000221 0.108327 0.794207 0.046712 0.055419 0.013198 0.010605 0.000622 0.000262 0.006213 0.000086 -0.000068 0.000000 0.000000 0.000000 0.006203 0.000886 -0.000318 0.076703 0.057473 0.058291 -0.055348 -0.049481 -0.012440 -0.026261 -0.042793 -0.028175 -0.012326 -0.051449 -0.014134 -0.005719 -0.001328 0.003631
-0.020536 -0.068993 -1.459816 -0.222826 -0.226498 -0.279344 -0.060638 -0.027100 -0.026454 -0.029287 -0.011820 -0.025765 -0.024076 -0.028083 -0.008293 -0.015978 0.017030 -0.123092 -0.503790 -0.112478 0.083866 0.032446 -0.026364 -0.051546 -0.062830 -0.034429 0.171817 0.148175 0.071620 0.010278 0.001222 0.000866 0.000682 -0.000125 -0.000006 -0.000236 -0.009337 -0.005878 -0.005878 -0.000289 0.000340 0.001178 0.107379 0.117199 0.001890 0.001033 -0.061991 -0.018880 -0.031955 -0.030242 -0.093559 -0.049738 -0.084216 -0.117977 -0.056816 -0.014359 -0.002738 0.005961
-0.053822 -0.197422 -1.059833 0.078046 0.108579 0.335948 -0.012144 0.000000 -0.040517 -0.033420 -0.037750 -0.026697 -0.121712 -0.087220 -0.032922 -0.005235 0.121425 -0.020541 -0.416121 -0.102217 0.067098 -0.007506 -0.028605 0.151130 0.113355 0.224522 0.371699 0.117555 0.032898 0.000039 0.001321 -0.000861 -0.001542 -0.008275 -0.008777 -0.007118 -0.025848 -0.012822 -0.012822 -0.000399 0.000713 0.000548 0.043612 0.003697 0.000410 -0.000066 -0.006345 -0.044096 -0.052979 -0.048157 -0.105636 -0.100624 -0.012225 -0.323773 -0.415407 -0.007839 -0.002319 0.013335
0.221003 0.082132 -0.875295 0.124045 0.063705 0.363000 -0.003066 -0.003663 -0.035373 -0.093491 -0.115314 -0.082100 -0.033041 -0.014608 -0.008905 0.108425 0.254660 0.135639 -0.118016 -0.049382 0.030519 -0.026819 -0.057483 0.275588 0.246386 0.393112 0.496361 0.014252 0.008066 0.001383 -0.000724 -0.009724 -0.005072 -0.042391 -0.030580 -0.033087 -0.070278 -0.031126 -0.051352 -0.003239 0.000156 0.000722 0.014656 0.021467 -0.000149 -0.003564 -0.007494 -0.043431 -0.144462 -0.147260 0.159193 -0.018246 -0.014360 -0.190837 -0.378044 -0.003413 -0.001899 -0.000035
0.448153 0.253621 -0.514540 0.270936 0.030901 0.259589 -0.001855 -0.047449 -0.136367 -0.148860 -0.061938 -0.016302 0.020816 0.036027 0.001878 0.052978 0.118343 0.011097 -0.105967 -0.026496 0.088791 -0.023220 -0.111871 0.356041 0.315676 0.493077 0.413884 0.047028 0.000697 -0.000043 -0.003115 -0.007064 0.016218 -0.504582 -0.053803 -0.023455 -0.015717 -0.004304 0.035654 0.002864 -0.001073 -0.000562 0.000304 0.010535 0.000174 -0.001154 -0.002193 -0.007637 -0.068374 -0.060978 0.281749 -0.025327 -0.026755 -0.222676 -0.574225 -0.001744 -0.001618 0.228598
0.515555 0.250687 -0.119785 0.226868 0.000219 -0.000181 -0.157630 -0.133835 -0.111581 -0.076859 0.110486 0.007737 0.047447 0.070654 0.000360 0.000360 0.024260 0.003032 -0.017259 -0.043601 0.152103 0.016127 -0.103924 0.716508 0.474883 0.745020 0.714099 0.003122 0.001590 -0.000408 -0.001497 0.000554 0.015529 -0.279000 -0.035179 -0.002915 -0.004165 0.000321 0.005027 0.000121 -0.001060 -0.001789 -0.001292 0.000135 0.000587 0.000291 0.000365 -0.002563 -0.059208 -0.018804 0.358412 0.025576 0.007420 -0.139496 -0.528160 0.156366 -0.099766 0.382016
0.483210 0.179679 0.004041 0.286511 0.004780 0.001464 -0.146559 -0.122106 0.048376 0.099340 0.010089 0.003871 0.046542 0.068859 -0.000360 -0.000360 0.010778 0.009177 0.448685 -0.059750 0.033292 0.030949 0.000233 0.266440 0.944495 0.985382 0.231763 0.068404 0.072341 -0.016389 -0.000687 0.000247 0.000331 -0.308779 -0.004973 -0.000995 -0.000975 -0.000043 0.000000 -0.004364 -0.006762 -0.029875 -0.030427 -0.002463 0.000440 0.000073 0.000033 0.000186 0.023512 0.164943 0.335348 0.095719 0.146384 0.019055 -0.257919 0.277781 -0.083668 0.151308
0.483643 0.161824 0.143260 0.289564 0.583467 0.527478 -0.029577 0.019471 0.005502 0.042254 0.003859 0.016910 0.041324 0.043266 0.071541 0.020152 0.022094 0.017791 0.599785 -0.122518 -0.161353 0.046858 -0.000241 0.307617 0.361914 0.364043 0.242369 0.232604 0.327466 -0.107554 -0.000601 -0.000569 -0.000393 -0.371069 -0.015393 -0.004794 -0.000506 -0.000721 -0.008182 -0.013004 -0.011687 -0.073766 -0.059335 -0.015956 -0.001346 -0.000309 -0.000359 -0.000298 0.474066 0.352127 0.312600 0.172088 0.086261 0.093234 0.103968 0.548257 0.481678 0.113991
0.469727 0.444119 0.220912 0.319693 0.018895 0.038889 0.058880 0.101832 0.019454 0.023257 0.020667 0.021113 0.116497 0.057277 0.141617 0.094057 0.062629 0.009388 0.598951 -0.160145 -0.046190 0.048727 0.095003 0.319199 0.720395 0.730669 0.314639 0.284018 0.344965 0.032589 -0.001253 -0.001893 -0.001900 -0.702437 -0.079831 -0.012083 -0.011289 -0.009436 -0.016235 -0.024828 -0.001200 -0.074414 -0.081200 -0.071623 -0.005626 -0.012332 -0.014895 0.140298 0.874832 0.534640 0.392520 0.182138 0.152124 0.171823 0.009167 0.075179 0.036104 0.626600
0.023798 0.013255 0.606643 0.148821 0.001379 0.002534 0.005424 0.039993 0.022270 0.018828 0.016879 0.013475 0.022340 0.093700 0.244423 0.006472 0.015615 0.014165 0.255400 -0.067436 0.424372 0.036900 0.091319 0.764384 0.969809 0.712858 0.257901 0.351067 0.362754 0.329059 -0.001483 -0.001524 -0.001358 -0.694699 -0.065338 -0.002013 -0.012435 -0.033480 -0.033237 -0.031685 -0.011474 -0.032177 -0.033759 -0.375276 -0.004694 -0.039057 0.426228 1.160977 0.297390 0.546702 0.507394 0.023701 0.022144 0.014542 0.006340 0.050007 0.024857 0.014999
0.000222 0.000768 0.169921 0.284404 0.000844 -0.000232 0.001355 0.009212 0.006528 0.011094 0.006034 0.006364 0.010034 0.108131 0.008108 0.000556 0.009374 0.005067 0.018750 0.102511 0.006699 0.000326 0.001040 0.788170 0.991727 1.132171 0.360502 0.482233 0.031567 0.018177 -0.000654 -0.000844 -0.115036 -0.296016 -0.127025 -0.010894 -0.019863 -0.029243 -0.201616 -0.227402 -0.235168 -0.061285 -0.083594 -0.009159 -0.016704 0.001406 0.695656 0.249047 0.000393 0.020200 0.023275 0.005460 0.015725 0.001705 0.010694 0.009114 0.000360 0.000360
-0.000222 0.002194 0.000126 0.318186 0.111007 -0.118111 -0.000523 0.000104 0.000101 0.000000 0.000003 0.000208 0.000005 0.062715 0.002051 -0.000055 -0.000002 0.000117 0.005252 0.000984 -0.000003 -0.000208 0.001527 0.894354 1.010040 1.118825 0.000085 0.000139 0.000222 0.000103 -0.073371 -0.119184 -0.074033 -0.172628 -0.100607 -0.105271 -0.118090 -0.118845 0.010655 -0.019790 -0.289619 -0.039396 -0.059856 -0.017950 -0.066969 -0.003955 0.273025 0.381415 -0.000014 0.000000 0.000000 0.000000 0.000000 0.000088 0.000215 -0.000502 -0.000360 -0.000360
0.000968 0.003650 0.297551 0.245195 0.433551 -0.075313 -0.000096 -0.000205 -0.001337 -0.014958 -0.007297 -0.000326 -0.000177 0.021589 0.002721 -0.029551 -0.015471 -0.001051 -0.000035 0.000491 -0.353722 -0.008040 0.115010 0.980636 1.118581 1.290836 -0.000174 -0.000138 -0.000222 -0.000103 -0.710897 -0.386534 -0.067195 -0.120354 -0.148546 -0.046749 -0.053504 0.000923 0.213024 0.130175 -0.239238 -0.142670 -0.039520 -0.013834 -0.019689 -0.002902 0.287528 0.543885 0.113906 -0.006738 -0.003929 -0.026382 -0.011892 -0.001677 -0.000749 -0.008875 -0.014631 -0.016878
