use_cases/Flooding_chicago/flooding_data/output/hUy_1380.asc
ncols 337
nrows 393
xllcorner 428428.000000
yllcorner 4602440.000000
cellsize 26.757400
NODATA_value -9999.000000
[rows 52 to 77 of 393, columns 232 to 289 of 337]
0.013658 0.010790 0.036557 0.001263 0.000131 0.000330 0.000401 0.000013 0.000000 0.000000 -9999.000000 -9999.000000 -9999.000000 -9999.000000 -9999.000000 -9999.000000 -9999.000000 -9999.000000 -9999.000000 -9999.000000 -9999.000000 -9999.000000 -9999.000000 -9999.000000 -9999.000000 -9999.000000 -9999.000000 -9999.000000 -9999.000000 -9999.000000 -9999.000000 -9999.000000 -9999.000000 -9999.000000 -9999.000000 -9999.000000 -9999.000000 -9999.000000 -9999.000000 -9999.000000 -9999.000000 -9999.000000 -9999.000000 -9999.000000 -9999.000000 0.004488 -0.000598 -0.014360 -0.092231 -0.077985 -0.093199 -0.024226 -0.050226 -0.076447 0.000512 0.001221 0.001297 -0.007158
0.000634 0.000353 0.000142 -0.002702 -0.000136 -0.000396 -0.000555 -0.010184 -0.004809 0.000046 -9999.000000 -9999.000000 -9999.000000 -9999.000000 -9999.000000 -9999.000000 -9999.000000 -9999.000000 -9999.000000 -9999.000000 -9999.000000 -9999.000000 -9999.000000 -9999.000000 -9999.000000 -9999.000000 -9999.000000 -9999.000000 -9999.000000 -9999.000000 -9999.000000 -9999.000000 -9999.000000 -9999.000000 -9999.000000 -9999.000000 -9999.000000 -9999.000000 -9999.000000 -9999.000000 -9999.000000 -9999.000000 -9999.000000 -9999.000000 0.000360 0.000360 -0.000339 -0.001064 -1.024839 -0.162656 -0.190426 -0.049546 -0.091490 -0.059975 -0.000215 0.000976 0.000927 -0.003474
-0.000907 -0.000414 -0.000147 -0.155744 -0.009115 -0.008169 -0.008258 -0.026972 -0.008662 0.002044 -9999.000000 -9999.000000 -9999.000000 -9999.000000 -9999.000000 -9999.000000 -9999.000000 -9999.000000 -9999.000000 -9999.000000 -9999.000000 -9999.000000 -9999.000000 -9999.000000 -9999.000000 -9999.000000 -9999.000000 -9999.000000 -9999.000000 -9999.000000 -9999.000000 -9999.000000 -9999.000000 -9999.000000 -9999.000000 -9999.000000 -9999.000000 -9999.000000 -9999.000000 -9999.000000 -9999.000000 -9999.000000 -9999.000000 -9999.000000 -0.000360 -0.000360 -0.000513 -0.000386 -0.007138 0.018273 0.026283 -0.068044 -0.232550 -0.068656 -0.000725 -0.000325 0.000913 -0.000805
-0.009349 -0.007506 -0.000732 -0.205771 -0.159300 -0.014281 -0.014461 -0.042219 -0.003557 0.014019 -9999.000000 -9999.000000 -9999.000000 -9999.000000 -9999.000000 -9999.000000 -9999.000000 -9999.000000 -9999.000000 -9999.000000 -9999.000000 -9999.000000 -9999.000000 -9999.000000 -9999.000000 -9999.000000 -9999.000000 -9999.000000 -9999.000000 -9999.000000 -9999.000000 -9999.000000 -9999.000000 -9999.000000 -9999.000000 -9999.000000 -9999.000000 -9999.000000 -9999.000000 -9999.000000 -9999.000000 -9999.000000 -9999.000000 -9999.000000 -0.001711 -0.003480 -0.001443 -0.000576 0.000516 0.000584 0.065989 0.131441 -0.020639 -0.343521 -0.000714 -0.000522 0.000877 -0.000464
-0.027224 -0.040172 -0.001560 0.081678 -0.083469 -0.087465 -0.059235 -0.123778 -0.006006 0.006080 0.000695 0.001378 0.000095 -9999.000000 -9999.000000 -9999.000000 -9999.000000 -9999.000000 -9999.000000 -9999.000000 -9999.000000 -9999.000000 -9999.000000 -9999.000000 -9999.000000 -9999.000000 -9999.000000 -9999.000000 -9999.000000 -9999.000000 -9999.000000 -9999.000000 -9999.000000 -9999.000000 -9999.000000 -9999.000000 -9999.000000 -9999.000000 -9999.000000 -9999.000000 -9999.000000 -9999.000000 -9999.000000 -9999.000000 -0.000614 -0.002304 -0.012511 -0.009761 0.089556 0.001117 0.216444 0.215263 -0.037392 -0.064780 -0.000277 -0.000251 0.000000 -0.000465
-0.023083 0.000360 0.000360 0.000410 -0.046833 -0.036990 -0.170622 0.001281 0.016350 -0.005287 -0.062117 -0.007747 -0.021148 -9999.000000 -9999.000000 -9999.000000 -9999.000000 -9999.000000 -9999.000000 -9999.000000 -9999.000000 -9999.000000 -9999.000000 -9999.000000 -9999.000000 -9999.000000 -9999.000000 -9999.000000 -9999.000000 -9999.000000 -9999.000000 -9999.000000 -9999.000000 -9999.000000 -9999.000000 -9999.000000 -9999.000000 -9999.000000 -9999.000000 -9999.000000 -9999.000000 -9999.000000 -9999.000000 0.000000 0.000150 -0.006299 -0.299454 -0.370375 0.599804 0.269800 0.286153 0.380046 -0.052126 0.005366 -0.010512 -0.010551 -0.002441 -0.001016
-0.002167 -0.000360 -0.000360 0.000404 -0.015585 -0.021475 -0.080602 0.076802 0.086999 0.000378 -0.110573 -0.070166 -0.142631 -0.020009 -0.002818 -9999.000000 -9999.000000 -9999.000000 -9999.000000 -9999.000000 -9999.000000 -9999.000000 -9999.000000 -9999.000000 -9999.000000 -9999.000000 -9999.000000 -9999.000000 -9999.000000 -9999.000000 -9999.000000 -9999.000000 -9999.000000 -9999.000000 -9999.000000 -9999.000000 -9999.000000 -9999.000000 -9999.000000 -9999.000000 -9999.000000 -9999.000000 -9999.000000 0.000519 0.000117 -0.021476 -1.125350 -0.349606 0.686979 0.366958 0.395094 0.320233 0.077696 0.056556 0.091876 -0.030978 -0.001415 -0.156259
-0.013705 -0.013056 -0.006012 -0.000176 -0.000004 -0.004903 -0.032989 0.178074 0.008648 0.057491 0.006227 -0.047092 -0.085223 -0.023011 -0.177549 0.000114 0.000000 0.000000 0.000000 -9999.000000 -9999.000000 -9999.000000 -9999.000000 -9999.000000 -9999.000000 -9999.000000 -9999.000000 -9999.000000 -9999.000000 -9999.000000 -9999.000000 -9999.000000 -9999.000000 -9999.000000 -9999.000000 -9999.000000 -9999.000000 -9999.000000 -9999.000000 -9999.000000 -9999.000000 -9999.000000 -9999.000000 0.000467 0.000175 -0.001004 -0.652402 -0.694314 0.582572 0.321478 0.191997 0.362954 0.367225 0.014691 0.071665 0.254259 0.371277 -0.177960
-0.024023 -0.025835 -0.020338 -0.004096 -0.007867 -0.065116 0.094710 0.014727 0.006917 0.009454 -0.000320 -0.009673 -0.027447 -0.244157 -1.103955 0.022463 0.110995 -0.051790 -0.000124 0.000000 0.000000 -9999.000000 -9999.000000 -9999.000000 -9999.000000 -9999.000000 -9999.000000 -9999.000000 -9999.000000 -9999.000000 -9999.000000 -9999.000000 -9999.000000 -9999.000000 -9999.000000 -9999.000000 -9999.000000 -9999.000000 -9999.000000 -9999.000000 -9999.000000 -9999.000000 0.000000 -0.000023 -0.000000 0.000697 0.018694 -0.911556 0.376874 0.032289 -0.091285 0.242507 0.671189 -0.092311 -0.122735 0.027400 0.475168 0.062995
-0.171690 -0.933277 -0.038873 -0.030443 -0.081509 -0.048576 0.025910 0.007737 0.003946 0.000224 -0.000368 -0.270486 0.002683 0.376982 -0.433082 0.115739 0.146759 -0.075265 -0.002704 -0.020304 -0.008165 0.000000 -9999.000000 -9999.000000 -9999.000000 -9999.000000 -9999.000000 -9999.000000 -9999.000000 -9999.000000 -9999.000000 -9999.000000 -9999.000000 -9999.000000 -9999.000000 -9999.000000 -9999.000000 -9999.000000 -9999.000000 -9999.000000 -9999.000000 0.001010 -0.000326 -0.000572 -0.000238 0.000654 0.002187 -0.663132 0.282526 -0.007509 -0.175272 0.175198 0.573032 -0.033693 -0.043057 -0.010349 0.000791 0.134454
0.268446 -0.458787 -0.175108 -0.838903 -0.092452 -0.006663 0.020475 0.000345 0.000222 0.000164 0.000039 -0.247729 0.012254 0.501401 -0.273452 0.094762 0.094944 -0.150493 -0.142829 -1.483823 0.620578 -0.018220 0.000000 0.006964 0.000009 0.000411 -9999.000000 -9999.000000 -9999.000000 -9999.000000 -9999.000000 -9999.000000 -9999.000000 -9999.000000 -9999.000000 -9999.000000 -9999.000000 -9999.000000 -9999.000000 -9999.000000 -9999.000000 0.001196 0.000659 0.000166 -0.000046 0.000028 0.006770 -0.396249 0.496893 0.158153 0.002286 0.159120 0.488661 -0.538813 -0.034889 -0.002092 0.000145 0.000222
0.182766 -0.258247 0.022462 -0.066846 -0.067884 0.013492 0.006644 0.000200 -0.000222 -0.000003 -0.000000 0.018061 0.101475 0.707620 0.184269 0.409146 0.310421 -0.160816 -0.633871 -0.690840 0.540049 -0.092685 0.000942 0.011275 -0.000498 -0.000013 0.000326 0.000276 0.000700 0.000720 -9999.000000 -9999.000000 -9999.000000 -9999.000000 -9999.000000 -9999.000000 -9999.000000 -9999.000000 -9999.000000 -9999.000000 -9999.000000 0.001319 0.001778 0.000852 0.000152 -0.000518 0.030053 -0.032785 1.209059 0.410809 0.131763 0.046669 0.421664 -1.002647 -0.029571 -0.000465 -0.000240 -0.000222
0.238007 -0.183853 0.429153 0.836296 0.025004 0.011839 0.000452 -0.001332 -0.007173 -0.004890 -0.005134 0.066850 0.086626 0.085795 0.092482 0.090005 0.053585 0.093135 -0.216921 -0.209586 0.149682 -0.174621 0.002303 0.006679 -0.003558 -0.007010 -0.000208 -0.000003 -0.000554 -0.000621 -0.000034 -0.000001 -0.000000 -0.000000 -0.000000 -0.000000 1.196081 0.008080 0.000277 0.000186 0.000428 0.000384 0.001139 0.000066 0.001486 -0.000601 0.124165 0.532301 1.222294 0.306649 0.093429 0.084556 0.384666 -0.249474 0.061219 0.003663 0.005648 0.013107
0.261399 -0.137632 0.023908 0.019242 0.026282 0.007511 -0.000334 -0.001373 -0.011023 -0.015423 0.183773 0.185110 0.083733 0.116950 0.174485 0.198068 0.058107 0.000717 0.072053 0.715421 -0.143548 -0.253736 0.000360 0.000360 -0.002502 -0.047549 -0.010392 -0.009855 -0.001119 -0.006340 -0.057436 0.004315 0.009476 0.089801 -0.003836 0.367401 1.400398 0.000182 0.000022 0.000039 0.000247 0.000272 -0.000101 -0.000331 0.004446 0.298744 0.307613 0.267486 0.183477 0.415350 0.398017 0.369470 0.058080 0.162477 0.068036 0.003778 0.019588 0.052376
0.260001 -0.052959 0.000526 0.001900 0.019098 -0.000018 -0.000738 -0.009689 -0.000735 -0.099972 0.008633 0.155942 -0.007279 0.092202 0.208535 0.197793 0.038839 0.000959 0.001043 0.009016 -0.004873 -0.018565 -0.000360 -0.000360 -0.001755 0.032540 -0.518512 -0.454537 -0.022317 -0.048153 -0.359573 -0.046588 -0.024586 0.036122 -0.008675 0.502846 0.650503 -0.000205 -0.000273 -0.000182 -0.000282 -0.000000 -0.000201 -0.000299 0.024842 0.162619 0.171680 0.177324 0.102411 0.049580 0.117440 0.045377 0.007435 0.098820 0.046041 0.000105 0.000777 0.013765
0.459693 -0.168032 0.000488 0.000305 0.000248 -0.002465 -0.001416 -0.045310 -0.004368 0.007706 -0.033166 0.141738 0.135244 0.146399 0.267286 0.131813 0.035835 0.000335 0.000041 0.000002 0.002684 -0.015912 -0.004488 -0.025765 -0.003053 0.165083 -0.085826 -0.005076 0.029757 0.004871 0.052094 -0.040226 -0.040876 -0.043371 0.102425 0.526013 1.638154 -0.017055 -0.011618 -0.011264 -0.000410 -0.000272 -0.000469 -0.000278 0.089804 0.108262 0.095146 0.271773 0.011234 0.035086 0.027928 0.041499 0.004521 0.015918 0.024631 0.000018 0.000211 0.000391
0.619159 0.091752 0.000453 -0.000193 -0.000687 -0.002998 0.000011 -0.006442 -0.001148 0.040981 0.169484 0.220802 0.216009 0.094700 0.131530 0.132709 0.031230 -0.000010 -0.001012 -0.003973 -0.000251 0.245186 0.166491 0.011798 -0.221985 0.204278 0.013004 0.020375 0.000465 -0.006212 0.097398 0.029271 -0.073649 0.010279 0.122444 0.461483 0.550979 0.000555 -0.066327 -0.031344 -0.000556 -0.000384 -0.000445 -0.076640 0.113511 0.339535 0.384890 0.077329 0.001234 0.013915 0.004658 0.005325 0.006598 0.000569 0.000393 -0.033624 -0.000495 -0.000063
0.398038 0.370404 -0.000095 -0.002225 -0.017406 -0.000765 0.000012 0.000553 0.000960 0.032319 0.031337 0.290345 0.111171 -0.000217 0.000051 0.001131 0.001635 -0.000350 -0.018608 -0.003465 -0.027770 0.415825 0.219279 0.088130 -0.104054 0.184014 -0.254890 -0.399457 -0.000144 -0.000004 0.121141 0.085779 0.086103 0.078620 0.044014 0.408047 0.422362 0.157214 0.057639 -0.545199 -0.000558 -0.004044 -0.009778 0.327427 0.204904 0.281697 0.296410 0.071210 -0.000001 0.000000 0.000485 0.001803 0.000475 -0.000247 -0.000331 -0.067331 -0.008937 -0.000104
0.374297 0.424581 -0.011724 -0.015352 -0.046883 -0.005852 -0.010322 0.000682 0.015157 0.025639 0.026919 0.010763 0.122838 -0.000480 0.041602 0.000099 -0.000101 -0.000764 -0.042972 -0.025058 0.304004 0.550793 0.253245 0.092521 0.467934 0.380196 -0.376565 -0.956157 -0.298141 0.025470 0.201280 0.136704 0.128382 0.403453 -0.072284 0.437347 0.368192 0.313270 0.172624 -0.545785 -0.049862 -0.092953 0.091825 0.471614 0.154779 0.087817 0.095800 0.097937 -0.001227 -0.013758 -0.004407 -0.005239 -0.006649 -0.000554 -0.041064 -0.068141 -0.012097 -0.004382
0.443868 0.346415 -0.044744 -0.083496 -0.080202 -0.011411 -0.023276 0.000847 0.008672 0.010827 0.008968 0.000538 0.000379 -0.006043 0.015847 -0.000583 -0.001312 -0.011631 -0.004881 0.299872 1.004014 0.603737 0.259545 0.098560 0.112332 0.530383 -0.423048 -0.768864 -0.426665 0.058883 0.355991 0.196001 0.198265 0.258737 -0.204167 0.807129 0.577689 0.321683 -0.051306 -0.638253 -0.131661 -0.017850 0.140559 0.463141 0.264678 0.324632 0.367660 0.339087 -0.120459 -0.342151 0.094784 -0.003798 -0.005023 -0.076079 -0.019325 -0.451721 -0.005283 -0.020696
0.644855 0.514089 0.429665 -0.011184 0.058048 -0.030494 -0.011166 0.000149 0.000222 0.000139 0.000096 -0.000037 0.000345 -0.011468 -0.046359 -0.000992 -0.001044 -0.027570 -0.025039 0.500960 1.217312 0.538471 0.001418 0.006718 0.002788 0.017939 -0.294281 -0.593356 -0.365145 0.059227 0.350099 0.520777 0.006744 0.020331 -0.140935 1.084215 0.685115 0.150349 -0.364942 -0.117319 0.079539 0.071680 0.008743 0.338971 0.141248 0.342799 0.657444 0.470166 -0.014243 -0.180358 0.099773 0.220362 -0.001695 -0.144010 -0.317571 -0.139134 0.369276 -0.001306
0.137271 0.046727 1.007137 0.943334 0.930120 0.037933 0.023702 0.000314 -0.000222 0.000011 -0.000072 -0.000254 0.000906 -0.007936 -0.113687 -0.000722 -0.009127 0.074409 0.117977 0.472891 1.169400 0.324514 0.000917 0.000554 0.004189 0.000670 -0.067559 -0.558253 -0.397625 -0.027600 0.205053 0.114105 0.000326 0.007292 0.089578 1.644097 1.017429 0.522260 -0.133319 0.031384 0.008244 0.011895 0.003929 0.006519 0.044314 0.289999 0.724007 0.413889 -0.031462 -0.140577 0.460346 0.340985 0.821186 0.599286 -0.019703 0.630327 0.021013 0.018034
0.100940 0.027861 0.021828 0.015012 0.030567 0.051002 0.012718 0.000402 -0.004495 -0.000321 -0.000518 0.007862 0.000804 0.053310 -0.088138 -0.009766 0.028968 0.103737 0.154722 0.667634 1.108827 0.080346 0.000926 0.000247 0.000331 -0.000183 -0.000003 -0.300770 -0.361038 -0.169767 -0.049842 0.110130 -0.000208 -0.000003 0.170311 0.386763 0.242839 0.180721 0.079004 0.005146 0.000120 0.000000 0.000000 0.000000 0.000000 0.249034 0.666404 0.482334 -0.031778 -0.260308 0.233324 0.029903 0.014979 0.017831 0.101961 0.018244 0.006435 0.008751
0.029585 0.024535 0.000063 0.000253 0.003929 0.017207 0.001046 0.000044 -0.016429 -0.004713 -0.000535 0.042195 0.220975 0.124632 -0.033131 -0.010360 0.002572 0.079395 0.196800 0.208036 1.202260 -0.049364 0.000235 -0.000569 -0.000393 -0.011801 0.044953 -0.103029 -0.250319 -0.155507 -0.103791 0.048302 -0.008998 -0.006910 0.638043 0.228490 0.000118 0.000000 0.000563 -0.000014 -0.000435 -0.002350 -0.007509 -0.009673 -0.023035 0.349126 0.431595 0.414206 0.068273 -0.061862 0.021877 0.013826 0.007560 0.011070 0.011767 0.001351 0.000000 0.000000
0.001026 0.000446 -0.000063 -0.000143 0.000000 0.000000 -0.000159 -0.004018 -0.019563 -0.018232 0.002636 0.141667 0.149180 0.023996 0.070608 -0.008389 -0.010244 0.052618 0.200652 0.661566 0.249431 0.000574 -0.000453 -0.007789 -0.016973 -0.034885 0.063806 -0.099418 -0.191186 -0.126919 -0.082087 0.010632 -0.447504 -0.426772 0.706563 0.583837 -0.000960 -0.013845 -0.003695 -0.023569 -0.000791 -0.001477 -0.017378 -0.025290 0.160747 0.348694 0.249105 0.060614 0.143607 0.003452 0.008361 0.000334 0.000339 0.000001 0.000000 -0.001309 -0.011411 -0.009979
-0.001645 -0.002632 -0.018236 -0.008407 -0.008066 -0.008066 -0.017710 -0.012399 -0.022581 -0.146289 0.002612 0.251785 0.018987 0.041128 0.241860 0.096892 0.164415 0.088715 0.242294 0.446054 0.001039 0.001225 0.001057 0.013345 -0.828072 0.023699 0.247211 -0.159927 -0.105229 -0.057092 0.053956 -0.012589 -0.321951 -0.025479 0.551352 0.613786 0.016424 -0.519532 0.110611 0.024607 -0.000483 -0.000660 -0.002074 0.038050 0.141055 0.357480 0.328467 0.049857 0.244137 0.111794 0.000367 0.000010 -0.000240 -0.000544 -0.000108 -0.004894 -0.061962 -0.048833
