use_cases/Flooding_chicago/flooding_data/output/hUy_3180.asc
ncols 337
nrows 393
xllcorner 428428.000000
yllcorner 4602440.000000
cellsize 26.757400
NODATA_value -9999.000000
[rows 182 to 207 of 393, columns 232 to 289 of 337]
0.057797 1.217003 -0.108877 -0.027229 -1.108206 -2.960361 -4.474840 -0.389481 -0.012161 -0.009562 -0.003164 -0.000275 -0.000247 -0.000331 -0.000006 0.086528 0.937179 0.946616 0.067343 -0.103175 0.715756 0.644521 0.313036 0.080036 -0.302711 -0.001707 -0.004306 1.771268 1.433786 1.305795 1.154507 1.365706 1.110049 0.589874 0.479376 0.431313 0.132868 -0.037287 -0.378203 0.839303 2.623004 3.957988 4.318403 4.089262 3.730268 3.666611 2.324044 3.031293 1.710139 0.036487 0.338275 0.104477 -0.104899 0.136718 0.041159 0.393110 -9999.000000 -9999.000000
0.012798 0.032658 0.071585 0.086845 0.058455 -1.897201 -6.500129 -2.138749 -0.193766 -0.095066 -0.058602 -0.008707 -0.000554 -0.006855 -0.009573 1.131650 1.854651 1.067485 0.136064 -0.088918 0.539294 0.356620 -0.009375 -0.260650 -0.427411 -0.178240 1.439274 1.870969 1.449613 1.207422 1.146400 1.187741 0.629431 0.265365 0.206443 0.056903 0.028676 0.054923 -0.306832 0.770153 2.656446 3.824404 4.242010 5.167218 4.241372 4.332411 2.740114 2.307926 1.024705 -0.105952 0.057483 0.141748 0.529140 -0.040948 -0.432802 0.471492 -9999.000000 -9999.000000
0.001048 0.024636 0.017731 0.047272 0.016777 -0.047019 -3.945877 -3.631730 -2.479865 -0.898219 -0.550600 -1.308578 -0.012442 -0.024090 0.172597 1.995500 2.014847 0.990865 0.384826 0.055218 0.111497 0.197503 -0.072149 -0.228606 -0.582096 0.615563 1.893428 1.860346 1.349303 1.006213 1.330528 0.921240 -0.020077 -0.208269 -0.296759 -0.487180 -0.041948 0.020168 0.124354 1.274414 2.898957 4.008252 4.786284 5.202337 4.664395 5.164676 0.691554 0.630155 0.876117 0.200489 0.258499 0.184596 0.581734 -0.232178 -0.525035 0.588239 0.055934 -9999.000000
0.000738 0.005483 0.008674 0.019567 0.004386 0.016104 -0.112854 -2.873621 -2.150671 -1.250686 -0.576919 -1.432071 -0.469194 -0.392233 0.821800 1.826844 1.693650 0.770611 0.252009 -0.010402 -0.045704 -0.085744 -0.065803 -0.021686 1.383391 3.435865 2.668737 2.516458 0.916995 0.653332 0.584759 0.223108 -0.297267 -1.258416 -1.089195 -1.364731 -0.686865 -0.010831 0.122303 2.228465 3.523968 4.435513 5.260067 5.719227 5.006606 3.544513 0.112811 0.041627 0.317056 0.239054 0.006771 0.006582 0.342729 0.190159 0.260179 0.116502 0.005306 -9999.000000
0.000003 0.000222 0.000103 0.000473 0.003048 0.001666 0.000433 -0.760927 -0.874024 -0.784640 -0.317374 -0.929243 -0.422313 -0.376020 1.413488 1.511504 1.283183 0.245624 -0.642408 -0.130409 -0.133145 -0.088593 0.032295 0.547453 4.752187 5.485727 1.639623 1.572306 0.663249 0.485518 0.058768 -0.043357 -0.249967 -1.035035 -0.927926 -1.139312 -0.931543 0.119203 0.918855 2.262609 2.643736 3.607526 5.341900 4.560493 3.420682 3.179818 0.371534 0.000000 0.093062 0.106400 0.000000 0.000000 0.198119 0.000610 0.008881 0.001252 0.001216 0.000738
-0.009183 -0.000222 -0.000103 0.000877 0.004667 -0.000074 -0.000252 -0.279035 -0.472582 0.083163 0.190507 0.149484 0.056083 0.095764 0.969682 1.351037 0.671568 -0.249550 -1.248008 -0.775430 -0.205856 -0.098762 0.962684 2.642492 4.840763 1.771562 0.069312 0.068232 0.028301 0.477647 0.035081 -0.048966 -0.049917 -0.654227 -0.376501 -0.520242 -0.178759 0.713333 1.446479 1.770638 2.190691 3.282767 4.911498 4.113245 3.798800 2.649531 0.479424 0.004932 0.154411 0.257875 -0.099859 -0.123876 0.063879 -0.000084 0.000000 -0.000873 -0.000027 0.000823
0.280293 -0.008865 -0.002533 0.001492 0.030174 0.028709 0.010318 -0.242626 -0.340442 0.421920 0.507944 0.291888 0.617812 0.792495 1.132018 1.272025 0.874962 -0.307196 -1.379249 -1.618830 -0.726563 1.040580 1.997282 3.084854 2.059746 0.001288 0.000326 0.007204 0.006527 0.008315 0.056998 0.001981 0.001734 -0.067561 0.500547 0.238450 0.716891 0.933595 1.122191 1.501826 1.855311 3.349805 4.846838 4.922521 3.284523 2.460135 0.478950 0.030136 0.108113 0.300328 0.172956 -0.118459 0.026453 -0.119129 -0.003663 -0.134006 -0.001219 0.001063
0.597841 0.001016 0.000992 0.003183 0.015639 0.024109 0.075170 -0.513902 -0.085209 1.702578 1.556577 0.570600 0.921488 0.850517 0.577390 0.696380 1.624467 0.016021 -1.074989 -1.214569 -0.598151 1.016315 1.400856 1.364722 1.269846 -0.170583 -0.000208 -0.000003 0.000190 0.000178 0.000004 0.237677 0.175765 0.514830 0.997808 1.321838 0.945111 0.871195 1.291507 1.553279 1.810601 2.378408 4.295686 3.592648 3.096554 1.456707 0.132971 0.279494 0.070315 0.275444 0.240995 -0.159150 -0.196728 -0.085738 -0.105482 -0.057175 0.007959 0.001582
0.067678 0.011258 0.003149 0.004089 0.001546 0.013957 0.016408 -0.607317 0.229290 1.937058 1.216871 0.444684 0.798743 0.684925 0.880976 0.986140 0.835452 0.747186 -0.533554 -1.095606 0.135422 0.743915 0.571181 0.698125 0.701403 -0.321391 -0.021538 -0.015670 -0.001090 -0.000065 0.211842 0.861167 0.606502 1.363238 1.574993 0.969619 0.777787 0.978909 1.485605 0.986475 1.084502 2.091270 2.557930 3.347240 3.244728 1.241473 0.140914 0.083277 0.100222 0.361549 0.308338 -0.111620 -0.318136 -0.187851 -0.154472 -0.063157 0.010595 0.002120
0.001069 0.000104 0.000222 0.000103 0.000108 0.000377 0.000198 0.105013 0.998480 2.200503 1.702424 0.228398 0.945341 0.627935 1.050218 0.878524 1.599756 0.693713 -0.027219 -0.800340 -0.092555 0.275440 0.083276 0.125165 0.147273 -0.357460 -0.244529 -0.392686 -0.000870 -0.000370 0.373443 1.163034 0.752311 1.521353 1.601279 1.179825 0.999782 1.029878 1.482390 0.872551 0.966961 1.954803 2.237464 3.004472 2.658205 1.303906 0.120109 0.081293 0.254003 0.378478 0.385964 -0.194720 -0.412398 -0.262134 -0.272346 -0.062764 0.000004 0.000063
0.005311 -0.000133 -0.000222 -0.000103 -0.000559 -0.000648 -0.000232 0.908370 1.540382 1.972342 1.343264 0.628820 1.114956 1.063813 0.811208 0.484809 1.251460 0.024320 0.839039 0.048973 0.207976 0.474152 -0.116363 -0.178993 -0.120982 -0.320848 -0.196374 -0.285429 -0.203136 0.067702 1.235908 1.463113 1.020658 1.885801 1.380439 1.298467 0.934653 0.911656 1.069990 0.861793 0.948168 1.977853 2.006329 2.753890 2.364151 0.996599 0.217555 0.193467 0.739681 0.451223 0.204317 -0.341295 -0.641775 -0.453003 -0.476865 -0.089527 -0.160105 -0.002671
0.012388 -0.056319 -0.007044 -0.019273 0.090980 0.669377 0.718871 1.669917 2.155543 1.070232 1.415642 1.448918 1.629600 1.088600 0.324618 0.075945 0.014135 0.004488 0.008447 -0.006643 0.000326 0.010127 -0.094445 0.066059 -0.007848 -0.393198 0.000000 -0.295054 -0.612311 0.391434 1.955636 2.047267 1.183574 1.346083 1.707774 1.203036 1.274267 1.085644 0.924308 1.352982 1.406747 1.849396 2.605034 2.431385 2.271878 0.593999 0.222428 0.295897 0.743637 0.504031 -0.004139 -0.489059 -0.846940 -0.785016 -0.754746 -0.482827 -0.952927 -0.453781
0.478515 0.350015 0.643312 0.731259 0.757122 0.703084 1.067450 1.260405 1.427278 1.000340 1.501284 0.298802 0.292439 0.159090 0.120374 0.027230 0.000360 0.000360 0.000130 -0.020495 -0.000208 -0.000003 0.008012 0.003644 -0.000434 -0.338128 -0.143520 -0.119725 0.634151 0.911005 2.603780 2.272259 1.552528 1.210398 1.372972 1.593989 1.623167 1.264041 1.133277 1.631477 1.380471 1.700048 3.099159 2.444777 1.954641 0.467782 0.364065 0.460016 0.648415 0.248498 0.044856 -0.346161 -0.534248 -0.755331 -0.440568 -0.224503 -1.197524 -0.856452
1.403813 1.585304 1.260394 1.268723 1.198913 0.674164 0.663014 0.660649 0.408044 1.057591 0.693769 0.139934 0.100648 0.010427 0.018122 0.020474 -0.000360 -0.000360 -0.000130 -0.014489 -0.047050 -0.046635 0.005631 0.005979 -0.034937 -0.120314 0.068213 0.932384 1.830004 1.204148 2.670057 1.467183 0.786942 1.052349 1.321094 1.308492 1.031452 1.424730 1.690362 1.614109 1.563919 1.891696 2.821516 1.533525 0.634453 0.738370 0.391095 0.453054 0.264702 0.165747 0.005298 0.346082 0.110969 -0.279408 -0.057317 0.140626 0.217487 0.174271
2.587075 2.203530 1.309621 1.330436 0.737645 0.019931 0.016100 0.012014 0.013298 0.222347 0.223311 0.334988 0.025420 0.000000 0.000000 0.000303 -0.001202 -0.014236 -0.002008 0.055973 -0.322154 0.598994 0.215626 0.749212 1.217507 2.046592 1.526501 1.433511 1.528737 1.622929 1.983102 0.255497 0.226978 1.134040 1.352546 1.238188 1.008314 2.309715 1.961262 1.321389 1.615820 1.247712 1.361976 0.332055 0.636227 0.801538 0.424361 0.449230 0.030623 0.000208 0.000003 0.865740 0.722217 0.206049 0.322830 0.427160 0.627619 0.880206
2.524621 1.708883 0.828375 0.020666 0.008910 0.000391 0.000175 0.000068 0.000088 0.068200 0.086250 0.258239 0.022094 -0.000396 -0.003796 -0.000453 -0.001109 -0.031316 -0.004715 0.187397 1.176120 1.971234 0.924307 1.593441 1.455715 1.880887 1.156059 0.540772 0.369537 0.116240 0.037557 -0.055691 0.214857 2.153613 2.056753 1.652125 1.312451 2.193792 1.668594 1.173042 0.805246 1.007329 1.078903 0.276620 0.316117 0.624377 0.373838 0.253492 0.020991 -0.000326 -0.010789 1.843936 0.788385 0.668298 0.828348 0.613505 0.822030 0.890580
2.134276 0.786059 0.000791 0.000323 0.000418 -0.000121 -0.000142 -0.000065 -0.000086 0.135510 0.154088 0.095738 0.039844 0.001563 -0.003133 -0.016063 -0.040862 -0.012007 -0.028854 1.902974 1.860606 2.372056 1.981012 1.699726 1.252811 1.906025 0.624938 0.034155 0.004697 -0.042747 -0.031589 -0.169916 1.152757 2.807417 2.065528 1.776346 1.369542 1.925318 1.326667 0.761334 0.588901 0.777764 0.825826 0.235127 0.312290 0.869028 0.180551 0.002352 -0.026815 0.006092 0.255014 1.830015 0.823202 1.077173 1.037057 0.538882 0.566632 0.580947
1.001022 0.142375 -0.000099 -0.000405 -0.000586 -0.008838 -0.005341 -0.010044 -0.012826 0.406098 0.256963 0.100130 0.031331 -0.027967 -0.056206 -0.077241 0.220816 0.370133 0.817086 2.010897 1.136125 1.203762 0.580351 0.303929 1.374899 1.424641 0.703121 0.030039 0.017980 -0.024722 -0.082639 -0.215730 1.634243 3.399956 3.463569 2.261271 1.564152 1.689944 0.728612 0.434887 0.392313 0.541650 0.630140 0.315319 0.546935 0.363120 0.005630 0.005564 0.002323 0.065296 0.747002 2.001731 1.347669 1.234918 0.823959 0.468631 -0.013585 -0.015534
0.737571 -0.235042 -0.001237 -0.007010 -0.008057 -0.014782 -0.214128 -0.127545 0.293183 0.526383 0.129538 0.073894 0.000000 -0.016950 -0.115865 -0.024420 0.527387 0.653431 1.167556 0.757255 1.371524 1.507654 0.000360 0.000360 0.518722 2.018466 0.174890 0.039960 0.086300 0.159236 0.072855 -0.067427 1.935938 4.604659 4.053722 2.211577 0.745450 0.787325 0.275864 0.277850 0.170153 0.593812 0.850294 0.266768 0.591374 0.334121 0.007630 0.006273 0.003281 0.195545 1.499561 2.324152 1.480635 1.215621 0.480253 0.264953 -0.312580 -0.237586
0.829798 0.028463 0.189797 -0.199860 -0.014846 -0.003334 0.301832 0.177028 0.324351 0.312593 0.093985 0.101042 0.005298 0.004921 -0.020716 -0.002249 0.771417 0.993483 0.172672 1.331367 0.626392 0.890340 -0.000360 -0.000360 0.732495 1.206652 0.021417 0.013795 0.027060 0.055467 0.043865 0.188533 3.206726 4.879056 3.937566 1.904668 0.620160 0.636200 -0.021702 0.204848 0.192284 0.299749 0.568857 0.188153 0.663294 0.918510 0.194492 0.136871 0.149128 1.393747 2.455209 2.767765 1.364796 0.914290 0.530737 0.069449 -0.033220 -0.224359
0.021234 0.019075 0.027140 -0.178237 -0.163621 -0.042966 0.498131 0.152032 0.327103 0.340728 0.013073 0.007052 -0.015203 -0.001151 0.001407 0.002357 0.450613 0.450296 0.447013 1.638952 0.052006 0.982190 0.630096 0.589668 0.335206 0.911723 0.039928 0.019178 0.006467 0.003733 0.000270 0.197640 3.398573 3.781248 3.773498 0.816209 0.113151 0.049641 -0.083947 0.170479 0.279638 0.134915 0.559922 0.124842 0.604201 1.279697 1.452149 0.783102 0.790586 1.441133 1.723927 1.664236 0.325886 0.216443 0.131274 0.090831 0.114228 0.007955
0.001130 0.007614 0.012791 0.005777 -0.079218 -0.014022 0.517607 0.138603 0.013258 0.023386 0.006420 0.000764 -0.025697 -0.043315 -0.004698 0.004483 0.669379 0.640451 2.386075 1.745848 0.735380 0.781903 0.655122 0.742270 0.343446 0.462286 -0.377091 -0.015736 -0.002207 -0.001201 0.081383 1.607518 4.125295 4.421722 1.840931 0.452980 0.172712 0.000705 -0.085119 0.450436 0.518064 0.006575 0.014561 0.021480 0.422548 1.367262 1.248687 1.051225 1.030638 1.417684 1.383490 1.187711 0.228186 0.000699 0.125937 0.083703 0.000904 -0.007190
-0.000994 0.000000 0.000065 0.000065 -0.027627 0.011799 0.106126 0.001085 0.000990 0.000991 0.000000 0.000025 -0.005576 -0.613962 0.068524 0.345553 0.742360 1.671036 2.304147 0.348250 0.574663 0.522197 0.586168 0.780692 0.006529 0.185115 -0.525046 -0.024732 -0.008145 0.254142 0.886904 1.750847 3.115531 2.561624 2.068485 0.708988 0.165139 0.001458 0.034606 0.022728 0.051435 0.010337 0.000765 0.000605 0.431770 1.517509 1.673620 1.397140 1.358214 1.497872 1.143597 0.867119 0.082460 -0.055477 0.036227 0.000347 0.000742 0.000347
-0.009921 -0.005378 -0.000556 -0.000124 -0.006166 -0.006684 0.000234 -0.000186 -0.001032 -0.001271 -0.011136 -0.000950 0.000369 0.014804 0.415421 1.175196 1.429180 1.566720 1.662262 0.001208 0.325951 0.593178 0.479006 0.464535 0.005210 -0.013846 -0.376556 -0.015403 -0.005397 0.126959 1.145393 2.082386 3.447361 1.147896 1.137046 1.125817 0.001502 0.001060 0.008989 0.001515 0.020675 0.001936 0.000440 0.000654 0.679163 0.732967 2.073026 1.638500 1.625416 1.684167 1.093823 0.198800 0.052725 -0.123935 -0.129371 -0.000439 -0.001073 -0.000439
-0.021771 -0.014169 -0.004645 -0.000679 -0.000906 -0.054114 -0.000524 -0.001162 -0.021200 -0.017783 -0.028078 -0.010237 -0.000618 0.073316 0.942140 1.123968 1.646237 0.656001 1.089295 0.359336 0.455475 0.337326 0.624175 0.507277 0.173898 -0.028882 -0.196821 -0.151173 -0.119132 0.071572 0.512871 0.955587 3.220342 1.270251 1.244822 1.227694 0.002529 0.000065 0.000222 0.000374 0.000020 -0.000917 -0.000658 0.000306 0.793403 0.869375 2.459199 1.957355 1.841000 1.998241 0.001225 0.000963 0.000427 -0.154219 -0.154755 -0.124239 -0.098703 -0.024026
0.013100 -0.003639 -0.021073 -0.002229 -0.000127 -0.059178 -0.017408 -0.005482 -0.084335 -0.060505 -0.067113 -0.035057 -0.002468 0.217521 1.387355 1.386304 1.068214 0.535213 1.340480 0.449650 0.395422 0.363588 0.360205 0.351317 0.256609 0.209948 -0.068001 -0.156697 -0.172138 -0.082587 0.355170 0.733588 2.651459 1.979119 1.134647 1.177424 0.009893 -0.000263 -0.000222 -0.000423 -0.005958 -0.013327 0.324031 0.092250 1.269895 1.572000 2.366205 1.060424 2.179849 1.061435 0.000033 -0.000582 -0.000346 -0.089978 -0.124362 -0.148421 -0.214360 -0.022331
