use_cases/Flooding_chicago/flooding_data/output/hUy_1980.asc
ncols 337
nrows 393
xllcorner 428428.000000
yllcorner 4602440.000000
cellsize 26.757400
NODATA_value -9999.000000
[rows 156 to 181 of 393, columns 232 to 289 of 337]
0.079282 0.000536 0.005633 -0.000413 -0.019781 -0.015645 -0.012611 -0.004792 0.000222 0.000174 -0.306250 -0.283136 -0.030641 0.071919 0.067999 0.000000 0.227730 0.354691 0.219494 0.202275 0.210441 1.143854 1.448906 1.823697 1.154654 0.734248 0.846041 0.068018 0.178648 -0.001174 -0.002767 0.007915 0.078449 0.017267 0.007864 0.006598 0.009643 0.000386 -0.001259 -0.399713 0.126876 0.008715 0.001211 0.000305 -0.000189 -9999.000000 -9999.000000 -9999.000000 -9999.000000 -9999.000000 -9999.000000 -9999.000000 -9999.000000 -9999.000000 -9999.000000 -9999.000000 -9999.000000 -9999.000000
0.254614 0.007749 0.000000 -0.005342 -0.009446 -0.071206 -0.053744 -0.001970 -0.000222 0.000112 -0.148697 -0.235801 -0.053725 0.131565 0.034282 0.127415 0.193559 0.335062 0.003345 0.003737 0.002805 0.311987 1.214181 1.927150 1.597699 1.124776 0.792639 0.062075 0.000380 0.000221 -0.001921 0.000604 0.000820 0.000846 0.000329 0.000000 0.000000 -0.007349 0.144229 -0.638369 -0.045330 0.010759 0.002307 0.001656 0.001459 -9999.000000 -9999.000000 -9999.000000 -9999.000000 -9999.000000 -9999.000000 -9999.000000 -9999.000000 -9999.000000 -9999.000000 -9999.000000 -9999.000000 -9999.000000
0.098804 0.006400 -0.001240 -0.003436 -0.018968 -0.121666 -0.237759 -0.016729 -0.001357 0.000266 0.021113 0.067284 0.048239 0.114721 0.055061 0.156686 0.002279 0.003897 0.005717 0.004022 0.002006 0.334251 0.940723 1.841430 1.424070 1.098743 0.812814 0.157192 0.000004 -0.000016 -0.000872 -0.000334 -0.000915 -0.001002 -0.000955 -0.030878 -0.025744 -0.141326 0.388707 -0.645621 -0.219005 0.002345 0.006205 0.000681 0.000681 -9999.000000 -9999.000000 -9999.000000 -9999.000000 -9999.000000 -9999.000000 -9999.000000 -9999.000000 -9999.000000 -9999.000000 -9999.000000 -9999.000000 -9999.000000
0.030931 -0.000030 -0.001053 -0.011469 -0.176603 -0.054305 -0.254755 0.004428 -0.001114 -0.001039 0.000209 0.001144 -0.000379 0.124628 0.116665 0.000797 0.002611 0.160303 0.150351 0.065254 0.017176 0.282087 1.395850 1.646043 1.455724 1.375030 0.830783 0.269862 -0.000380 -0.000240 -0.000828 -0.000655 -0.016695 -0.010376 -0.090475 -0.289651 -0.229348 -0.217398 0.386472 -0.508834 0.033120 0.000871 0.000872 -0.000000 -0.000000 -9999.000000 -9999.000000 -9999.000000 -9999.000000 -9999.000000 -9999.000000 -9999.000000 -9999.000000 -9999.000000 -9999.000000 -9999.000000 -9999.000000 -9999.000000
-0.000403 -0.009910 -0.008578 -0.161286 -0.115726 -0.310750 -0.308642 0.262487 -0.061925 -0.001245 -0.000516 0.001192 0.049305 0.067838 0.188551 0.000998 0.270419 0.666919 0.677843 0.459396 0.287828 0.480659 0.836436 1.239311 1.058229 1.040547 1.047475 0.558488 -0.026537 -0.000490 -0.001441 -0.006351 -0.118064 -0.136513 -0.060390 -0.190930 -0.170195 -0.226631 0.184534 -0.323570 0.023261 0.001278 0.000736 -0.000681 -0.000681 -0.000071 -9999.000000 -9999.000000 -9999.000000 -9999.000000 -9999.000000 -9999.000000 -9999.000000 -9999.000000 -9999.000000 -9999.000000 -9999.000000 -9999.000000
-0.104737 -0.185208 -0.929618 -0.045380 -0.072711 -0.280032 -0.241709 0.503648 0.399509 -0.064016 -0.048369 0.001319 0.091289 -0.001964 0.208312 0.295760 0.616467 1.076015 1.009249 0.550903 0.347563 0.349901 0.155780 0.912625 0.581601 0.573477 0.863360 0.641824 -0.011531 -0.002711 -0.011067 -0.081101 0.075946 -0.062872 -0.044595 -0.190730 -0.213894 -0.339714 -0.005578 0.000384 0.000278 -0.000136 -0.002656 -0.009341 -0.006617 -0.003097 -9999.000000 -9999.000000 -9999.000000 -9999.000000 -9999.000000 -9999.000000 -9999.000000 -9999.000000 -9999.000000 -9999.000000 -9999.000000 -9999.000000
-0.047576 -0.184073 -0.624539 0.030746 -0.008353 -0.239185 -0.199697 0.537597 0.651971 -0.026162 -0.290587 -0.006559 0.422967 0.022505 0.388325 0.821291 1.049898 1.305881 0.931946 0.573102 0.213792 -0.055409 0.056889 0.165797 0.536995 0.507707 0.803259 0.670019 0.005369 0.002584 0.009236 0.049227 0.007513 0.000619 0.082745 -0.191187 -0.260449 -0.484369 -0.002445 -0.000078 -0.000581 -0.001857 -0.002387 -0.052615 -0.007662 -0.003189 -9999.000000 -9999.000000 -9999.000000 -9999.000000 -9999.000000 -9999.000000 -9999.000000 -9999.000000 -9999.000000 -9999.000000 -9999.000000 -9999.000000
0.020828 -0.273371 -0.377723 0.195319 0.160427 -0.164178 -0.105213 0.583008 0.564847 -0.081830 -0.689504 -0.315018 0.543060 0.047951 0.453109 1.055342 0.941361 0.949077 0.869063 0.207490 0.254800 0.059350 0.142297 0.133478 0.529349 0.481441 0.625273 0.312318 0.000001 0.000066 0.001755 0.016031 0.001168 0.000442 0.000303 0.034118 -0.287136 -0.692111 -0.023297 -0.002056 -0.021480 -0.007224 -0.001090 -0.017778 -0.004220 -0.004513 -9999.000000 -9999.000000 -9999.000000 -9999.000000 -9999.000000 -9999.000000 -9999.000000 -9999.000000 -9999.000000 -9999.000000 -9999.000000 -9999.000000
0.094514 -0.187351 -0.040941 0.400644 0.362769 -0.061818 0.037940 1.031119 0.510025 0.121683 -0.536054 -0.262014 0.456766 0.315285 0.579923 0.798887 0.657216 0.483860 0.446098 0.211741 0.287465 0.268233 0.357846 0.053329 0.392637 0.263539 0.330967 0.078474 0.001950 0.001019 0.000626 0.000717 0.000661 -0.000448 -0.000659 0.000040 -0.036273 -0.626399 -0.696371 -0.231671 0.529607 -0.003259 0.000155 -0.007681 0.000903 0.003370 -9999.000000 -9999.000000 -9999.000000 -9999.000000 -9999.000000 -9999.000000 -9999.000000 -9999.000000 -9999.000000 -9999.000000 -9999.000000 -9999.000000
0.215219 -0.040946 0.176508 0.656043 0.533158 0.034660 0.292974 1.157451 0.388166 0.321295 -0.092572 -0.073585 0.279016 0.314451 0.793877 0.326141 0.056540 0.271998 0.143723 0.203260 0.329324 0.792693 0.529645 0.076757 0.323590 0.087727 0.162515 -0.101720 0.023231 0.019596 0.000622 0.000174 -0.000911 -0.000799 -0.020664 -0.000498 -0.012181 -0.430436 -0.921369 -0.966981 0.064040 0.000556 0.003025 -0.000380 0.003580 0.002794 0.026052 -9999.000000 -9999.000000 -9999.000000 -9999.000000 -9999.000000 -9999.000000 -9999.000000 -9999.000000 -9999.000000 -9999.000000 -9999.000000
0.321931 -0.116582 0.392396 0.857495 0.624827 0.104915 0.419449 1.012932 0.310232 0.550674 0.438250 0.154278 0.138882 0.315823 0.512570 0.078467 -0.161800 0.085959 0.268925 0.310294 0.611638 0.226524 0.527242 0.294893 0.339947 -0.025850 0.051522 -0.057803 0.007264 0.006769 0.000220 -0.000919 -0.000916 -0.000620 -0.017845 -0.020281 0.000000 -0.022957 -0.427164 -0.946129 0.000143 0.000392 0.000796 0.000630 0.003139 0.002663 0.020020 -9999.000000 -9999.000000 -9999.000000 -9999.000000 -9999.000000 -9999.000000 -9999.000000 -9999.000000 -9999.000000 -9999.000000 -9999.000000
0.599280 -0.065543 0.758511 1.145505 0.846802 0.212580 0.663514 1.063342 0.589888 0.781120 0.637242 0.343263 0.236836 0.475356 0.569265 0.083864 -0.232228 0.067058 0.277776 0.217844 0.226935 0.000405 0.000586 0.033235 0.006462 0.063396 0.060323 -0.000728 0.000068 -0.000009 -0.000462 -0.022330 -0.015100 -0.001830 -0.103432 -0.012991 -0.006415 -0.015006 -0.010423 -1.175399 -0.000141 -0.000366 -0.000717 -0.000437 -0.000016 0.000148 0.000405 -9999.000000 -9999.000000 -9999.000000 -9999.000000 -9999.000000 -9999.000000 -9999.000000 -9999.000000 -9999.000000 -9999.000000 -9999.000000
1.399064 0.609436 1.427118 1.612769 1.293898 0.408260 0.688110 0.866995 0.802022 0.974071 0.757438 0.051396 0.054133 0.037187 0.013254 0.143880 -0.205518 0.095587 0.343037 0.161993 0.215371 -0.000323 -0.000418 0.000121 0.005282 0.005228 0.123922 0.000886 -0.000520 -0.005785 -0.026429 -0.047487 -0.034759 -0.001043 -0.099503 -0.065550 -0.005181 -0.009364 -0.004810 -1.035650 -0.009071 -0.020300 -0.027497 -0.027172 -0.006791 -0.000371 -0.000544 -9999.000000 -9999.000000 -9999.000000 -9999.000000 -9999.000000 -9999.000000 -9999.000000 -9999.000000 -9999.000000 -9999.000000 -9999.000000
0.011650 0.267708 0.724395 0.759037 0.505321 0.614076 0.827102 1.007254 0.805517 0.892826 0.077357 0.005417 0.017145 0.016432 0.003166 0.001464 -0.100623 0.157002 0.395254 0.063974 0.205575 0.002647 -0.033092 -0.000391 0.003203 0.006908 0.002129 0.000240 -0.010524 -0.235749 -0.456028 -0.253901 -0.008534 -0.009865 -0.068498 -0.054654 -0.002490 -0.003965 -0.030439 -1.020124 -0.654635 -0.035888 -0.054194 -0.072865 -0.018539 -0.009629 -0.008539 -0.000872 -9999.000000 -9999.000000 -9999.000000 -9999.000000 -9999.000000 -9999.000000 -9999.000000 -9999.000000 -9999.000000 -9999.000000
0.000208 0.000106 1.027681 1.001768 0.661294 0.651913 0.809569 1.568755 0.817347 0.793338 0.101862 0.021188 0.001667 0.001261 0.003916 0.001449 -0.043856 0.202264 0.422546 -0.106427 0.320927 -0.008382 0.042076 -0.030204 0.001382 0.006163 -0.002365 -0.001970 -0.069095 -0.096952 -0.152273 -0.119994 -0.012264 -0.017136 -0.196006 -0.298442 -0.230197 -0.199471 -1.034097 -1.745499 -0.918163 0.351813 -0.835306 0.239127 -0.510792 -0.038097 -0.010197 0.070379 -9999.000000 -9999.000000 -9999.000000 -9999.000000 -9999.000000 -9999.000000 -9999.000000 -9999.000000 -9999.000000 -9999.000000
-0.000326 -0.000120 2.622398 1.169733 0.754787 0.760781 1.350195 1.410226 0.339720 0.030372 0.083482 0.014066 0.003621 0.001797 0.024653 0.004077 -0.045186 0.280780 0.465358 -0.248419 0.357342 0.017251 0.264947 -0.059664 0.000000 0.010964 -0.002163 0.038653 0.017835 -0.010806 -0.159337 -0.125767 -0.169398 -0.100327 -0.348441 -0.216510 0.062338 -0.002713 -0.648684 -1.823928 -0.921297 0.689338 0.091858 0.715774 -0.015829 -0.104741 -0.137427 0.126571 0.104155 -9999.000000 -9999.000000 -9999.000000 -9999.000000 -9999.000000 -9999.000000 -9999.000000 -9999.000000 -9999.000000
-0.005856 0.162841 3.125596 1.387485 0.793767 1.304955 1.801442 0.180264 0.007831 0.006542 0.055902 0.004403 0.006337 0.001771 0.012273 0.005867 0.454926 0.531443 0.999389 -0.402741 0.490308 0.093770 0.546355 0.382937 0.052297 0.020413 0.122680 0.052721 0.018088 0.104466 -0.110514 -0.136935 0.000000 -0.035901 -0.466905 -0.131295 0.239176 0.052975 -0.819617 -1.797431 -1.169963 0.844641 0.476479 0.825521 0.099597 0.029901 -0.061422 0.067408 0.046051 0.024065 -9999.000000 -9999.000000 -9999.000000 -9999.000000 -9999.000000 -9999.000000 -9999.000000 -9999.000000
-0.170819 1.406868 2.372649 1.753922 0.952206 0.598959 0.538226 0.005091 0.000000 0.000027 0.001196 0.004839 0.004797 0.000222 0.000005 0.035550 0.090662 1.020447 0.945582 -0.280983 0.019983 0.396664 0.135057 0.187772 0.047568 0.017682 0.042700 0.000003 0.000208 0.000005 -0.109252 -0.118102 -0.101008 -0.031089 0.069807 0.013606 0.296764 0.093027 -0.774617 -1.926639 -1.010914 0.875025 0.727885 0.757286 0.071164 0.034529 -0.135096 0.000357 0.000326 0.007574 -9999.000000 -9999.000000 -9999.000000 -9999.000000 -9999.000000 -9999.000000 -9999.000000 -9999.000000
0.789022 1.498554 2.733815 1.154557 0.383744 0.019627 0.017425 -0.000714 -0.020016 -0.000402 -0.002495 -0.003566 -0.002302 -0.000222 0.000142 0.114486 0.094690 0.068462 0.044118 0.022370 0.017532 0.032344 0.056559 0.126414 0.126518 0.039052 0.046057 -0.061818 -0.000326 0.001765 0.259285 -0.224081 -0.064519 1.168996 0.658942 0.222271 0.050792 -0.233298 -0.699529 -1.833666 -1.026192 0.484972 0.487320 0.414695 -0.027198 -0.181759 -0.620494 -0.000274 -0.000208 -0.000003 -0.000000 0.144567 -9999.000000 -9999.000000 -9999.000000 -9999.000000 -9999.000000 -9999.000000
1.169123 1.569388 1.445335 1.624671 0.001014 0.010526 0.001014 -0.042254 -0.220492 0.096342 -0.017251 -0.004388 -0.003979 0.000167 -0.000100 0.209165 0.121057 0.001888 0.001450 0.032639 0.021675 0.000672 0.000840 0.221285 0.211514 0.052107 0.008151 -0.194336 -0.004012 0.007870 0.516756 0.542707 0.415340 0.868416 0.595877 0.189786 -0.283506 -0.497015 -0.640408 -1.728553 -0.850474 0.314643 0.482454 0.364535 -0.042591 -0.507038 -1.302420 -0.793377 -0.028002 -0.011993 -0.018906 0.369010 -9999.000000 -9999.000000 -9999.000000 -9999.000000 -9999.000000 -9999.000000
0.391983 0.233221 1.468499 1.713412 0.000136 0.000000 -0.000181 -0.029308 -0.240906 0.085925 0.037078 0.093273 -0.000082 0.000751 -0.000314 0.276367 0.001504 0.002763 0.002003 0.028667 0.000643 -0.000369 0.000679 0.264246 0.266385 0.000222 0.004289 -0.086256 -0.106254 -0.000925 0.710551 0.694464 0.635691 1.000718 0.003505 0.128280 0.103662 -0.380503 -0.679802 -1.404129 -0.374452 0.555266 0.649391 0.480719 0.082602 -0.124233 -1.598757 -0.735370 -0.939178 -0.872572 0.858694 2.219621 1.315388 -9999.000000 -9999.000000 -9999.000000 -9999.000000 -9999.000000
0.472633 0.284558 1.648763 2.178387 0.012961 -0.417288 -0.101878 0.022308 -0.229286 0.092870 0.034861 0.120811 0.001102 0.001125 0.000450 0.260751 0.001737 -0.000493 0.000360 0.000360 -0.000066 0.075895 0.049245 0.351604 0.185612 -0.000224 0.020980 -0.027663 -0.055041 -0.011022 0.764940 0.687648 1.267527 0.762682 0.010503 0.006608 0.004220 0.048932 -0.185893 -1.271959 0.267841 1.227790 1.159604 1.020508 0.565505 0.219027 -1.232140 -1.831862 -0.821740 0.377374 1.933039 2.165591 1.236350 0.555163 -9999.000000 -9999.000000 -9999.000000 -9999.000000
0.636329 0.183884 1.061337 1.812311 -0.138718 -0.890034 -0.460368 0.112308 0.012989 0.106661 0.069290 0.001465 0.001504 0.001056 0.000002 0.175393 0.084238 -0.000870 -0.000360 -0.000360 0.064310 0.442391 0.293320 0.282489 0.150008 0.004856 0.016533 -0.019363 0.053313 0.067039 0.642003 0.809433 1.312074 0.540514 0.012646 0.010584 0.008643 0.001639 0.113588 -0.636712 1.237148 2.436613 2.114876 1.713472 1.197675 0.697147 -0.363601 -1.078326 -0.162716 1.683746 2.123611 1.535589 0.610278 0.630620 0.933772 -9999.000000 -9999.000000 -9999.000000
0.524392 -0.370822 0.523109 0.917913 -0.639253 -1.133795 -0.749244 0.125473 0.090828 0.114992 0.090466 0.001929 0.002478 0.001431 -0.098773 0.020290 0.264366 0.079578 -0.018341 -0.018602 0.160965 0.594349 0.354876 0.290901 0.035908 0.002041 -0.017136 -0.082533 0.037830 0.146653 1.061647 0.977188 1.194602 0.490877 -0.016559 0.027732 -0.047116 -0.000721 0.272820 0.198589 2.654972 3.022713 3.016962 2.265259 2.612516 1.647878 0.736295 0.297813 1.049598 2.997716 2.042106 1.060950 0.619542 0.191643 0.430318 -9999.000000 -9999.000000 -9999.000000
0.764390 0.395608 -0.316562 0.126341 -1.256233 -1.665461 -1.097394 0.001359 0.017826 0.007067 0.005559 0.000916 0.003439 0.001883 0.087702 -0.190507 0.342019 0.121737 -0.048082 -0.102556 0.288366 0.599291 0.365398 0.297482 0.050120 0.000360 -0.020369 0.039637 0.084936 0.286036 1.044999 0.679139 0.565771 0.455522 0.090678 0.073326 -0.107971 0.187387 0.260736 0.621844 3.223321 3.668151 1.611566 1.692555 1.503442 1.100014 0.494315 1.236777 1.932544 1.592158 0.415487 0.212550 0.065234 -0.173513 0.040711 0.000265 -9999.000000 -9999.000000
0.634153 0.909084 -0.697584 -0.137894 -1.589264 -3.011863 -1.546400 -0.000124 0.000000 -0.000867 -0.000645 0.000010 0.000569 0.000393 0.013095 -0.252198 0.389419 0.323485 0.023932 -0.042314 0.416537 0.558823 0.396364 0.289095 -0.031888 0.000010 -0.005320 0.122016 0.155993 0.663272 1.001484 0.709494 0.653589 0.642699 0.250305 0.080994 -0.093881 0.052474 0.000230 1.450248 3.952134 2.996074 1.904944 1.973210 2.650692 1.331794 1.367249 1.953906 1.590740 0.750686 0.365110 0.142357 -0.025177 -0.066076 -0.065889 -9999.000000 -9999.000000 -9999.000000
