use_cases/Flooding_chicago/flooding_data/output/hUy_1320.asc
ncols 337
nrows 393
xllcorner 428428.000000
yllcorner 4602440.000000
cellsize 26.757400
NODATA_value -9999.000000
[rows 78 to 103 of 393, columns 232 to 289 of 337]
-0.013031 -0.021093 -0.048451 -0.015594 -0.016257 -0.034178 -0.038215 -0.033560 0.000684 0.008067 0.091092 0.099159 0.029922 0.060146 0.043522 0.033523 0.026581 0.051573 0.192444 0.195533 0.002511 0.006813 0.022913 0.157181 -0.176542 0.099310 0.333590 -0.127571 -0.026527 0.003125 0.166489 0.029754 -0.194154 0.166999 0.262965 0.359452 -0.066494 -0.405946 0.025765 0.056015 -0.000382 -0.000461 -0.000667 0.094489 0.135313 0.151715 0.285648 0.155968 0.309552 0.050441 0.001406 -0.000337 -0.000379 -0.000490 0.000113 -0.002414 -0.077408 -0.109924
-0.876778 -0.690117 -0.038043 -0.029060 -0.834636 -0.797383 -0.045573 -0.042048 0.000651 0.001800 0.028244 0.050621 0.053290 0.055922 0.028863 0.016706 0.023940 0.263286 0.337810 0.216079 0.006568 0.009711 0.024419 0.022954 -0.019812 0.317800 0.424228 -0.123604 0.141426 0.169515 0.451531 0.237248 0.073772 0.453018 0.017595 0.396132 -0.061523 -0.322003 0.033696 0.099345 -0.001040 -0.007106 -0.010932 0.245315 0.166518 0.157054 0.030365 0.066040 0.109249 0.030836 0.006771 -0.003552 -0.001596 -0.001934 -0.000099 -0.001658 -0.012371 -0.224973
-0.609323 -0.373669 -0.217873 0.098060 -0.115289 -0.232664 -0.359253 -0.191483 -0.000339 0.000956 0.000810 0.038497 0.039845 0.049303 0.007211 0.006951 0.023467 0.025786 0.074362 0.467324 0.048154 0.009854 0.015946 0.021786 0.050616 0.085080 0.025529 0.014587 0.044993 0.058660 0.043057 0.058936 0.069475 0.007922 0.024386 0.006722 0.040777 -0.076062 0.069682 0.116114 -0.009828 -0.016771 -0.415248 0.680251 0.000041 0.001169 0.016914 0.026405 0.069841 0.006141 0.008821 -0.003177 -0.001270 -0.001568 -0.011862 -0.000675 0.000551 0.004865
-0.551526 -0.388560 -0.154748 0.283036 0.137820 -0.113352 -0.359346 -0.167141 -0.005500 -0.000469 0.000893 0.014443 0.018240 0.022719 0.000968 0.000473 0.014675 0.007634 0.067673 0.064247 0.058406 0.007533 0.006275 0.011486 0.015809 0.020312 0.024149 0.006075 0.006427 0.025211 0.020320 0.041180 0.025974 0.004581 0.011348 0.000540 0.000780 -0.057858 0.079577 0.094301 -0.170833 -0.081549 0.224659 0.602790 0.153923 -0.000119 0.000089 0.001762 0.023199 0.008023 0.011362 -0.000917 -0.006114 -0.017394 -0.031706 -0.041919 0.008324 0.005116
-0.389536 -0.270370 -0.154087 0.280517 0.243405 0.066483 -0.176335 -0.000311 -0.011939 -0.001118 -0.000177 0.000000 0.000000 0.000001 0.000026 -0.000269 0.001066 0.000909 0.021033 0.022929 0.019560 0.000411 0.000008 0.000000 0.000000 0.000000 0.000000 0.000000 0.000000 0.000000 0.000000 0.025187 0.000352 0.000007 0.000191 0.000924 0.001305 0.000139 0.045942 0.004958 -0.207422 0.057648 0.467922 0.966155 0.588628 0.093451 -0.004261 -0.000251 0.000017 0.000721 0.011354 0.002791 -0.005109 -0.040669 -0.080902 -0.078097 0.142730 0.003391
-0.300829 -0.188591 0.022982 0.513459 0.002274 -0.003701 -0.005323 -0.000717 -0.001039 -0.000683 -0.010766 -0.008136 -0.015920 -0.021588 -0.000774 -0.000700 0.000406 0.000877 0.000071 0.000004 0.000000 -0.000293 -0.009839 -0.004715 -0.025293 -0.036045 -0.010668 -0.001685 -0.013198 -0.016673 -0.004897 -0.000007 -0.000352 -0.003595 -0.000469 0.001840 0.000610 -0.001651 -0.053095 -0.113254 -0.256674 0.154419 0.637930 1.132759 0.929285 0.157577 -0.055569 -0.000596 -0.008915 0.000134 0.000723 0.000368 -0.002123 -0.005114 0.113844 -0.112823 0.166935 0.001123
0.157921 0.216744 0.022057 0.018383 -0.003370 -0.003266 -0.061250 -0.048667 -0.073816 -0.022817 -0.036966 -0.020471 -0.024412 -0.042148 -0.000582 0.000161 -0.000927 -0.000747 -0.004350 -0.037963 -0.015745 -0.028800 -0.021235 -0.020886 -0.456770 -0.482781 -0.003905 -0.000932 -0.115801 -0.128099 -0.004071 -0.014800 -0.014552 -0.002977 -0.006871 -0.000273 0.000156 0.000003 -0.024090 -0.244097 -0.098428 0.254487 0.798381 1.118834 0.929637 0.106530 0.013619 -0.002668 -0.032454 -0.000651 -0.000788 -0.000389 -0.000968 -0.001198 0.279382 0.028402 0.205043 -0.070367
0.004226 -0.002649 0.000003 0.000208 -0.000933 -0.011398 -0.091968 -0.604051 -0.029891 -0.904018 -0.051495 -0.033389 -0.032356 -0.054547 -0.006735 -0.000357 -0.000622 -0.000387 -0.002210 -0.056392 -0.020602 -0.095049 -0.098905 -0.528801 -0.026001 0.002937 0.055576 0.000556 -0.034594 -0.086345 -0.001533 -0.038787 -0.034352 -0.017413 -0.005535 -0.001224 -0.000344 0.081252 0.025848 -0.195680 0.086244 0.448574 1.034229 1.360078 1.034435 0.087551 0.000649 -0.002490 -0.011422 -0.021899 -0.020121 -0.017092 -0.012998 0.112561 0.370198 0.102555 0.257864 -0.151516
-0.000221 -0.011480 -0.029300 -0.000326 -0.002190 -0.081256 0.057105 -0.360489 0.220863 -0.093677 -0.368618 -0.035108 -0.052976 -0.068090 -0.019886 -0.010721 -0.012159 -0.001407 -0.001262 -0.069181 -0.009364 -0.028495 -0.207137 -0.286798 0.071859 0.092787 0.059680 0.000326 0.000292 -0.036229 -0.014576 -0.117289 -0.088242 -0.128907 -0.094569 -0.074932 -0.023336 0.182193 0.008953 -0.143613 0.330636 0.637520 1.052126 1.417915 1.059368 0.258407 -0.000611 -0.001936 -0.004593 -0.114222 -0.111812 -0.113463 -0.112503 0.169973 0.621329 -0.052244 0.107990 -0.112494
-0.007576 -0.019240 -0.137484 -0.013052 -0.002003 -0.004934 0.001678 -0.276570 0.208954 0.169838 0.143541 0.122379 -0.289856 -1.008021 -0.030061 -0.021032 -0.024605 -0.012867 -0.013869 -0.065176 -0.058662 -0.016782 0.034102 -0.139688 0.084004 0.058577 -0.000003 -0.000208 -0.000056 -0.006857 -0.005557 -0.036756 -0.023334 -0.033205 -0.427047 -0.124888 0.033265 0.118882 0.025577 -0.001737 0.709031 0.705787 1.337317 1.598480 1.423052 0.585375 -0.004019 -0.037573 -0.058783 -0.119792 0.026780 0.087561 0.086479 0.248018 0.335211 -0.111359 0.050462 0.005936
-0.002969 -0.006989 -0.128769 0.020357 -0.153538 -0.001281 0.001985 0.003056 0.202093 0.270294 0.254946 0.179737 0.031756 -0.418703 -0.752557 -0.754674 -0.727982 -0.730543 -0.031538 -0.020430 -0.260418 0.019914 0.078244 -0.020887 0.075932 -0.001838 -0.007009 -0.011302 -0.001213 -0.004783 -0.000327 -0.000015 -0.000000 0.046529 -0.039682 0.232602 -0.001461 0.045953 0.047573 0.020515 0.439905 0.936541 0.847718 1.014527 0.749515 0.643298 0.117741 0.030943 0.092350 -0.146805 0.129997 0.226576 0.327262 0.504437 0.565696 -0.184975 0.002304 0.012022
-0.000785 -0.003326 0.013232 0.234335 -0.326168 -0.341984 -0.003217 0.001400 0.232984 0.351907 0.531936 0.316587 0.198993 -0.033476 -0.231203 -0.228845 -0.237124 -0.289630 -0.038521 -0.007155 -0.124534 0.021410 0.131394 0.070634 0.067962 -0.147100 0.061605 -0.032887 0.006478 0.038680 -0.056593 -0.076570 0.029398 0.182441 0.339528 0.433136 0.007867 0.055973 0.077418 0.050459 0.444377 0.711362 0.917863 1.196673 1.308243 0.553644 0.015860 0.034776 0.241889 -0.059468 0.322547 0.488077 0.569384 0.798263 0.537506 -0.255126 -0.000250 0.001018
0.004648 0.350223 0.284805 0.462009 0.038378 -0.616202 -0.881927 -0.000337 0.162361 0.247565 0.611647 0.326233 0.268635 0.172907 0.009337 -0.041301 -0.118612 -0.182126 0.080057 -0.004093 0.000643 0.058624 0.167366 0.144588 0.141161 -0.198567 0.059518 -0.359047 0.028109 0.144301 0.359926 0.279973 0.104090 0.151740 0.068419 0.062848 0.408160 0.145091 0.314821 0.042379 0.424038 0.676563 1.402833 2.029947 1.886639 0.005874 0.000222 0.000004 0.000490 -0.094227 0.473411 0.569315 0.569905 0.749801 0.745303 -0.063737 -0.000703 0.001447
0.045175 0.504947 0.427533 0.676406 0.464130 -0.980065 -1.066620 -0.003439 0.000305 0.318182 0.543285 0.329021 0.213491 0.276271 0.166601 0.078189 0.001561 -0.054426 0.139374 -0.001880 -0.013008 0.107188 0.202606 0.172155 -0.004699 -0.156348 0.011215 0.036322 0.066984 0.073650 0.053277 0.263344 0.246585 0.029615 0.031443 0.027011 0.044886 0.376641 0.511817 -0.012761 0.128318 0.591767 0.856545 2.430909 3.696239 1.200061 -0.000273 -0.021439 -0.020785 -0.249473 0.516640 0.594673 0.554592 0.733433 0.648779 0.156125 0.002913 -0.000217
0.048041 0.723310 0.288601 0.397991 0.981558 -0.733335 -1.728327 -0.309792 -0.055179 0.244954 0.708419 0.268722 0.081396 0.277024 0.271377 0.166532 0.072162 0.001571 0.186620 0.027052 0.114037 0.109875 0.136667 0.253014 -0.062939 0.067853 0.041815 0.034847 0.060888 0.100035 0.020985 0.015958 0.051987 0.034446 0.019642 0.027014 0.034628 0.034169 0.755714 0.035846 0.221752 0.140888 0.374890 0.901427 3.722227 1.440440 0.942669 0.623505 0.405439 -0.166071 0.736225 0.654507 0.518863 0.406466 0.273773 0.033584 0.014967 -0.007467
0.089933 0.224108 0.483209 0.610269 0.429730 -0.204321 -0.808266 -0.600359 -0.149441 0.078558 0.325529 0.002594 0.100705 0.314642 0.371016 0.225125 0.203517 0.055419 0.407360 0.035761 0.085872 0.089039 0.144897 0.210980 -0.105639 0.002597 0.029687 0.028867 0.032366 0.095669 0.010231 0.004823 0.022725 0.015550 0.009539 0.015157 0.016861 0.035650 0.024796 0.034501 0.520637 0.174166 0.424341 1.057937 2.039052 1.926682 1.192304 0.795307 0.764140 -0.174565 0.852907 0.618245 0.397124 0.311859 0.193333 0.047766 0.012650 -0.001927
0.217833 0.426181 0.318700 0.735773 0.104324 0.082504 -0.237968 -0.384035 -0.466100 -0.228749 0.092164 -0.003292 0.151994 0.467717 0.595586 0.272246 0.215535 0.080646 0.400875 0.050131 0.127185 0.075224 0.209987 0.263066 -0.140055 0.018214 0.011161 0.011312 0.008895 0.075989 0.051847 0.000917 0.000441 0.000552 0.000031 0.000000 0.000122 0.004010 0.005888 0.033617 0.045963 0.032094 0.023736 1.124831 2.462973 2.271189 1.600605 1.060073 0.965844 -0.054273 0.939124 0.447655 0.239591 0.286154 0.180795 0.614750 0.035916 0.004736
0.345469 0.296722 0.232709 0.176364 0.106851 0.152616 0.063546 -0.014869 -0.482046 -0.409805 -0.031897 -0.126825 0.120393 0.486060 0.595081 0.449298 0.278889 0.100870 0.541276 0.037216 0.153371 0.011023 0.024855 0.266060 -0.103053 0.019852 0.000125 0.000584 0.006260 0.045074 0.025395 0.001053 -0.000263 -0.000283 -0.025460 -0.005752 -0.000660 -0.000024 0.000259 0.020348 0.013982 0.026621 0.000769 0.498680 2.890635 2.553200 1.859240 1.275301 1.545067 0.064081 1.429222 0.117877 0.017212 0.121379 0.119500 0.123115 0.013955 0.045329
0.140437 0.244776 0.216871 0.182493 0.129818 0.075660 0.075400 0.058765 -0.138292 -0.194968 -0.017985 -0.058987 0.082055 0.556774 0.615721 0.465735 0.254640 -0.020916 0.477175 -0.098874 0.012159 0.019077 0.014086 0.048988 0.047292 0.009592 -0.000066 -0.000069 0.000000 0.015453 0.001079 0.000000 -0.005016 -0.011551 -0.065698 -0.055317 -0.013930 -0.007178 0.000079 0.003663 0.004845 0.005757 0.000100 1.980981 4.661005 2.561650 1.855747 1.354335 0.211225 0.012428 0.011103 0.037021 0.016538 0.027839 0.069021 0.075228 0.017556 0.011005
-0.203925 -0.052135 0.061828 0.085711 0.059350 0.063468 0.034102 0.111874 0.044650 0.106661 0.163458 0.048800 0.111248 0.757948 0.603469 0.395291 0.174358 -0.254645 0.358576 0.126175 0.012833 0.001930 0.020981 0.013256 0.022371 -0.000411 -0.008178 -0.006206 -0.007879 0.000000 -0.000305 -0.006851 -0.017624 -0.012602 -0.200288 -0.852971 -0.026503 -0.020629 -0.000602 0.000000 0.000000 0.000000 -0.000086 3.014870 5.596051 3.840524 1.675814 0.011277 0.000000 0.000000 0.000000 0.028808 0.005462 0.012942 0.033746 0.042193 0.009840 0.009952
-0.385662 -0.212900 -0.039804 0.019320 -0.027067 0.018298 0.024962 0.497256 0.495506 0.530598 0.033226 0.085067 0.798772 0.706921 0.713353 0.408132 0.082747 -0.369818 0.356224 0.007029 0.089417 0.005384 0.006003 0.017249 0.047411 0.006794 -0.019045 -0.024777 -0.014790 -0.006795 -0.013423 -0.017952 -0.033661 -0.017585 0.163870 -0.694369 -0.489995 -0.039995 -0.000362 -0.004212 -0.006134 -0.004387 -0.186956 4.087777 6.671422 2.523786 0.256313 0.042480 -0.000424 -0.000300 -0.000113 0.000084 0.000129 0.000556 0.005378 0.006953 0.000569 0.000409
-0.444988 -0.248591 0.000053 0.001660 -0.067585 0.084912 0.080811 0.185165 0.064136 0.048276 0.000632 0.160538 0.143385 0.836984 0.767378 0.459236 0.105855 -0.331776 0.651813 -0.002470 0.003540 0.004435 0.009855 0.000000 0.036415 0.018173 -0.022541 -0.034018 -0.016373 -0.013687 -0.029094 -0.020834 -0.075829 0.002527 0.208581 -0.521210 -0.264517 0.019567 -0.000582 -0.007710 -0.015620 -0.007387 -0.199903 5.167642 7.499978 1.091962 0.155853 0.136757 -0.000643 -0.000383 -0.000177 -0.000069 -0.000085 -0.000065 0.000000 0.000000 -0.000292 -0.000494
-0.106256 -0.344672 -0.000620 0.001577 0.002151 0.011470 0.009936 0.007557 0.000603 0.000234 -0.000010 0.201310 0.202882 0.198806 0.957303 0.615309 0.218653 -0.086660 0.993141 -0.010235 0.011599 0.038819 0.047623 0.030363 0.032582 0.096217 -0.181038 -0.158098 -0.009573 -0.018766 -0.032567 -0.778074 -0.485027 0.004192 0.140126 -0.446707 -0.169394 0.047349 -0.000817 -0.017478 -0.016728 -0.001436 0.104439 3.796777 4.208698 1.310295 0.228809 0.234208 -0.000355 -0.000901 -0.002447 -0.019051 -0.010439 -0.007592 -0.012089 -0.006604 -0.031640 -0.015531
-0.000604 -0.347339 -0.176930 -0.000788 -0.000034 0.000000 0.000000 0.000067 -0.000023 -0.000157 0.047860 0.353646 0.337581 0.007311 0.009707 0.034582 0.417244 0.432922 1.353226 -0.014363 0.050526 0.013945 0.006127 0.087149 0.040189 0.128184 -0.119757 -0.215284 -0.058530 -0.090940 -0.194805 -0.532959 -0.048394 0.294228 0.074611 -0.360171 -0.188109 -0.102167 -0.006054 -0.025854 -0.021539 0.146515 0.244856 3.578489 3.938382 1.407736 0.258766 0.292207 0.203048 -0.017351 -0.013248 -0.045389 -0.018564 -0.018211 -0.017597 -0.215506 -0.121947 -0.194668
-0.000395 -0.263228 -0.209481 -0.001515 -0.002143 -0.014781 -0.005350 -0.000464 -0.000239 0.146656 0.321451 0.267232 0.116605 0.000360 0.000360 0.000165 0.024367 0.026649 1.538414 -0.002570 0.006923 0.007152 0.003663 0.008348 0.100501 0.150726 -0.097338 0.080891 -0.002306 0.068346 0.023018 -0.356542 0.136952 0.368500 -0.074816 -0.438518 -0.111920 -0.156594 -0.443404 -0.231067 -0.169874 0.790689 1.117662 3.484286 3.815886 1.330562 0.844373 0.825233 0.882897 -0.469328 -0.366855 -0.074288 -0.069785 -0.070103 -0.285906 0.264086 0.120573 0.056429
-0.078815 -0.163663 -0.148095 -0.055276 -0.072585 -0.096366 -0.018514 -0.008760 -0.001713 0.314753 0.369837 0.175928 -0.031588 -0.000360 -0.000360 -0.000132 -0.000002 0.055276 1.507742 0.003246 0.000426 0.000153 0.000000 0.000584 0.005102 0.105549 -0.067878 0.000015 0.000658 0.007471 0.387542 -0.039230 0.516079 0.556905 -0.191970 -0.351764 -0.061081 0.000326 -0.186585 -0.499034 0.251165 1.056592 1.387599 2.031544 1.978852 0.387027 0.736656 1.039553 1.312721 -0.449894 -0.230889 0.058237 0.074069 0.018954 0.028660 0.612906 0.166128 0.136246
