use_cases/Flooding_chicago/flooding_data/output/hUy_480.asc
ncols 337
nrows 393
xllcorner 428428.000000
yllcorner 4602440.000000
cellsize 26.757400
NODATA_value -9999.000000
[rows 130 to 155 of 393, columns 232 to 289 of 337]
0.001506 0.000105 -0.000515 -0.001495 0.000000 -0.000072 0.009231 0.031497 0.018270 0.016877 0.027856 0.068383 0.219248 0.502526 0.131037 0.137457 0.062993 0.041976 0.054292 0.064284 0.074385 0.071325 0.095083 0.074409 0.030106 0.052452 0.014098 0.023248 0.001306 0.001306 0.430051 0.189431 0.147047 -0.000374 -0.000619 -0.021986 -0.004985 0.003896 0.001655 0.013018 0.030026 0.402226 0.999835 -0.000185 -0.000793 -0.041196 0.015526 0.092023 0.020877 0.000971 0.006566 0.001070 -9999.000000 -9999.000000 -9999.000000 -9999.000000 -9999.000000 -9999.000000
0.006244 -0.001386 -0.018099 -0.026863 -0.006416 -0.000796 0.000583 0.000716 0.000375 0.000320 0.007894 0.224519 0.186542 0.200471 0.153467 0.092204 0.023066 0.110724 0.107582 0.130201 0.149473 0.057937 0.048942 0.078946 0.008818 0.008194 0.006781 0.014555 0.001852 0.001852 0.054296 0.041041 0.045860 0.001318 0.027124 -0.156719 -0.003219 0.005255 0.000346 0.006072 0.003263 0.478943 1.291745 -0.007313 -0.007257 0.000202 0.000736 0.032580 0.009299 0.000360 0.000360 0.000297 -9999.000000 -9999.000000 -9999.000000 -9999.000000 -9999.000000 -9999.000000
-0.003578 -0.008940 -0.050675 -0.056870 -0.014778 -0.011377 -0.001518 -0.000935 -0.000415 0.000402 0.000565 0.250973 0.049909 0.041897 0.050741 0.085353 0.091164 0.021897 0.076719 0.095413 0.065859 0.079720 0.034000 0.078371 0.062931 0.000528 0.000135 0.000130 0.000360 0.000360 0.018596 0.018942 0.028396 0.001553 0.028074 -0.157962 -0.000925 0.000180 -0.000180 0.000094 0.000103 0.078717 1.384257 -0.052399 -0.017741 -0.000103 0.000066 0.000860 0.001064 -0.000360 -0.000360 -0.000911 -9999.000000 -9999.000000 -9999.000000 -9999.000000 -9999.000000 -9999.000000
-0.006659 -0.005822 -0.052161 -0.120579 -0.025992 -0.032959 -0.005429 -0.002537 -0.007226 -0.001163 0.003209 0.157720 0.091718 0.013558 0.001368 0.052064 0.084013 0.028666 0.032340 0.049471 0.050514 0.094230 0.022817 0.034085 0.078828 0.002118 -0.000138 -0.000130 -0.000360 -0.000360 0.000819 0.008544 0.010896 0.015290 0.089028 -0.203620 -0.000449 -0.000346 -0.012309 -0.000869 -0.000175 0.083724 0.653754 0.203864 -0.023930 -0.012018 -0.000367 0.000443 0.001532 -0.001612 -0.007501 -0.005196 0.001233 -9999.000000 -9999.000000 -9999.000000 -9999.000000 -9999.000000
-0.023635 -0.010589 -0.124222 -0.427224 -0.032608 -0.008937 -0.001712 -0.000120 -0.004747 -0.001901 0.003624 0.188088 0.021236 0.044924 0.005086 0.109382 0.035345 0.022224 0.017878 0.013868 0.039917 0.083736 0.013166 0.005277 0.034881 0.004750 -0.001004 -0.002312 -0.012633 -0.013707 -0.000197 0.000222 0.000136 0.007506 0.006395 -0.164188 -0.107239 -0.070162 -0.069506 0.215823 0.091320 0.181031 0.295570 0.197452 0.036405 0.000690 0.000426 0.000726 0.000335 -0.000514 -0.091053 -0.014188 -0.001688 -9999.000000 -9999.000000 -9999.000000 -9999.000000 -9999.000000
-0.044556 -0.187904 -0.072260 -0.933775 -0.002343 -0.000872 0.000555 0.000396 -0.002798 -0.000595 0.005944 0.034301 0.032265 0.094977 0.023940 0.042735 0.031136 0.017623 0.011934 0.011324 0.030987 0.027104 0.004208 0.000232 0.000003 -0.004103 -0.006962 -0.004153 -0.045945 -0.029854 -0.000260 -0.000222 -0.000105 0.000086 0.000255 0.000219 -0.088840 -0.222488 -0.476795 0.776339 0.132434 0.236389 0.018245 0.019397 0.016833 0.027076 0.000321 0.000166 0.000158 0.000222 0.000005 -0.004859 -0.002578 0.000296 -9999.000000 -9999.000000 -9999.000000 -9999.000000
-0.302139 -0.198252 -0.155632 -0.233309 -0.000000 -0.000013 -0.000401 -0.000330 -0.003000 -0.000163 0.000150 0.023903 0.004989 0.034532 0.012715 0.015238 0.020162 0.007155 0.000765 0.010488 0.001106 0.000448 0.000018 -0.000100 -0.006479 -0.061997 -0.101356 -0.050066 -0.144894 -0.008971 -0.009164 -0.008447 -0.013523 -0.000867 -0.000064 0.000033 -0.018742 0.165738 -0.028798 0.546393 0.015759 0.020488 0.000332 0.000263 0.000767 0.009987 0.000218 -0.000025 -0.000300 -0.000222 -0.000446 -0.006477 -0.038212 -0.003402 -9999.000000 -9999.000000 -9999.000000 -9999.000000
0.000036 -0.180708 -0.166642 -0.187921 -0.008529 -0.016495 -0.005041 -0.012444 -0.024424 -0.022499 -0.001599 -0.009767 0.002789 0.010861 0.000499 0.000347 0.000107 -0.000001 -0.000090 0.000000 -0.000791 -0.000591 -0.007386 -0.006261 -0.022789 -0.144315 -0.187973 -0.040480 -0.000162 -0.005736 -0.007230 -0.029762 -0.035854 -0.000795 -0.000503 -0.000184 -0.003795 0.264008 0.001006 0.020735 0.000809 0.000062 -0.000306 -0.000090 -0.000307 -0.000044 -0.000558 -0.000367 -0.001309 -0.013401 -0.001308 -0.003240 -0.069561 -0.019281 -9999.000000 -9999.000000 -9999.000000 -9999.000000
-0.013645 -0.279346 -0.314388 -0.273560 -0.019233 -0.020090 -0.012942 -0.045468 -0.053592 -0.077404 -0.058129 -0.010079 0.002580 0.003283 -0.000456 -0.000315 -0.000243 -0.009583 -0.007952 -0.014340 -0.013359 -0.008653 -0.018586 -0.022640 -0.046644 -0.459532 -0.159054 -0.005071 -0.000821 -0.002884 -0.015917 -0.120133 -0.029847 -0.017507 -0.013192 -0.001325 -0.001850 0.279990 -0.000193 0.000231 -0.000561 -0.001406 -0.089454 -0.000262 -0.000548 -0.011663 -0.002072 -0.013930 -0.015660 -0.030968 -0.011685 -0.015484 -0.072614 -0.045527 -0.004718 -9999.000000 -9999.000000 -9999.000000
-0.032237 -0.392373 -0.496820 -0.334655 -0.015027 -0.737742 -0.614912 -0.016858 -0.369963 -0.056221 0.046699 0.015583 0.006584 0.003495 0.022581 0.179023 0.037492 -0.020440 -0.017554 -0.030863 -0.025121 -0.019061 -0.025835 -0.259881 -0.323436 -0.332770 0.029154 0.006997 0.006402 0.013650 -0.090898 -0.037499 -0.060568 -0.140706 -0.081604 -0.025039 -0.293302 0.360153 -0.000569 -0.000508 -0.001153 -0.032637 -0.467227 -0.028910 -0.010888 -0.029931 -0.014801 -0.034986 -0.014477 -0.048458 -0.031447 -0.024061 -0.074540 -0.038805 0.053433 -9999.000000 -9999.000000 -9999.000000
-0.044893 -0.856559 -0.485430 -0.184602 -0.705284 -0.908793 -0.317486 0.174956 0.294437 0.162495 0.339132 0.084111 0.012013 0.041518 0.040821 0.008068 0.049549 -0.104362 -0.029673 -0.006776 -0.006057 -0.036311 -0.002611 0.133379 -0.162381 -0.362324 0.062061 0.072117 0.041133 0.072729 0.073287 0.073640 -0.013576 -0.043822 0.023472 -0.191532 -0.184630 0.532538 0.541398 0.102444 0.106344 -0.011712 0.128216 -0.944408 0.005663 -0.019892 -0.124360 -0.010119 -0.023255 -0.072527 -0.051048 -0.028066 -0.039033 0.022440 0.130799 -9999.000000 -9999.000000 -9999.000000
-0.109945 -0.570773 -0.305661 -0.266274 0.156712 0.424066 0.029011 0.038957 0.075387 0.139706 0.126861 0.106252 0.061199 0.032354 0.027844 0.011847 0.001304 0.089476 -0.127488 -0.013865 -0.013787 -0.055485 -0.004172 0.210199 -0.114882 -0.885495 0.002777 0.018264 0.007160 0.009860 0.009874 0.007223 -0.003835 -0.001247 0.335422 -0.104541 0.090142 0.458686 0.043657 0.011114 0.017339 0.061535 0.902567 0.079030 0.043807 -0.003130 0.000200 0.000222 -0.018994 -0.299673 -0.002477 -0.352476 0.048561 0.078395 0.118022 -9999.000000 -9999.000000 -9999.000000
0.099268 -0.735974 -0.465076 -0.378786 0.013622 0.023067 0.012442 0.006295 0.022090 0.102389 0.125439 0.038762 0.070771 0.028556 0.025680 0.005206 0.000779 0.009251 -0.049284 -0.092192 -0.039938 -0.130008 -0.008839 0.118227 -0.122421 -0.182403 0.009175 0.006094 0.000000 0.000000 0.000000 0.000000 0.000000 0.076931 0.563048 -0.195409 0.061443 0.020673 0.014817 0.005578 0.014583 0.008786 0.069013 0.025735 0.022740 -0.000023 -0.000523 -0.000222 -0.001688 0.565028 0.285747 0.013863 0.063200 0.001000 0.011893 -9999.000000 -9999.000000 -9999.000000
0.055182 -0.219228 -0.056421 0.228842 0.015369 0.023412 0.000014 0.000624 0.007541 0.087664 0.068283 0.028585 0.041035 0.024316 0.021230 0.001052 0.000028 0.000265 -0.010124 -0.146250 -0.297210 -0.035202 0.003712 0.055419 -0.201153 -0.077467 0.016354 0.022669 0.035032 0.026276 0.004785 0.030820 0.139986 0.123447 0.785917 -0.242808 0.038614 0.002008 0.000439 0.001073 0.000439 0.002724 0.000352 0.016218 0.001906 -0.050414 0.009270 -0.003946 0.367387 0.572874 0.559216 0.392993 0.012072 0.002236 0.001611 -9999.000000 -9999.000000 -9999.000000
0.106002 0.054863 0.102262 0.053391 0.023513 0.012445 0.000170 0.000940 0.021136 0.040542 0.010335 0.016722 0.011133 0.015740 0.015898 0.001168 -0.010927 -0.000294 -0.000011 -0.034615 -0.140294 -0.000974 0.000254 0.059500 -0.281571 -0.124303 0.056282 0.059868 0.103699 0.046839 0.015926 0.010501 0.057324 0.033784 0.276192 0.037926 0.039049 0.007229 -0.000347 -0.000743 -0.000347 -0.002498 -0.000169 0.000422 0.000837 0.048023 0.093282 0.066450 0.216797 0.134926 0.008672 0.021092 0.091633 0.004348 0.002559 -9999.000000 -9999.000000 -9999.000000
0.072002 0.154567 0.068727 0.046589 0.017522 0.002237 0.001186 0.000674 0.001228 0.000546 0.000172 0.000066 0.000160 0.000340 0.007457 0.000425 -0.043434 -0.004741 0.000793 0.029794 -0.052854 -0.011421 -0.021281 -0.001350 -0.269700 -0.084322 0.008467 0.011136 0.024282 0.029783 0.035832 0.000222 0.031136 0.018795 0.171302 0.025146 0.031695 0.038689 0.000304 -0.000904 -0.011497 -0.044510 -0.076908 -0.000269 0.001332 0.031255 0.033344 0.047113 0.053057 0.018420 0.004586 0.012559 0.006552 0.003121 0.000406 -9999.000000 -9999.000000 -9999.000000
0.373578 0.100963 0.028470 0.035537 0.004218 0.005877 0.004600 -0.000828 -0.001053 -0.000422 0.000004 -0.000064 -0.000137 -0.000000 0.000197 0.000235 -0.031073 -0.028998 0.005828 0.094296 0.022730 -0.010461 -0.029668 -0.009223 -0.358692 0.000067 0.000407 0.000495 0.001191 0.044513 0.046482 -0.000222 0.056414 0.037369 0.083485 0.017292 0.013011 0.012026 0.027083 0.000683 -0.338806 -0.039461 -0.152873 -0.006451 0.000492 0.008191 0.014495 0.020408 0.031879 0.009571 0.023761 0.001714 0.000259 0.000127 -0.000825 -9999.000000 -9999.000000 -9999.000000
0.038579 0.034011 0.003980 0.006815 0.022145 0.008274 0.016157 -0.000947 -0.037440 -0.043818 -0.001667 -0.013236 -0.007584 -0.000340 -0.000061 0.000128 -0.001898 -0.119201 -0.003755 0.171360 0.132818 0.079699 -0.120685 -0.169375 -0.350437 0.001041 0.001043 -0.000176 0.002168 0.079794 0.086459 0.031175 0.475927 0.309759 0.011537 0.008530 0.000744 0.005450 0.006473 -0.000010 -0.078567 0.232227 0.084609 -0.013583 -0.000264 0.000023 0.000478 0.000730 0.008918 0.007433 0.009243 0.000086 -0.000121 -0.000146 -9999.000000 -9999.000000 -9999.000000 -9999.000000
0.001757 0.001328 0.003187 0.014141 0.079281 0.018815 0.014832 -0.024399 0.044072 0.047429 -0.000611 -0.014969 -0.019094 -0.006948 -0.000846 0.000032 0.002464 0.011109 0.020145 0.055126 0.031444 0.012905 -0.103031 -0.150847 -0.279702 0.000244 0.001688 0.018585 0.001908 0.004722 0.007613 0.082884 0.118950 0.053203 0.000739 -0.000010 -0.000250 0.000000 0.000059 0.000045 0.030167 0.188412 0.091993 0.150794 0.005531 -0.005038 -0.000129 -0.000080 0.000000 0.000000 0.000000 -0.000412 -0.000910 -9999.000000 -9999.000000 -9999.000000 -9999.000000 -9999.000000
0.001021 -0.001367 0.001616 0.038749 0.081896 0.061513 0.059507 -0.042163 0.017162 0.038287 0.002308 -0.000649 -0.003215 -0.014760 -0.002045 -0.000213 0.003193 0.040057 0.008178 0.001922 0.000587 0.000029 -0.089924 -0.283759 -0.064347 -0.001156 0.000627 0.011930 0.004050 0.000657 0.000887 0.019363 0.008833 0.006046 -0.000743 -0.007478 -0.012077 -0.013133 -0.000744 -0.000079 0.158880 0.293041 0.228277 0.166349 0.022444 0.014410 0.001326 -0.008307 -0.005878 -0.005878 -0.001821 -9999.000000 -9999.000000 -9999.000000 -9999.000000 -9999.000000 -9999.000000 -9999.000000
-0.002941 -0.002075 0.000229 0.024484 0.032321 0.010520 0.008521 0.000488 0.000019 0.000389 -0.000007 -0.000196 -0.003518 -0.032093 -0.001038 -0.000463 0.028117 0.016895 0.001963 -0.001043 -0.000758 -0.010409 -0.224715 -0.363921 0.403153 -0.000671 0.000113 -0.000000 -0.000012 -0.000305 -0.000284 -0.000012 0.012348 0.005114 -0.002064 -0.271413 -0.051952 -0.212020 -0.018779 0.124421 0.357590 0.615665 0.044356 0.058754 0.070676 0.039725 -0.004261 -0.103194 -0.007948 -0.007948 -9999.000000 -9999.000000 -9999.000000 -9999.000000 -9999.000000 -9999.000000 -9999.000000 -9999.000000
1.542038 0.002123 0.002044 0.011126 0.018140 0.007008 0.000570 -0.000058 -0.024037 -0.001291 -0.014667 -0.019995 -0.026288 -0.055723 -0.007664 -0.001136 0.014028 0.000673 -0.001567 -0.001383 -0.024656 -0.045723 -0.081534 -0.284672 0.525118 0.289045 -0.000620 -0.011516 -0.021661 -0.009470 -0.000814 -0.003940 0.011088 0.004678 0.218579 -0.010925 0.082855 -0.038243 0.001601 0.050112 0.258056 0.012946 0.011801 0.040597 0.021786 0.013235 0.000321 0.000008 -9999.000000 -9999.000000 -9999.000000 -9999.000000 -9999.000000 -9999.000000 -9999.000000 -9999.000000 -9999.000000 -9999.000000
0.193040 0.019801 0.018739 0.018335 0.006923 0.000536 0.000299 -0.000319 -0.056312 -0.066111 -0.023228 -0.039975 -0.058519 -0.056930 -0.014692 -0.008824 -0.000300 -0.006825 -0.000599 -0.000672 -0.040711 -0.111465 0.089527 -0.252519 0.547265 0.172927 0.071100 -0.011899 -0.083847 -0.041365 0.000041 0.001383 0.016136 0.006074 0.016115 0.115462 0.115336 0.001015 0.001366 0.000494 0.053075 0.001364 0.002392 0.024214 0.002773 0.007631 -9999.000000 -9999.000000 -9999.000000 -9999.000000 -9999.000000 -9999.000000 -9999.000000 -9999.000000 -9999.000000 -9999.000000 -9999.000000 -9999.000000
0.024583 0.023165 0.027476 0.006814 -0.000015 -0.000442 -0.000548 0.000179 -0.006729 -0.202958 -0.028991 -0.057180 -0.091458 -0.015285 -0.029456 -0.018135 -0.009199 -0.016760 -0.000014 0.003643 0.062429 -0.055706 0.194156 -0.063285 0.085511 0.098279 0.096763 0.164844 -0.073277 -0.034130 0.001734 0.007855 0.020841 0.000394 0.000569 0.001057 0.090315 0.000903 -0.000329 -0.000312 0.000074 0.000868 0.000450 0.001320 0.004048 0.000346 -9999.000000 -9999.000000 -9999.000000 -9999.000000 -9999.000000 -9999.000000 -9999.000000 -9999.000000 -9999.000000 -9999.000000 -9999.000000 -9999.000000
0.112181 0.012736 0.027265 -0.000168 -0.010099 -0.011788 -0.007989 0.000318 0.015176 -0.228065 -0.230053 -0.056460 -0.109776 -0.018128 -0.037810 -0.022198 -0.019153 -0.000264 0.008878 0.040748 0.157191 -0.098153 0.011036 0.000900 0.002249 0.000360 0.000360 0.181104 0.036568 -0.003503 0.002131 0.009788 0.026249 -0.000331 -0.000247 0.003861 0.131405 0.001317 -0.001159 -0.010598 -0.097050 -0.000079 0.000118 0.000277 0.000180 -0.000180 -9999.000000 -9999.000000 -9999.000000 -9999.000000 -9999.000000 -9999.000000 -9999.000000 -9999.000000 -9999.000000 -9999.000000 -9999.000000 -9999.000000
0.095388 0.006797 0.013972 -0.000421 -0.046005 -0.041051 -0.034148 0.000215 0.011280 -0.113227 -0.165804 -0.167293 -0.104333 -0.139466 -0.150688 -0.214209 -0.003724 0.011728 0.063290 0.068187 0.034167 -0.020543 -0.000017 -0.000351 -0.000509 -0.000360 -0.000360 0.127377 0.100921 -0.000133 0.000212 0.007254 0.238500 0.008240 -0.000554 0.027157 0.031709 0.002277 -0.001509 -0.031247 -0.588420 0.000045 0.000407 -0.000063 -0.000346 -9999.000000 -9999.000000 -9999.000000 -9999.000000 -9999.000000 -9999.000000 -9999.000000 -9999.000000 -9999.000000 -9999.000000 -9999.000000 -9999.000000 -9999.000000
