use_cases/Flooding_chicago/flooding_data/output/hUy_1020.asc
ncols 337
nrows 393
xllcorner 428428.000000
yllcorner 4602440.000000
cellsize 26.757400
NODATA_value -9999.000000
[rows 104 to 129 of 393, columns 116 to 173 of 337]
-9999.000000 -9999.000000 -9999.000000 -9999.000000 -9999.000000 -9999.000000 -9999.000000 -9999.000000 -9999.000000 -9999.000000 -9999.000000 -9999.000000 -9999.000000 -9999.000000 0.000000 0.000000 0.007987 0.004335 0.015074 0.001404 0.002569 0.268249 0.393330 0.028380 0.034832 0.007440 0.002699 0.014424 0.002378 0.003836 -0.051038 -0.021557 0.070014 0.331056 -0.013326 -0.532193 0.000273 0.000003 0.000208 0.000424 0.000268 0.000025 0.000001 0.000000 0.000000 0.000000 0.008731 0.031438 0.170027 0.517538 1.694727 -0.530532 0.314877 0.018263 0.008779 0.009314 0.429408 0.301023
-9999.000000 -9999.000000 -9999.000000 -9999.000000 -9999.000000 -9999.000000 -9999.000000 -9999.000000 -9999.000000 -9999.000000 -9999.000000 -9999.000000 -9999.000000 -9999.000000 -9999.000000 -0.008006 0.000000 0.000000 0.000000 -0.000111 0.005185 0.026348 0.092736 0.026421 0.001875 0.006894 0.001071 0.000609 0.000478 0.029916 -0.172154 0.037311 0.016679 0.053788 -0.013234 0.001443 -0.000138 -0.008851 -0.000326 -0.000007 -0.000305 -0.002781 -0.018529 -0.015312 -0.005934 0.040391 0.069623 0.152331 0.133375 0.197769 1.797935 0.174661 0.234399 0.003839 0.002473 0.001549 0.146183 0.166789
-9999.000000 -9999.000000 -9999.000000 -9999.000000 -9999.000000 -9999.000000 -9999.000000 -9999.000000 -9999.000000 -9999.000000 -9999.000000 -9999.000000 -9999.000000 -9999.000000 -0.001339 -0.013672 -0.007894 -0.013542 -0.004290 -0.001560 0.000836 0.001951 0.002017 0.000965 0.002272 0.000135 -0.002617 -0.000825 0.000089 0.010363 -0.036788 0.034194 0.067946 -0.006420 -0.016156 -0.001677 -0.005648 -0.022560 -0.004608 -0.000902 -0.000173 -0.001188 -0.024837 -0.067752 -0.063249 0.067256 0.077663 0.058991 0.075050 0.111974 0.260536 0.253495 0.295379 0.026745 0.006786 0.002532 0.165164 0.227014
-9999.000000 -9999.000000 -9999.000000 -9999.000000 -9999.000000 -9999.000000 -9999.000000 -9999.000000 -9999.000000 -9999.000000 -9999.000000 -9999.000000 -9999.000000 -0.000070 -0.000689 -0.024491 -0.019055 -0.067493 -0.040044 -0.005527 -0.003210 -0.001968 -0.000546 -0.000111 -0.000400 -0.000466 -0.044363 -0.000932 -0.000453 0.000066 0.056842 0.088163 0.000438 -0.012700 -0.013145 -0.008023 -0.041387 -0.025692 -0.011499 -0.001555 -0.000491 -0.001795 -0.001278 -0.008194 -0.015597 0.035376 0.027946 0.009636 0.012858 0.131585 0.105243 0.112958 0.204517 0.034408 0.025680 0.004228 0.065750 0.466048
-9999.000000 -9999.000000 -9999.000000 -9999.000000 -9999.000000 -9999.000000 -9999.000000 -9999.000000 -9999.000000 -9999.000000 -9999.000000 -9999.000000 0.000326 -0.022480 -0.001964 -0.006497 -0.061269 -0.027505 -0.016151 -0.005555 -0.045219 -0.002465 -0.002304 -0.001053 -0.000765 -0.000378 -0.112869 -0.007473 -0.001291 -0.000233 -0.000011 0.000015 -0.000097 -0.003410 -0.053292 -0.003563 -0.071395 -0.063754 -0.011608 -0.010994 -0.026818 -0.004729 -0.000124 0.000484 -0.021310 0.000000 0.000205 0.000107 0.002423 0.057258 0.196234 0.241609 0.023003 0.035910 0.022141 0.006674 0.053670 0.573227
-9999.000000 -9999.000000 -9999.000000 -9999.000000 -9999.000000 -9999.000000 -9999.000000 -9999.000000 -9999.000000 0.000421 0.001034 -0.000003 -0.000208 -0.021257 -0.001455 -0.002394 -0.024479 -0.016400 -0.010458 -0.003846 -0.020889 -0.075754 -0.006647 -0.022476 -0.014354 -0.036064 -0.045864 -0.037397 -0.017404 -0.051744 -0.050131 -0.000707 -0.007078 0.042663 -0.219102 -0.019927 -0.029670 -0.026610 -0.025339 -0.060863 -0.062745 -0.002773 -0.000844 0.000857 -0.013918 -0.026077 -0.001980 -0.000202 0.013915 0.081375 0.127198 0.094550 0.015584 0.030742 0.018617 0.037371 0.024900 1.406455
-9999.000000 -9999.000000 -9999.000000 -9999.000000 -9999.000000 -9999.000000 -9999.000000 -9999.000000 0.001049 -0.000424 -0.001201 -0.008203 -0.012744 -0.103158 -0.013160 -0.005777 -0.060338 -0.036023 -0.056334 -0.032453 -0.070452 -0.115892 -0.045829 -0.040837 -0.023137 -0.044642 -0.090294 -0.069531 -0.048785 -1.189228 -0.041139 0.560572 0.007859 0.136459 -0.151935 -0.153678 -0.012134 -0.014795 -0.006957 -0.060152 -0.132747 -0.015928 -0.008337 0.011954 0.717783 0.396270 0.158540 0.155770 0.058298 0.287182 0.010723 0.006779 0.004571 0.016509 0.010245 0.027593 0.023191 0.047992
-9999.000000 -9999.000000 -9999.000000 -9999.000000 0.000378 0.000352 0.000004 0.000119 -0.000576 -0.005358 -0.001070 -0.017279 -0.020274 -0.180816 -0.027812 -0.020989 -0.066159 -0.040970 -0.065945 -0.088309 -0.068345 -0.143655 -0.111690 -0.036093 -0.023449 0.008652 -0.230475 -0.108951 -0.232603 -1.053475 0.042227 0.897747 0.003946 0.007246 -0.088267 -0.086303 -0.095919 -0.004741 -0.014986 -0.083152 -0.211783 -0.091302 -0.009997 0.005906 0.009188 0.012943 0.004345 0.006675 0.015319 0.022308 0.001372 0.003021 0.000852 0.000129 0.000606 0.007904 0.016047 0.010946
-9999.000000 -9999.000000 0.001823 0.000600 -0.000246 -0.000160 -0.000246 -0.000303 -0.001380 -0.003355 -0.017259 -0.018649 -0.026452 -0.275876 -0.034084 -0.032079 -0.036084 -0.045776 -0.047611 -0.131496 -0.100071 -0.173151 -0.153986 -0.034259 -0.002838 0.000000 0.000000 -0.023018 -0.759421 -0.916265 -0.083268 0.761684 0.000222 0.000103 -0.024355 -0.149236 -0.243908 -0.007469 -0.018897 0.025049 -1.387345 -0.085877 -0.000419 0.000000 0.000000 0.000000 0.000000 0.000000 0.000000 0.000067 -0.000077 -0.002912 -0.001718 -0.000065 -0.000064 0.000000 0.000000 0.000000
0.000947 0.002217 0.004371 -0.003572 -0.022668 -0.010128 -0.000197 -0.008262 -0.011092 -0.016281 -0.043123 -0.032970 -0.020991 -0.123231 -0.155903 -0.035488 -0.021836 -0.045219 -0.063354 -0.145363 -0.096301 -0.370692 -0.311072 -0.034118 -0.010277 -0.004212 -0.007810 -0.033408 -0.070281 -0.511494 -0.141142 0.253970 -0.000222 -0.000103 -0.025229 -0.239691 -0.290130 -0.016345 -0.004843 0.010873 -0.283018 -0.211327 -0.004725 -0.007161 -0.005093 -0.003990 -0.018961 -0.028111 -0.005350 -0.000464 -0.009834 -0.033694 -0.046037 -0.009048 -0.021587 -0.008066 -0.008066 -0.012367
0.000000 -0.000383 -0.001888 -0.054254 -0.121053 -0.025751 -0.009001 -0.015780 -0.016051 -0.025811 -0.063971 -0.075239 -0.003991 -0.100713 -0.311200 -0.026405 -0.023011 -0.039815 -0.155663 -0.172924 -0.296357 -0.447622 -0.229658 -0.059086 -0.013937 -0.007710 -0.051736 -0.029729 -0.056125 -0.079214 -0.041009 -0.031485 -0.003946 -0.007246 -0.049004 -0.730693 -0.769811 -0.032942 -0.002106 0.000418 0.019598 -0.370628 -0.364361 -0.017395 -0.026476 -0.008280 -0.031216 -0.083147 -0.008845 -0.011104 -0.019156 -0.074613 -0.085483 -0.062846 -0.054179 -0.014572 -0.015702 -0.049135
-0.002259 -0.002689 -0.001837 -0.060456 -0.068244 -0.099552 -0.014994 -0.030847 -0.012644 -0.034553 -0.047621 -0.143365 -0.008345 -0.085344 -0.309139 -0.122492 -0.118592 -0.168390 -0.221491 -0.079285 -0.357485 -0.313639 -0.094116 -0.007438 -0.022571 -0.006645 -0.099388 -0.061020 -0.024855 -0.037885 -0.021332 -0.077719 -0.037841 -0.023122 0.046935 -0.443275 -0.510778 -0.282290 -0.001164 -0.000531 -0.000019 -0.000000 -0.216091 -0.501206 -0.825199 -0.009305 -0.034582 -0.154645 -0.016668 -0.016595 -0.025591 -0.399155 -0.438574 0.055455 -0.101140 -0.132778 -0.209502 -0.106314
-0.001427 -0.042426 -0.001042 -0.055320 -0.055567 -0.044189 -0.385900 -0.029961 -0.015935 -0.027923 -0.121443 -0.156676 -0.102057 -0.084157 -0.363452 -0.260236 -0.259677 -0.071868 -0.122570 -0.048126 -0.342816 -0.333831 0.104236 0.000616 -0.004385 -0.038135 -0.039361 -0.030561 -0.083374 -0.069006 -0.036344 -0.129976 -0.080392 -0.043715 0.133563 -0.354627 -0.300338 -0.278422 -0.005269 -0.011396 -0.014350 -0.026105 -0.083018 -0.333667 -0.000325 -0.011232 -0.629107 -0.138544 -0.604839 -0.021307 -0.027912 0.105151 0.226643 0.278685 0.068868 -0.173836 -0.114324 -0.055959
0.000340 -0.034926 -0.037721 -0.045994 -0.041862 -0.022626 -0.149440 -0.087552 -0.311897 -0.168066 -0.051247 -0.080118 -0.039555 -0.236127 -0.241997 -0.188462 -0.195710 -0.219281 -0.220338 -0.098070 -0.086683 -0.099610 -0.000058 -0.001058 0.000222 -0.006876 -0.029793 -0.074619 -0.149616 -0.097049 -0.045370 -0.221674 -0.127226 -0.012255 0.004302 -0.229665 -0.203059 -0.379681 -0.003557 -0.017527 -0.028899 -0.183768 -0.300730 -0.250202 -0.074134 -0.092742 0.165183 0.204884 -0.126593 -0.078575 -0.005150 0.253266 0.360563 0.014547 0.006580 -0.106907 -0.340548 -0.117654
0.000222 0.000103 -0.028967 -0.043947 -0.035436 -0.013259 -0.070474 -0.016579 -0.182684 -0.147351 0.000222 -0.037368 -0.102868 -0.177858 -0.195156 -0.158449 -0.118621 -0.488226 -0.431249 -0.072036 -0.113158 -0.045181 -0.028089 -0.000596 -0.000222 -0.001699 -0.043677 -0.149947 -0.172634 -0.116169 -0.065552 -0.582432 -0.024502 0.000835 0.008906 -0.100655 0.301558 -0.308043 -0.114575 -0.087499 -0.261631 -0.722321 -1.104406 -0.649602 -0.344775 -0.321345 0.530555 0.239031 0.329834 0.077361 0.354139 0.059473 0.000071 0.000000 0.000000 0.000000 -0.361047 -0.043639
-0.000222 -0.000103 -0.018291 -0.042320 -0.295275 -0.013129 -0.000845 -0.000060 -0.180149 -0.163630 -0.000222 -0.008874 -0.070730 -0.129496 -0.127491 -0.086723 -0.317183 -0.381708 -0.334218 -0.032900 -0.171245 -0.036712 -0.037844 -0.009030 -0.011959 -0.010311 -0.073616 -0.345236 -0.462160 -0.557152 0.171812 -0.084892 0.033750 0.009765 0.017275 0.038351 0.019381 -0.257891 -0.108311 -0.025114 0.032097 -0.388072 -0.611867 -0.859299 -0.388673 -0.284916 0.381542 0.258761 0.530510 0.032460 0.334876 0.029668 -0.000549 -0.006309 -0.009812 -0.203879 -0.249865 0.000748
-0.012187 -0.028871 -0.016894 -0.028960 -0.027354 -0.014057 -0.003239 -0.046796 -0.083509 -0.228194 -0.102724 -0.033124 -0.177983 -0.198483 -0.140598 -0.269727 -0.619547 -0.505558 -0.497213 -0.042329 -0.165465 -0.016790 -0.050228 -0.032421 -0.012171 -0.032696 -0.123154 -0.168804 -0.344913 -0.574886 0.057206 0.141356 0.127442 0.020623 0.021022 0.004235 0.002410 0.002633 -0.145851 -0.026842 -0.000421 -0.110731 -0.568585 -0.215513 -0.058107 -0.080561 0.016357 0.181576 0.582242 -0.032748 0.296362 0.074965 -0.002127 -0.014647 -0.722448 0.638676 -0.536993 -0.000632
-0.029499 -0.146759 -0.090507 -0.073053 -0.013297 -0.008643 -0.004390 -0.076921 -0.080559 -0.206487 -0.741324 -0.288478 -0.421783 -0.298275 -0.155681 -0.781110 -1.034538 -0.955551 -0.941192 -0.024594 -0.083090 -0.051478 -0.141654 -0.196735 -0.018032 -0.351467 0.028810 -0.071367 -0.266642 -0.679204 0.003042 0.039241 0.076894 0.034395 0.010258 0.009536 0.004461 0.007417 0.001548 -0.007556 0.001578 -0.051836 -0.496505 -0.118070 -0.038668 -0.195979 -0.066820 0.233435 0.505071 -0.033304 0.324663 0.000294 -0.001347 -0.021993 -0.664276 0.682570 -0.406120 0.137744
-0.086101 -0.080534 -0.085596 -0.000332 -0.005999 -0.003675 -0.002300 -0.012400 -0.126076 -0.110169 -0.013447 -0.140771 -0.621320 -1.148651 -0.576517 -0.490944 -0.633775 -0.611046 -0.459830 -0.035989 -0.040697 -0.044536 -0.074797 0.000039 -0.006411 -0.417263 0.036159 0.040967 0.016912 -0.648530 0.001213 0.012630 0.023981 0.020325 0.023334 0.011832 0.006722 0.035916 0.005174 0.002313 0.011554 0.027353 -0.342875 -0.027094 0.022074 -0.140155 -0.242212 0.331090 0.690638 -0.135970 0.248242 -0.000421 -0.000985 0.006124 -0.682405 0.864526 -0.449456 0.136048
-0.030580 -0.334401 -0.039667 -0.012327 -0.002152 -0.002144 -0.001189 -0.018744 -0.060911 -0.061689 -0.013486 -0.001260 -0.299117 -1.482509 -0.523931 -0.521907 -0.547006 -0.616652 -0.260910 -0.023303 -0.058227 -0.029963 -0.050281 -0.000832 -0.003949 -0.751521 -0.008497 0.059719 0.556076 -0.231405 0.000272 0.000933 0.001099 0.032611 0.053937 0.012274 0.008118 0.015927 0.035459 0.033528 0.084085 0.254639 0.083288 0.278203 0.178766 0.068127 -0.244707 0.391853 0.810181 -0.309447 0.117257 -0.101869 -0.000835 0.028192 -0.291439 0.847613 -0.906133 0.626321
-0.062570 -0.306137 -0.241532 -0.008734 -0.005152 -0.002624 -0.001082 -0.007052 -0.081201 -0.175069 -0.079741 -0.001326 0.000332 -1.435797 -1.297991 -0.654271 -0.492514 -0.705948 -0.188576 -0.010826 -0.029374 -0.015867 -0.033653 -0.001028 -0.001711 -0.994597 -0.000060 0.000940 0.125326 0.072314 0.000997 0.000808 0.001577 0.033553 0.006518 0.002085 0.001122 0.000456 0.020791 0.068236 0.064969 0.093595 0.104418 0.776845 0.060352 0.041151 0.335670 0.906687 1.088472 -0.156825 0.389293 -0.003347 0.172907 0.070107 0.857706 1.849923 -0.714956 0.919664
-0.040466 -0.316951 -0.275922 -0.003760 -0.004075 -0.001769 -0.001510 -0.001646 -0.025763 -0.406512 -0.038238 -0.025716 -0.002319 -0.845461 -1.487348 -0.823523 -0.438344 -0.868493 0.000111 -0.000072 -0.001149 -0.012873 -0.031200 -0.111972 -0.228892 -0.730139 -0.000121 0.000659 0.002354 0.000905 0.000134 -0.000297 0.000134 0.001065 0.000000 0.000046 -0.000560 -0.000348 0.010045 0.065715 0.050276 0.056380 0.062259 0.089373 0.075065 0.029269 0.003875 0.411006 0.444151 0.017984 0.023759 0.045330 0.023931 0.135276 0.033650 0.077932 0.107450 0.013543
0.000106 -0.412566 -0.428055 -0.158001 -0.003731 -0.001614 -0.001231 -0.013787 -0.024726 -0.577802 -0.061239 -0.168500 -0.223759 -0.706912 -0.778874 -0.810638 0.000000 -0.830050 -0.001554 -0.017450 -0.002115 -0.006911 -0.237507 -0.453385 -0.363377 -0.345609 -0.000546 -0.000680 -0.000915 -0.000265 -0.000234 -0.000973 -0.001781 -0.001438 -0.010397 -0.001835 -0.005309 -0.006672 0.023245 0.023167 0.023889 0.014005 0.047947 0.044990 0.030324 0.005007 0.002488 0.420261 0.430130 0.001121 0.004001 0.032876 0.030123 0.041765 0.045222 0.026032 0.060324 0.000000
-0.064382 -0.303642 -0.365062 -0.241949 -0.003870 -0.001517 -0.010953 -0.017912 -0.107001 -0.394906 -0.592404 -0.277780 -0.442624 -0.923162 -1.110581 -0.423241 -0.089598 -0.954361 -0.491496 -0.594254 -0.130141 -0.197878 -0.597163 -0.425710 -0.157269 -0.164754 -0.002672 -0.025145 -0.002515 -0.003077 -0.017821 -0.005240 -0.048480 -0.016477 -0.030576 -0.001032 -0.002168 -0.012727 0.017390 0.025327 0.040118 0.044539 0.030683 0.033105 0.001391 0.001621 0.001667 0.488399 0.489793 0.000881 0.003416 0.002059 0.025219 0.021000 0.011531 0.022553 0.052929 -0.012647
-0.028790 -0.104376 -0.154301 -0.262333 -0.149572 -0.073917 -0.092528 -0.005982 -0.017664 -0.262985 -0.551216 -0.164305 -0.278582 -1.676300 -1.703644 -0.325578 -0.356962 -1.374237 -0.274089 -0.080342 0.006232 -0.911833 -0.983466 -0.188084 0.000000 0.000000 -0.026280 -0.047082 -0.020583 -0.024314 -0.048762 -0.023188 -0.077716 -0.026933 -0.004695 -0.000645 0.000158 -0.024028 0.012571 0.019374 0.083792 0.013317 0.007957 0.008528 0.001930 0.001011 0.001073 0.198783 0.192267 -0.000004 0.003305 0.004543 0.002589 0.003289 0.002391 0.018193 0.033787 0.018195
-0.014416 -0.091387 -0.000467 -0.196696 -0.150497 -0.175016 -0.205233 -0.174700 -0.036765 -0.369358 -0.351934 -0.115014 -0.419343 -1.669718 -1.437062 -0.016851 0.057235 -0.860414 -0.214210 0.135601 -0.004721 -0.559890 -0.074120 -0.055060 -0.000636 -0.003663 -0.059875 -0.076296 -0.062207 -0.087776 -0.126417 -0.071158 -0.077966 -0.031665 -0.008891 -0.008100 -0.000359 -0.031960 0.000729 0.001802 0.015071 0.006355 0.000588 0.000125 0.000316 0.000044 0.000992 0.213504 0.209984 0.156028 0.025741 0.049862 0.023485 0.023966 0.008300 0.006611 0.034455 0.039913
