use_cases/Flooding_chicago/flooding_data/output/hUy_3000.asc
ncols 337
nrows 393
xllcorner 428428.000000
yllcorner 4602440.000000
cellsize 26.757400
NODATA_value -9999.000000
[rows 260 to 285 of 393, columns 58 to 115 of 337]
0.714912 0.411789 0.458974 0.006764 0.018860 0.056406 0.431450 0.286957 1.276642 1.131103 0.035157 0.018027 0.010610 0.010035 0.772951 0.507910 0.007516 0.000135 -0.000484 -0.050651 -0.008872 -0.005770 -0.000519 0.000004 0.005272 0.028896 -0.004132 -0.011780 0.135086 -0.098471 0.342149 0.460410 2.009573 3.372689 3.126715 1.925761 1.857791 1.396060 1.530544 1.412452 1.392742 1.362695 1.121310 1.155715 0.820684 0.899491 0.156666 -0.012288 0.231355 0.334641 0.167344 0.004539 0.337413 0.532229 0.308239 0.055986 0.069748 0.086408
0.122029 0.037373 0.029515 0.013660 0.015085 0.028366 0.266576 0.051505 0.078036 0.082192 0.016537 0.005982 0.000326 0.000229 0.406079 0.444329 0.000051 -0.001455 -0.021373 -0.019841 -0.036351 -0.021654 -0.011860 -0.000689 0.000080 0.006975 -0.002730 0.000392 0.393122 0.093109 0.307283 0.668004 2.146481 3.254551 2.077193 1.765602 1.744109 0.816451 0.842562 0.814951 0.753682 1.296441 1.107606 1.150067 1.270204 0.863608 0.535967 -0.153742 0.390800 0.316195 0.241633 0.001008 0.290894 0.428317 0.204646 0.005502 0.012424 -0.010627
0.183741 0.070883 0.050753 0.052174 0.034796 0.068067 0.111236 0.035219 0.019553 0.033144 0.005331 -0.000003 -0.000208 -0.000107 0.466816 0.551132 -0.001233 -0.016048 -0.050043 -0.005944 -0.055918 -0.029122 -0.054937 -0.005691 -0.000381 0.000121 -0.000858 0.322011 0.752907 0.166594 0.332428 1.125967 2.908429 3.165144 1.908299 1.363179 1.337119 0.345778 0.770325 0.764821 0.635935 1.101551 1.046584 1.115982 1.379640 0.878743 0.570010 0.171029 0.494561 0.419897 0.265375 -0.032703 0.290879 0.385702 0.204556 -0.000767 0.059082 -0.022399
0.094350 0.135603 0.118479 0.031826 0.088412 0.133159 0.085894 0.017939 0.035885 0.008680 0.014512 0.014826 0.002714 -0.031287 0.488872 0.891621 0.089766 -0.082699 -0.096956 0.016743 -0.062946 -0.055092 -0.101323 -0.103732 -0.038957 -0.003000 -0.020865 1.054281 0.805716 0.248018 1.119045 1.717406 2.986348 3.159453 1.949408 0.446082 0.495118 0.002084 0.399190 0.767872 0.538451 1.011639 1.093204 1.180054 1.497394 1.234482 0.787127 0.266508 0.610646 0.747163 0.412379 0.157893 0.664528 0.408138 0.132444 0.001394 0.091584 0.038313
0.178341 0.256961 0.009203 0.007457 0.009316 0.020701 0.197521 0.035686 0.048248 0.030057 0.014042 0.029685 0.011012 0.050285 0.351652 0.900112 0.256731 -0.023115 0.073872 0.074990 0.074619 0.102407 -0.011883 -0.186952 -0.107624 -0.022445 0.105030 1.708208 0.909885 0.480382 1.290805 1.842372 2.771036 2.916216 1.305015 0.355765 0.519823 -0.000154 0.005490 0.601216 0.607228 0.939400 0.846475 0.835650 1.402130 1.498954 0.769981 0.464121 0.734531 0.886497 0.444164 0.318622 0.404445 0.534645 0.177709 0.125599 0.178190 0.193754
0.110152 0.328789 0.000111 0.000219 0.000977 0.009271 0.091754 0.065516 0.094193 0.007823 0.005030 0.076442 0.040072 0.283683 0.411900 0.857250 0.072339 0.004578 0.008197 0.004669 0.011896 0.012153 -0.008075 -0.091459 -0.137768 0.025958 0.648201 2.072056 1.134589 0.426010 1.530787 1.602873 1.766905 1.834702 0.434122 0.344546 0.540118 0.640637 0.002215 0.015137 0.015825 0.490367 1.001889 0.868124 1.321892 1.508808 1.313025 0.495747 0.617845 0.762182 0.651573 0.412609 0.492674 0.428627 0.240220 0.002226 0.002852 0.003351
0.010913 0.435204 -0.000089 -0.000031 0.001899 0.003137 0.020896 0.141114 0.034735 0.001110 0.010022 0.016002 0.105918 0.115057 0.229435 0.163582 0.026825 0.012802 0.000190 0.000077 0.000000 0.004467 0.000156 0.049548 -0.086929 0.717945 0.667907 0.939366 1.024401 0.377240 1.909079 2.188721 1.686988 1.775689 0.001906 0.004803 0.511634 0.853529 0.003678 0.000000 0.000000 0.530273 0.574528 0.408306 1.058137 1.336579 1.497215 0.581093 0.610213 0.736015 0.751768 0.812815 0.883434 0.924176 0.397636 0.001163 -0.001846 -0.001103
0.010005 0.394381 0.198877 0.000578 0.002275 0.006603 0.010865 0.037421 0.030232 0.001837 0.004422 0.003426 0.038567 0.003426 0.300716 0.026907 0.053773 0.029676 -0.000036 -0.000542 -0.007444 -0.000259 -0.000108 0.251968 0.267145 0.456547 0.024492 0.577449 0.754051 0.236286 2.053207 2.040883 2.068798 2.326667 0.173948 0.011495 0.017484 1.030366 0.015648 -0.003098 -0.017775 0.581280 0.530235 0.350514 0.403910 0.809897 0.908147 0.577045 0.513674 0.788767 0.823594 1.019365 1.195537 1.595891 0.797832 -0.079018 -0.149888 -0.090221
0.010386 0.078258 0.189709 0.003485 0.001641 0.006848 0.001323 0.000992 0.000460 0.000018 0.003794 0.004918 0.012744 0.002478 0.283617 0.049229 0.068362 0.051916 -0.000442 -0.005361 -0.016929 -0.008579 0.137973 0.473309 0.428247 0.016597 0.018565 0.049353 0.530683 0.086171 1.863241 2.097311 2.011573 2.244587 0.571856 0.015083 0.037851 0.955537 0.196914 -0.001631 0.226857 0.606971 0.506255 0.020225 0.366220 0.294515 0.795784 0.592818 0.197989 0.550607 0.600288 1.139960 1.132104 1.800216 0.739262 0.126515 -0.002706 0.107657
0.047557 0.006265 0.149472 0.002944 0.000421 0.000803 0.000851 -0.000651 -0.000562 -0.026273 -0.003797 0.000360 0.000360 0.001138 0.077424 0.060425 0.143762 0.162368 -0.094006 -0.008368 -0.026481 -0.031609 0.344047 0.421013 0.200806 0.012493 0.017299 0.034364 0.035254 -0.279595 1.770963 2.151721 1.450094 2.255602 0.907717 0.224351 0.522380 0.965382 0.333101 0.067210 0.298645 0.674407 0.047136 0.064221 0.042075 0.245437 0.737953 0.495586 0.023447 0.441225 0.515642 1.128224 1.520227 1.852407 0.779047 0.196931 0.032813 0.157925
0.045602 0.016345 0.057361 0.009426 0.001655 0.000464 -0.000581 -0.007000 -0.015283 -0.258189 -0.001680 -0.000360 -0.000360 0.002905 0.002296 0.038758 0.144820 0.168650 0.010187 -0.111152 0.000222 0.006959 0.430102 0.223133 0.012385 0.005903 0.012681 0.020021 0.019575 -0.340798 1.590502 2.067798 1.288905 2.024504 1.451484 0.272569 0.673475 1.130790 0.565661 0.059133 0.356106 0.045072 0.105945 0.109304 0.077761 0.304872 0.654769 0.459529 -0.148729 0.322034 0.377632 1.089733 1.725716 2.373529 0.870394 0.281772 0.055529 0.225508
0.014164 0.005203 0.004683 0.004306 0.003446 -0.000153 -0.000498 -0.002546 -0.031779 -0.253985 -0.007673 -0.001921 -0.004446 -0.001975 0.000387 0.021690 0.119953 0.119601 0.006998 -0.040684 -0.000222 0.000134 0.412987 0.007841 0.000510 0.001524 0.000816 0.007045 0.022531 -0.215436 1.146773 1.868715 1.440999 1.761670 1.681287 0.580338 0.922936 1.338999 0.793321 0.082902 0.011767 0.000000 0.158663 0.153296 0.123959 0.108903 0.105586 0.055065 -0.161494 0.485485 0.482538 1.384073 1.962589 2.183817 1.162521 0.482422 0.152345 0.337903
0.000222 0.003258 0.000467 -0.001069 -0.004178 -0.000740 -0.000829 -0.000890 -0.056556 -0.227335 -0.007267 -0.001561 -0.004580 -0.003984 -0.002908 0.059746 0.120654 0.089601 0.006365 -0.026583 -0.002820 0.031679 0.407495 0.024627 -0.000275 0.000471 0.000035 0.000190 0.011330 0.008066 0.056492 1.325379 1.333542 1.812216 1.753519 1.692029 1.784630 2.788448 1.108750 0.065322 0.000361 0.096588 0.164508 0.171126 0.125270 0.125337 0.128235 0.000747 0.000998 0.058844 0.111253 0.965041 1.165754 2.704617 0.924642 0.451184 0.006930 0.041964
-0.000222 -0.004600 -0.004708 -0.005292 -0.006748 -0.000882 -0.000900 -0.000623 -0.111959 -0.260673 -0.007737 -0.000563 -0.001564 -0.006586 -0.007719 0.138213 0.085676 0.117728 0.108149 -0.004036 0.008062 0.269465 0.356806 0.076032 0.125129 -0.000455 -0.000778 -0.000210 0.000280 0.000519 0.010125 0.037253 0.811729 1.498597 0.960667 1.459554 2.039629 3.271674 1.569315 0.164045 0.000197 0.145820 0.691616 0.567851 0.096172 0.092644 0.095132 0.000002 0.000046 0.000360 0.230473 1.182365 1.220890 1.828974 1.082332 0.028322 0.006613 0.000000
-0.003516 -0.003766 -0.036327 -0.030911 -0.030735 -0.028747 -0.007900 -0.001274 -0.160682 -0.292080 -0.007108 0.000395 0.001663 0.002859 0.001651 0.076472 0.087573 0.000614 0.000473 0.000016 0.034620 0.331076 0.035628 0.006646 0.009707 0.000244 -0.000929 -0.002706 -0.000433 0.000198 0.000005 0.020780 0.089609 1.371258 0.602957 0.982946 1.448456 3.561742 3.080509 1.096571 0.000398 0.217186 0.220232 0.135767 0.073199 0.066644 0.066500 -0.000746 -0.000999 0.204916 1.108199 1.751640 1.213166 1.771141 0.225189 0.000910 0.001209 0.009648
-0.002825 -0.017661 -0.023690 -0.161922 -0.179747 -0.073699 -0.084896 -0.038790 -0.235878 -0.340136 -0.004164 0.000480 -0.000342 0.001284 0.000213 0.000013 -0.000006 -0.000453 -0.000517 -0.114822 0.061794 0.056556 0.000000 0.000000 0.000000 -0.000182 -0.000376 -0.001183 -0.010007 -0.000921 0.009189 0.062697 0.072656 0.344264 0.008232 0.086300 1.622817 3.247942 3.561416 2.292706 0.195462 0.252274 0.245542 0.138887 0.003153 0.004434 0.001870 0.054949 0.079011 0.876358 1.181686 1.595033 0.926415 1.665057 0.270703 0.000515 0.000604 0.000342
-0.001851 -0.042542 -0.008594 -0.126401 -0.136536 -0.187817 -0.089793 -0.044332 -0.105602 -0.114492 0.000210 -0.001203 -0.003366 -0.002659 -0.001532 -0.058005 -0.016047 -0.002983 0.062923 -0.030923 0.035449 0.051846 -0.024259 -0.006465 -0.008877 -0.001167 0.003126 -0.014320 -0.025130 0.000226 0.006442 0.078765 0.203701 0.087954 0.005117 0.010887 0.252175 3.512079 4.296522 2.719246 0.464103 0.245200 0.236138 0.002139 0.005020 0.007231 0.002189 0.052771 0.099740 1.004515 1.266316 0.358057 0.342885 1.656958 0.315648 -0.000410 -0.001295 -0.000472
-0.019468 -0.004772 -0.102022 -0.115822 -0.119190 -0.101852 -0.027552 -0.026353 -0.070696 -0.075846 -0.000673 -0.002419 -0.003310 -0.002352 -0.177949 -0.045959 -0.012226 -0.000524 0.086418 0.001158 0.014994 0.027250 -0.015322 -0.101719 -0.089170 -0.007750 0.001324 -0.018187 0.003375 0.012572 0.006918 0.048723 0.150883 0.144101 0.000360 0.000360 0.000153 2.965955 3.725802 2.541479 0.647388 0.567052 0.211038 0.002121 0.002486 0.006795 0.000346 0.047309 0.117110 1.060962 1.180901 0.708826 0.742811 1.454878 0.302538 -0.000707 0.034823 0.021429
-0.037357 -0.022826 -0.672640 -0.285271 -0.251546 -0.064267 -0.038339 -0.038408 -0.023498 -0.152465 -0.009967 -0.018229 -0.007075 -0.012582 -0.230838 -0.019921 0.000684 0.002030 0.110225 0.023564 0.009314 0.001491 0.000597 -0.046099 -0.032596 -0.002554 -0.001782 -0.008187 0.005284 0.002968 0.003431 0.001957 0.001932 0.015630 -0.000360 -0.000360 -0.000192 2.150580 3.530446 3.039131 0.871318 0.610184 0.232802 0.001969 -0.002096 0.000180 -0.000180 0.000281 0.171857 0.941102 1.393297 0.878548 0.793437 1.620831 0.391281 -0.049775 0.031034 0.018859
-0.035455 -0.396536 -0.547597 -0.220475 -0.163067 -0.034711 -0.037045 -0.095259 -0.118294 -0.221046 -0.092251 -0.030729 -0.003228 -0.193651 -0.234521 -0.005194 -0.000053 0.002685 0.005575 0.005106 0.003401 0.000807 -0.000176 -0.040116 -0.037024 0.000000 -0.002133 0.043027 0.001139 -0.001541 -0.002730 -0.001741 -0.001565 0.000000 -0.009489 -0.005673 0.155991 1.969985 2.630651 2.713251 1.035599 0.744619 0.229367 0.091051 -0.001035 -0.000346 -0.021366 -0.001667 0.243185 0.783941 1.124467 0.755619 0.730963 1.583955 0.484970 0.027787 0.047070 0.036929
-0.013374 -0.331718 -0.703517 -0.219110 -0.001201 -0.019657 -0.026774 -0.032777 -0.454511 -0.088999 0.016814 0.021818 -0.001029 -0.216835 -0.199519 -0.002396 0.003132 0.001744 0.007768 0.005759 0.001685 -0.000875 -0.017855 -0.039535 -0.038403 -0.011519 -0.001050 0.001912 -0.003117 -0.003765 -0.019045 -0.078972 -0.078257 -0.003663 -0.020976 -0.332247 0.389433 2.492579 2.727889 3.081070 1.465441 1.043970 0.721940 0.483013 0.007718 -0.005948 -0.118154 0.043983 0.212800 0.723068 1.075333 0.600819 0.769187 1.640589 0.480760 0.071374 0.064665 0.060685
-0.006797 -0.360124 -0.928991 -0.000115 -0.002163 -0.010348 -0.011429 -0.355088 -0.403129 -0.188875 0.017365 0.023815 -0.067046 -0.207817 -0.492863 0.110139 0.033903 0.002389 0.182873 0.027706 -0.000249 -0.002811 -0.026410 -0.037604 -0.031489 -0.012012 -0.007252 0.000966 0.002110 -0.000429 -0.009268 -0.157324 -0.607277 -0.416806 -0.428951 0.150735 0.381684 1.673522 1.764228 1.981375 1.445690 1.139046 0.912196 0.840362 0.311800 -0.465114 0.007424 0.078643 0.393824 0.974579 1.022102 0.601599 0.600872 1.263834 0.497850 0.128237 0.175464 0.072021
-0.003101 -0.000138 -0.758704 -0.275341 -0.193619 -0.103731 -0.143096 -0.337882 -0.361373 0.002530 0.011559 0.004639 -0.067994 -0.172398 -0.033350 0.006087 0.009303 0.000934 0.031849 -0.003879 -0.002120 -0.000130 -0.032576 -0.028976 -0.021041 -0.007820 -0.005627 0.000006 0.000551 0.002215 -0.001289 -0.050485 -0.490975 -0.141759 -0.063054 0.195740 0.379841 1.529519 1.656987 1.040488 1.345870 1.154388 1.124488 1.306941 0.635070 -0.169213 0.209038 0.266687 0.539476 0.882747 0.964636 0.637829 0.493875 1.276843 0.492366 0.213024 0.102315 0.095667
-0.001136 -0.016835 -0.961886 -1.062744 -0.784090 -0.069213 -0.083543 -1.236285 -0.162970 -0.002057 0.000393 0.000569 -0.108349 -0.152524 0.000259 0.000640 0.000787 0.001006 0.000044 -0.004512 -0.002496 -0.026089 -0.017228 0.144159 0.000474 -0.165758 -0.003110 -0.001320 -0.001707 0.001631 0.001889 0.014003 -0.343494 -0.009860 0.117158 0.210598 0.409927 1.661622 1.456391 0.924543 0.274167 0.679376 1.017434 1.392177 0.849186 -0.031807 0.339060 0.391143 0.672801 0.862167 0.921590 0.463095 0.148834 0.885843 0.653989 0.467455 0.106298 0.082885
0.003380 -0.030266 -0.573301 -0.989166 -0.416688 -0.484738 -0.475933 -1.002579 -0.008078 -0.000009 -0.000331 -0.000247 -0.132534 -0.099320 0.000185 0.000378 0.000355 -0.000318 -0.000814 -0.009856 -0.039297 -0.073910 -0.006308 0.008154 0.027618 -0.139016 -0.109819 -0.019457 -0.018719 -0.002629 0.004940 0.016214 -0.279886 0.111132 0.217786 0.142462 0.264522 1.427070 1.226937 1.182431 0.287335 0.665070 0.593405 1.059590 0.840108 0.028168 0.342685 0.477221 0.636562 0.811821 0.852315 0.439463 0.231049 0.740218 0.543800 0.473290 0.213932 0.040732
0.012555 -0.096308 -0.857176 -0.861572 -0.570316 -0.508548 -0.460094 -0.693235 0.116036 -0.005612 -0.010201 -0.000554 -0.063369 -0.294791 -0.000083 -0.000419 -0.000569 -0.000760 -0.000890 -0.018342 -0.179352 -0.011286 -0.000920 0.000326 0.007213 0.000257 -0.247864 -0.110404 -0.033964 -0.043658 -0.007792 0.049606 0.051643 0.452898 0.430003 0.023165 0.312846 1.206482 1.237505 1.242141 0.720981 0.669915 0.783174 1.013526 0.604537 0.059620 0.356320 0.457599 0.637277 0.758900 0.785900 0.403769 0.210546 0.666887 0.534740 0.516285 0.331017 0.025120
