use_cases/Flooding_chicago/flooding_data/output/hUy_1080.asc
ncols 337
nrows 393
xllcorner 428428.000000
yllcorner 4602440.000000
cellsize 26.757400
NODATA_value -9999.000000
[rows 182 to 207 of 393, columns 174 to 231 of 337]
0.002378 0.001422 0.000441 -0.000046 -0.000012 0.007742 0.008170 0.410135 0.192215 1.088173 0.009593 -0.380823 0.700798 1.124926 0.004072 -0.006778 -0.006855 -0.026066 -0.017517 -0.003820 0.039098 0.552949 0.357383 0.848046 0.060726 0.031460 0.082471 0.446830 0.018036 0.036698 0.001315 -0.002045 -0.029322 -0.001706 -0.001622 -0.001316 0.366359 -0.004759 0.305306 0.337450 0.006691 -0.008335 -0.023757 -0.013843 -0.008059 -0.004801 -0.081286 -0.034117 -0.050640 -0.002511 -0.000087 -0.000001 -0.004817 0.877189 0.564042 0.463181 0.393885 0.010422
0.000505 0.017008 0.000852 -0.000748 -0.000881 0.038077 0.022122 0.719315 0.333407 1.472106 0.277158 -0.228141 1.074602 1.146396 0.048840 0.012996 -0.028989 -0.043906 -0.002153 0.549928 1.666920 0.777556 0.060610 0.027328 0.028442 0.011613 0.114541 0.222804 0.009879 0.019395 0.000412 -0.011069 -0.021482 -0.006859 -0.002196 -0.001854 0.189957 0.001797 0.025825 0.006387 0.000592 -0.002228 -0.050861 -0.011129 -0.006940 -0.003222 -0.079236 -0.025800 -0.077443 -0.041681 -0.016027 0.108727 1.020248 1.210225 0.125361 0.190785 0.031085 0.001071
-0.000161 0.005878 0.000608 0.020442 0.107865 0.144776 0.034848 0.065687 0.450455 1.588843 0.460532 0.007992 0.018766 0.011285 0.012165 0.019783 0.016443 0.004680 0.187376 0.324678 0.199664 0.111382 0.033580 0.019551 0.011993 0.009684 0.009378 0.174946 0.000721 0.001046 -0.000084 -0.002338 -0.096479 -0.003304 -0.034454 -0.004851 0.141316 0.000010 0.000360 0.000360 -0.000058 -0.001113 -0.054621 -0.042206 -0.057383 -0.030803 -0.084652 -0.026251 0.039909 0.052156 0.515330 0.270723 0.401981 0.377892 0.078321 0.160064 0.085282 0.000350
-0.002679 -0.000140 0.000083 0.004693 0.078348 0.068461 0.060122 0.007428 0.610086 2.014772 0.899191 0.000000 0.000009 0.000464 0.005350 0.016138 0.021779 0.056662 0.188930 0.228065 0.062885 0.088125 0.037182 0.003930 0.005252 0.002194 0.000081 0.228596 0.000051 0.000510 -0.000573 0.004439 0.013991 -0.073603 -0.141164 -0.099481 0.015036 -0.018771 -0.000360 -0.000360 -0.001001 -0.000444 -0.007094 -0.061156 -0.073100 -0.206363 -0.149678 0.019938 0.400661 0.419327 0.017250 0.013301 0.095239 0.113983 0.094090 0.557737 0.129121 -0.000066
-0.047604 -0.005209 -0.000282 -0.000006 0.073763 0.066075 0.015642 0.003502 0.048470 1.012307 1.459107 0.553320 -0.004109 -0.000067 0.000000 0.006078 0.016157 0.057020 0.110642 0.163281 0.031879 0.086523 0.027648 0.009907 0.009322 0.003109 -0.000314 0.205209 -0.000649 0.000657 -0.000006 0.050231 0.036206 0.034067 0.213386 0.052779 0.008752 -0.424585 -0.007605 -0.011412 -0.001949 -0.000653 -0.013379 -0.068164 -0.148950 -0.032925 -0.062530 0.042518 0.009598 0.016135 0.009138 0.007039 0.001042 0.000488 0.047123 0.433786 0.382686 -0.000141
-0.073742 -0.008284 -0.001021 0.002754 0.055725 0.032986 0.002884 0.000631 0.004763 0.012590 0.984205 2.264776 -0.016621 -0.011557 -0.006293 0.000345 0.010688 0.011068 0.070293 0.109084 0.089200 0.043445 0.012078 0.020307 0.013250 0.003070 -0.000518 0.145100 -0.010045 0.000153 0.000807 0.011784 0.008315 0.187276 0.026347 0.058364 0.021457 -0.410598 -0.228511 -0.236251 -0.068115 -0.038119 -0.033431 0.028972 -0.041960 -0.011660 -0.036991 0.000113 0.000118 0.000139 0.000222 0.000103 0.000765 0.000680 0.034108 0.227135 0.398682 0.027191
-0.079519 -0.010566 -0.001582 0.002686 0.002029 0.000634 -0.000023 -0.000029 0.008236 0.009742 0.929021 0.850962 0.577682 -0.026098 -0.016356 -0.000273 0.000958 0.002652 0.015866 0.055769 0.080619 0.026672 0.040502 0.051799 0.036172 0.004535 -0.000781 0.072748 -0.011266 -0.000080 0.000148 0.000222 0.002632 0.070918 0.033482 0.017760 0.001864 0.001000 -0.088009 -0.279214 -0.188366 -0.172233 -0.030809 0.261581 0.001758 0.039220 -0.371960 -0.000086 -0.000021 -0.000140 -0.000222 -0.000103 0.000139 0.000076 0.000322 0.053960 0.361481 0.346334
-0.020974 -0.002442 -0.001182 -0.001322 -0.000685 -0.000363 -0.000362 -0.000368 0.018452 0.015708 0.634836 0.724067 0.760419 -0.019179 -0.016347 -0.001014 -0.000177 0.003632 0.000549 0.078525 0.007727 0.009703 0.029768 0.043609 0.011042 0.001008 -0.132276 0.044579 0.023146 -0.000160 -0.000248 -0.000222 0.008926 0.051742 0.001884 0.001297 0.000467 0.001821 0.001126 -0.195697 -0.106793 -0.188226 -0.039614 0.062054 -0.147367 0.169668 -0.063124 -0.000802 -0.001065 -0.011482 -0.014187 -0.007732 -0.000483 -0.000088 0.000627 0.038355 0.319864 0.322408
-0.006288 -0.001018 -0.017336 -0.003711 -0.002018 -0.014961 -0.006949 0.006394 0.029186 0.018562 0.417661 0.854256 0.743186 0.253501 -0.020746 -0.000553 -0.000738 0.000013 0.000402 0.035437 0.000251 0.000517 0.005758 0.020358 0.010024 0.001064 -0.085127 0.036989 0.022204 -0.139883 0.000078 -0.000015 0.002031 0.020866 0.010842 0.003218 0.000821 0.003144 0.001945 -0.073860 -0.055443 -0.087621 0.075648 -0.170774 -0.653305 0.171549 0.364652 -0.000926 -0.005241 -0.022209 -0.381045 -0.201706 -0.012114 -0.004161 -0.000840 0.170221 0.381537 0.281912
-0.004952 -0.009314 -0.061632 -0.012520 -0.019779 -0.041290 -0.019906 0.006481 0.012962 0.000469 0.347428 0.768324 0.570257 0.447533 0.031037 0.003081 0.000501 -0.000724 -0.000434 -0.000010 -0.000126 -0.000068 0.000003 0.000208 0.000106 0.000083 -0.055406 -0.073171 -0.159565 -0.070854 0.000825 0.000476 0.001171 0.007086 0.006648 0.019631 0.011175 0.025183 0.017904 -0.022049 -0.065712 -0.052015 0.229939 -0.199376 -0.434454 -0.123586 0.221218 -0.089138 -0.494979 -0.556047 0.326968 0.592394 0.040303 0.005300 0.107760 0.233260 0.026142 0.007236
-0.001009 -0.042850 -0.026358 -0.006657 -0.002800 -0.002597 0.013862 -0.000925 -0.050946 -0.357445 0.457926 0.757287 0.424380 0.015796 0.019056 0.006567 0.004122 -0.001723 -0.003413 -0.009513 -0.023214 -0.000867 -0.007254 -0.000326 -0.000121 -0.000087 -0.088448 -0.210560 -0.059949 0.016849 0.001258 0.000424 0.000000 0.000007 0.000352 0.007760 0.004261 0.007058 0.003665 -0.005652 -0.022845 -0.086754 0.178277 0.000222 0.086531 -0.030712 -0.010341 -0.081738 -0.130325 -0.502656 0.439036 0.621714 0.000886 0.000811 0.028356 0.023317 0.012570 0.000838
-0.000448 -0.005959 -0.234279 -0.005104 0.015910 0.030781 0.004475 0.006389 0.956056 -0.274970 0.351869 0.516347 0.328889 0.000529 0.006923 0.026432 0.012602 0.005431 -0.001701 -0.076178 -0.020383 -0.001230 -0.015907 -0.011372 -0.008069 -0.007198 -0.084689 -0.223989 0.000367 0.007712 -0.000288 -0.002101 -0.016418 -0.007847 -0.000352 -0.000007 -0.000000 0.000100 0.000002 -0.001461 -0.003250 -0.030482 -0.002504 -0.000222 0.283310 0.387913 -0.091948 -0.058503 0.118011 -0.203644 0.337670 0.577810 0.000847 0.000450 0.000034 0.000646 0.000178 -0.000919
-9999.000000 -0.012950 -0.012040 -0.006977 0.000000 0.004685 0.003174 0.080019 1.123648 0.054276 0.276383 0.585343 0.344207 -0.001601 0.004440 0.008895 0.020337 0.015514 -0.000345 -0.028151 -0.160283 -0.010779 -0.017538 -0.017018 -0.020062 -0.008077 -0.339726 -0.085661 -0.000105 0.000000 -0.000490 -0.030815 -0.061488 -0.019065 -0.006462 -0.006063 -0.008704 -0.000220 -0.005814 -0.000302 0.006090 0.010490 -0.078027 -0.017427 0.337597 0.007845 0.007997 0.097057 0.194478 -0.176594 0.321374 0.504121 0.114985 0.319458 0.096297 0.000232 -0.000582 -0.001457
-9999.000000 -9999.000000 -0.010476 -0.003551 0.001200 0.018447 0.011586 0.059780 0.029982 0.061711 0.008412 0.440122 0.475245 -0.001888 0.001004 0.010154 0.026195 0.021972 0.001053 0.000910 -0.138025 -0.118508 -0.081651 -0.045950 -0.066361 -0.020153 -0.703170 -0.017578 -0.009928 -0.003663 -0.009249 -0.066967 -0.076736 -0.042022 -0.012282 -0.013361 -0.023106 -0.007532 -0.012980 -0.001109 0.012764 0.011821 0.002230 -0.007846 0.320530 0.000388 0.000781 0.000588 0.012574 -0.011545 0.216522 0.622396 0.389400 0.568820 0.627786 0.123908 -0.009212 -0.008660
-9999.000000 -9999.000000 -9999.000000 -0.000051 0.003198 0.046728 0.025646 0.025135 0.010949 0.000931 0.003384 0.445584 0.417127 -0.000885 -0.000546 0.000427 0.027732 0.023006 0.001415 0.000746 -0.080560 -0.066724 -0.034698 -0.085754 -0.013995 -0.002003 -0.956923 -0.030647 -0.021591 -0.010332 -0.015725 -0.073704 -0.108836 -0.062414 -0.011421 -0.032927 -0.026346 -0.030517 -0.001563 -0.000866 0.007835 0.000222 -0.001389 -0.000095 0.335150 -0.000368 -0.000724 -0.000404 -0.000015 0.000416 0.043732 0.301693 0.384986 0.712209 0.802068 0.679852 -0.379699 -0.405805
-9999.000000 -9999.000000 -9999.000000 0.000039 0.001280 0.022552 0.059907 0.001742 0.000065 0.000641 0.011543 0.721367 0.704968 0.009591 -0.000613 -0.000091 0.000400 0.000740 0.000034 -0.000327 0.000130 -0.040391 -0.025327 -0.031048 -0.006050 -0.002752 -0.689243 -0.375309 -0.028650 -0.020587 -0.023358 -0.021347 -0.197452 -0.016877 -0.020865 -0.053923 -0.030128 -0.043120 -0.008488 -0.010295 -0.024449 -0.000222 0.000376 0.261256 0.629414 -0.254371 -0.400436 -0.484113 -0.009857 0.000610 0.000293 0.176640 0.404218 0.796407 0.991052 0.934509 0.144205 0.122348
-9999.000000 -9999.000000 -9999.000000 -9999.000000 0.002134 0.013498 0.015242 0.001775 0.000088 0.000581 0.023598 0.125500 1.368764 0.076957 -0.000533 -0.011672 -0.000679 -0.001041 -0.001659 -0.000939 -0.000226 -0.016248 -0.014185 -0.017241 -0.003874 -0.003146 -0.534036 -0.371217 -0.027786 -0.032777 -0.004471 -0.008143 -0.193285 -0.086803 -0.014923 -0.055036 -0.023452 -0.035188 -0.018662 -0.013244 -0.028102 -0.032167 0.137680 0.298134 0.689802 0.475429 0.074151 -0.139181 -0.311464 -0.118413 -0.099610 0.189776 0.639960 1.019564 1.144508 1.096049 0.278229 0.273555
-9999.000000 -9999.000000 -9999.000000 -9999.000000 0.001944 0.000771 0.006417 0.001296 0.000409 0.000147 0.081890 0.133008 0.111166 0.067103 -0.001185 -0.028504 -0.008547 -0.013004 -0.009957 -0.032417 -0.019562 -0.008191 -0.054652 -0.012588 -0.003919 -0.001790 -0.278338 -0.854159 -0.055235 -0.042323 -0.009536 -0.004235 -0.092369 -0.057919 -0.051116 -0.074193 -0.037203 -0.069762 -0.009320 -0.009239 0.015351 -0.096931 0.495842 0.732035 1.185219 0.791414 0.204998 -0.002458 -0.202634 -0.106768 -0.054208 0.395243 0.833623 0.679769 1.335381 1.069441 0.351932 0.392842
-9999.000000 -9999.000000 -9999.000000 -9999.000000 -0.000011 -0.000270 0.000000 0.000144 0.000181 0.000550 0.117449 0.192579 0.001306 0.006384 0.000073 -0.068479 -0.017429 -0.027044 -0.018450 -0.076022 -0.016644 -0.040169 -0.076071 -0.023415 -0.029162 -0.014849 -0.342198 -0.612821 -0.307197 -0.038529 -0.037267 -0.042618 -0.102529 -0.083018 -0.065242 -0.089141 -0.043866 -0.128533 -0.060532 -0.010435 0.073232 0.351851 0.787903 0.854531 1.568086 0.886269 0.398927 0.098834 0.009533 -0.155366 -0.079124 0.480423 0.949765 0.627183 0.757802 0.682437 0.457762 0.602853
-9999.000000 -9999.000000 -9999.000000 -9999.000000 -9999.000000 -0.012355 -0.004217 -0.000250 0.000256 0.000388 0.046377 0.075625 0.000678 0.000760 0.000366 -0.092555 -0.170548 -0.099296 -0.188200 -0.168451 -0.022262 -0.054341 -0.056485 -0.045161 -0.048787 -0.027529 -0.598532 -0.943697 -0.131388 -0.096005 -0.065000 -0.046207 -0.192094 -0.119226 -0.163167 -0.095798 -0.877966 -0.119452 0.046174 0.188442 0.710389 0.852186 0.971908 1.144112 1.711199 1.049581 0.421625 0.105423 0.024475 0.114431 -0.129437 0.317238 0.702083 0.499184 0.703005 0.461584 0.011403 0.007142
-9999.000000 -9999.000000 -9999.000000 -9999.000000 0.000565 -0.020071 -0.007918 -0.006429 -0.000346 0.000303 0.056452 0.099805 0.000410 0.001111 0.000121 0.000103 -0.030932 -0.025506 -0.053252 -0.098990 -0.261373 -0.250100 -0.028656 -0.046386 -0.053268 0.000562 -0.441255 -0.707486 -0.290020 -0.249197 -0.299203 -0.212452 -0.487344 -0.091463 -0.318659 -0.143039 0.082871 0.293023 0.294277 0.295880 1.211110 1.504411 1.127248 1.513509 1.906154 0.896504 0.594335 0.060867 -0.003861 0.118738 -0.239417 0.139406 0.430382 0.304950 0.444263 0.006953 0.000870 0.001378
-9999.000000 -9999.000000 -9999.000000 -9999.000000 -0.003526 -0.065825 -0.017155 -0.005676 -0.001515 -0.000546 0.039989 0.077366 -0.000083 0.000000 -0.000113 -0.000103 0.003591 0.000222 0.000562 -0.023799 -0.098655 -0.371890 -0.401942 -0.153939 -0.025537 -0.014146 -0.362320 -0.487328 -0.211832 0.842560 0.473617 0.414029 0.415585 0.326778 0.026693 0.091220 0.246775 0.242720 0.177718 0.566466 1.287842 1.223119 1.631999 1.290570 1.473192 0.691151 0.397980 0.037771 -0.038599 0.047064 -0.396443 0.278308 0.559983 -0.105458 0.009274 0.000193 0.000137 0.000844
-9999.000000 -9999.000000 -9999.000000 -9999.000000 0.000771 -0.009520 -0.106980 -0.003227 -0.001589 -0.000735 0.032255 0.029171 -0.015256 -0.003663 -0.005468 -0.057868 -0.036782 -0.000222 0.001494 -0.004080 0.347139 0.014416 -0.104724 -0.048378 -0.078612 -0.176081 -0.258586 -0.453805 0.580143 1.128080 0.652312 1.487214 1.119048 0.483922 0.074567 0.203525 0.364192 0.418236 0.134759 0.560995 1.014642 1.061846 0.985369 1.121275 0.517760 0.132898 0.065027 0.092977 -0.016843 0.161316 -0.518199 0.623929 0.676041 -0.135272 -0.000003 -0.000213 -0.000783 -0.001410
-9999.000000 -9999.000000 -9999.000000 0.000013 0.000308 0.000295 -0.065920 -0.001553 -0.001191 0.013676 0.134060 -0.003594 0.074251 -0.055911 -0.103829 -0.122034 -0.047276 -0.021506 -0.002669 0.079103 0.700323 0.104476 0.000801 0.000458 -0.083842 -0.104783 -0.183925 -0.080605 2.142457 1.502726 0.952282 0.935436 1.180553 0.501099 0.079883 0.360613 0.513407 0.665423 0.633219 0.514123 0.975761 0.621344 0.422610 0.532984 0.510692 0.058294 0.020933 0.232913 0.220687 0.428058 -0.390054 0.009442 0.012073 0.000754 -0.022449 -0.011388 -0.025300 -0.028609
-9999.000000 -9999.000000 -9999.000000 -0.009021 -0.000832 -0.000447 -0.041670 -0.027636 -0.012587 0.029882 0.112794 0.102368 0.003663 -0.015539 -0.030284 -0.032939 -0.233725 -0.020763 -0.041438 0.129338 0.261160 0.000000 -0.000234 -0.000279 -0.026694 -0.220864 0.166683 0.864101 1.742011 1.867697 0.452306 0.213283 1.000478 0.617760 0.104005 0.587086 0.719472 0.962909 0.606188 0.482839 0.008433 0.012974 0.003465 0.524082 0.764715 0.081159 0.011907 0.021166 0.024464 0.016482 0.000005 0.000208 0.000003 -0.000077 -0.004811 -0.623425 -0.961673 -0.390569
-9999.000000 -9999.000000 -9999.000000 -0.024986 -0.000667 0.003598 0.020389 -0.135871 -0.214951 0.004074 0.000044 0.000000 0.000000 0.000000 0.000000 -0.013911 -0.017071 -0.012385 -0.034372 0.029295 0.014414 0.005496 -0.022440 0.072759 0.154051 0.538649 0.672670 1.070707 1.641012 0.567720 0.028020 0.012024 0.151504 0.134512 0.272285 0.715022 0.966035 1.305429 1.235470 0.009297 0.000008 0.000427 0.001277 0.477238 1.148158 0.193590 0.010860 0.027892 0.027155 0.028870 0.003166 -0.000326 -0.005981 -0.013065 0.106035 0.099984 -0.749677 -0.070728
